#,Wave/freq,Total,N2,H2O,Rayleigh,CIA
4.000000000e-01,9.05561e-01,9.99999e-01,9.99988e-01,9.05571e-01,9.99999e-01
4.020000000e-01,9.07343e-01,9.99999e-01,9.99992e-01,9.07349e-01,9.99999e-01
4.040100000e-01,9.09091e-01,9.99999e-01,9.99996e-01,9.09093e-01,9.99999e-01
4.060300500e-01,9.10806e-01,9.99999e-01,9.99998e-01,9.10806e-01,9.99999e-01
4.080602003e-01,9.12488e-01,9.99999e-01,9.99999e-01,9.12489e-01,9.99999e-01
4.101005013e-01,9.14141e-01,9.99999e-01,9.99999e-01,9.14141e-01,9.99999e-01
4.121510038e-01,9.15763e-01,9.99999e-01,9.99999e-01,9.15763e-01,9.99999e-01
4.142117588e-01,9.17353e-01,9.99999e-01,9.99996e-01,9.17356e-01,9.99999e-01
4.162828176e-01,9.18908e-01,9.99999e-01,9.99985e-01,9.18921e-01,9.99999e-01
4.183642317e-01,9.20449e-01,9.99999e-01,9.99991e-01,9.20457e-01,9.99999e-01
4.204560528e-01,9.21960e-01,9.99999e-01,9.99994e-01,9.21965e-01,9.99999e-01
4.225583331e-01,9.23444e-01,9.99999e-01,9.99997e-01,9.23446e-01,9.99999e-01
4.246711247e-01,9.24898e-01,9.99999e-01,9.99997e-01,9.24899e-01,9.99999e-01
4.267944804e-01,9.26325e-01,9.99999e-01,9.99997e-01,9.26327e-01,9.99999e-01
4.289284528e-01,9.27727e-01,9.99999e-01,9.99997e-01,9.27728e-01,9.99999e-01
4.310730950e-01,9.29103e-01,9.99999e-01,9.99998e-01,9.29104e-01,9.99999e-01
4.332284605e-01,9.30454e-01,9.99999e-01,9.99999e-01,9.30454e-01,9.99999e-01
4.353946028e-01,9.31780e-01,9.99999e-01,9.99999e-01,9.31780e-01,9.99999e-01
4.375715758e-01,9.33080e-01,9.99999e-01,9.99998e-01,9.33081e-01,9.99999e-01
4.397594337e-01,9.34347e-01,9.99999e-01,9.99987e-01,9.34359e-01,9.99999e-01
4.419582309e-01,9.35555e-01,9.99999e-01,9.99937e-01,9.35613e-01,9.99999e-01
4.441680220e-01,9.36798e-01,9.99999e-01,9.99951e-01,9.36843e-01,9.99999e-01
4.463888621e-01,9.38004e-01,9.99999e-01,9.99949e-01,9.38051e-01,9.99999e-01
4.486208064e-01,9.39208e-01,9.99999e-01,9.99968e-01,9.39237e-01,9.99999e-01
4.508639105e-01,9.40387e-01,9.99999e-01,9.99984e-01,9.40401e-01,9.99999e-01
4.531182300e-01,9.41537e-01,9.99999e-01,9.99993e-01,9.41543e-01,9.99999e-01
4.553838212e-01,9.42660e-01,9.99999e-01,9.99995e-01,9.42664e-01,9.99999e-01
4.576607403e-01,9.43762e-01,9.99999e-01,9.99997e-01,9.43764e-01,9.99999e-01
4.599490440e-01,9.44842e-01,9.99999e-01,9.99998e-01,9.44843e-01,9.99999e-01
4.622487892e-01,9.45903e-01,9.99999e-01,9.99999e-01,9.45903e-01,9.99999e-01
4.645600332e-01,9.46942e-01,9.99999e-01,9.99998e-01,9.46942e-01,9.99999e-01
4.668828333e-01,9.47949e-01,9.99999e-01,9.99984e-01,9.47963e-01,9.99999e-01
4.692172475e-01,9.48934e-01,9.99999e-01,9.99968e-01,9.48964e-01,9.99999e-01
4.715633337e-01,9.49927e-01,9.99999e-01,9.99978e-01,9.49946e-01,9.99999e-01
4.739211504e-01,9.50892e-01,9.99999e-01,9.99979e-01,9.50910e-01,9.99999e-01
4.762907561e-01,9.51846e-01,9.99999e-01,9.99989e-01,9.51856e-01,9.99999e-01
4.786722099e-01,9.52780e-01,9.99999e-01,9.99995e-01,9.52784e-01,9.99999e-01
4.810655710e-01,9.53694e-01,9.99999e-01,9.99998e-01,9.53695e-01,9.99999e-01
4.834708988e-01,9.54577e-01,9.99999e-01,9.99987e-01,9.54588e-01,9.99999e-01
4.858882533e-01,9.55444e-01,9.99999e-01,9.99977e-01,9.55465e-01,9.99999e-01
4.883176946e-01,9.56307e-01,9.99999e-01,9.99980e-01,9.56325e-01,9.99999e-01
4.907592831e-01,9.57153e-01,9.99999e-01,9.99982e-01,9.57169e-01,9.99999e-01
4.932130795e-01,9.57986e-01,9.99999e-01,9.99987e-01,9.57997e-01,9.99999e-01
4.956791449e-01,9.58803e-01,9.99999e-01,9.99993e-01,9.58810e-01,9.99999e-01
4.981575406e-01,9.59576e-01,9.99999e-01,9.99967e-01,9.59606e-01,9.99999e-01
5.006483283e-01,9.60309e-01,9.99999e-01,9.99917e-01,9.60388e-01,9.99998e-01
5.031515699e-01,9.60751e-01,9.99999e-01,9.99583e-01,9.61155e-01,9.99995e-01
5.056673278e-01,9.61692e-01,9.99999e-01,9.99780e-01,9.61908e-01,9.99994e-01
5.081956644e-01,9.62377e-01,9.99999e-01,9.99722e-01,9.62646e-01,9.99996e-01
5.107366428e-01,9.63190e-01,9.99999e-01,9.99812e-01,9.63370e-01,9.99998e-01
5.132903260e-01,9.63977e-01,9.99999e-01,9.99892e-01,9.64080e-01,9.99999e-01
5.158567776e-01,9.64734e-01,9.99999e-01,9.99954e-01,9.64777e-01,9.99999e-01
5.184360615e-01,9.65443e-01,9.99999e-01,9.99981e-01,9.65461e-01,9.99999e-01
5.210282418e-01,9.66125e-01,9.99999e-01,9.99992e-01,9.66131e-01,9.99999e-01
5.236333830e-01,9.66763e-01,9.99999e-01,9.99972e-01,9.66789e-01,9.99999e-01
5.262515499e-01,9.67418e-01,9.99999e-01,9.99982e-01,9.67434e-01,9.99999e-01
5.288828077e-01,9.68052e-01,9.99999e-01,9.99983e-01,9.68067e-01,9.99999e-01
5.315272217e-01,9.68675e-01,9.99999e-01,9.99985e-01,9.68688e-01,9.99999e-01
5.341848578e-01,9.69288e-01,9.99999e-01,9.99990e-01,9.69297e-01,9.99999e-01
5.368557821e-01,9.69863e-01,9.99999e-01,9.99967e-01,9.69894e-01,9.99999e-01
5.395400610e-01,9.70368e-01,9.99999e-01,9.99885e-01,9.70480e-01,9.99998e-01
5.422377613e-01,9.70909e-01,9.99999e-01,9.99852e-01,9.71054e-01,9.99996e-01
5.449489501e-01,9.71482e-01,9.99999e-01,9.99862e-01,9.71618e-01,9.99996e-01
5.476736949e-01,9.72051e-01,9.99999e-01,9.99878e-01,9.72171e-01,9.99998e-01
5.504120634e-01,9.72627e-01,9.99999e-01,9.99911e-01,9.72713e-01,9.99999e-01
5.531641237e-01,9.73201e-01,9.99999e-01,9.99955e-01,9.73244e-01,9.99999e-01
5.559299443e-01,9.73745e-01,9.99999e-01,9.99978e-01,9.73766e-01,9.99999e-01
5.587095940e-01,9.74264e-01,9.99999e-01,9.99986e-01,9.74277e-01,9.99999e-01
5.615031420e-01,9.74764e-01,9.99999e-01,9.99984e-01,9.74779e-01,9.99999e-01
5.643106577e-01,9.75254e-01,9.99999e-01,9.99982e-01,9.75271e-01,9.99999e-01
5.671322110e-01,9.75550e-01,9.99999e-01,9.99792e-01,9.75753e-01,9.99997e-01
5.699678720e-01,9.76008e-01,9.99999e-01,9.99781e-01,9.76226e-01,9.99993e-01
5.728177114e-01,9.76463e-01,9.99999e-01,9.99771e-01,9.76691e-01,9.99994e-01
5.756818000e-01,9.76939e-01,9.99999e-01,9.99790e-01,9.77146e-01,9.99996e-01
5.785602090e-01,9.77413e-01,9.99999e-01,9.99817e-01,9.77592e-01,9.99998e-01
5.814530100e-01,9.77850e-01,9.99999e-01,9.99816e-01,9.78030e-01,9.99999e-01
5.843602750e-01,9.78244e-01,9.99999e-01,9.99780e-01,9.78459e-01,9.99998e-01
5.872820764e-01,9.77020e-01,9.99999e-01,9.98113e-01,9.78880e-01,9.99986e-01
5.902184868e-01,9.77026e-01,9.99999e-01,9.97720e-01,9.79293e-01,9.99963e-01
5.931695792e-01,9.78085e-01,9.99999e-01,9.98387e-01,9.79697e-01,9.99964e-01
5.961354271e-01,9.78345e-01,9.99999e-01,9.98234e-01,9.80094e-01,9.99979e-01
5.991161043e-01,9.79216e-01,9.99999e-01,9.98712e-01,9.80484e-01,9.99993e-01
6.021116848e-01,9.80149e-01,9.99999e-01,9.99269e-01,9.80866e-01,9.99998e-01
6.051222432e-01,9.80878e-01,9.99999e-01,9.99630e-01,9.81240e-01,9.99999e-01
6.081478544e-01,9.81451e-01,9.99999e-01,9.99840e-01,9.81607e-01,9.99999e-01
6.111885937e-01,9.81901e-01,9.99999e-01,9.99932e-01,9.81967e-01,9.99999e-01
6.142445367e-01,9.82290e-01,9.99999e-01,9.99969e-01,9.82320e-01,9.99999e-01
6.173157594e-01,9.82650e-01,9.99999e-01,9.99982e-01,9.82666e-01,9.99999e-01
6.204023382e-01,9.82992e-01,9.99999e-01,9.99985e-01,9.83006e-01,9.99999e-01
6.235043498e-01,9.83277e-01,9.99999e-01,9.99937e-01,9.83338e-01,9.99999e-01
6.266218716e-01,9.83340e-01,9.99999e-01,9.99671e-01,9.83665e-01,9.99997e-01
6.297549810e-01,9.83862e-01,9.99999e-01,9.99879e-01,9.83985e-01,9.99994e-01
6.329037559e-01,9.84061e-01,9.99999e-01,9.99762e-01,9.84299e-01,9.99995e-01
6.360682746e-01,9.84405e-01,9.99999e-01,9.99797e-01,9.84606e-01,9.99997e-01
6.392486160e-01,9.84649e-01,9.99999e-01,9.99737e-01,9.84908e-01,9.99998e-01
6.424448591e-01,9.84856e-01,9.99999e-01,9.99647e-01,9.85204e-01,9.99997e-01
6.456570834e-01,9.83875e-01,9.99999e-01,9.98365e-01,9.85494e-01,9.99990e-01
6.488853688e-01,9.84578e-01,9.99999e-01,9.98806e-01,9.85779e-01,9.99974e-01
6.521297956e-01,9.84838e-01,9.99999e-01,9.98783e-01,9.86058e-01,9.99978e-01
6.553904446e-01,9.85121e-01,9.99999e-01,9.98788e-01,9.86331e-01,9.99983e-01
6.586673968e-01,9.85572e-01,9.99999e-01,9.98963e-01,9.86599e-01,9.99994e-01
6.619607338e-01,9.86291e-01,9.99999e-01,9.99422e-01,9.86862e-01,9.99998e-01
6.652705375e-01,9.86777e-01,9.99999e-01,9.99653e-01,9.87120e-01,9.99998e-01
6.685968902e-01,9.87214e-01,9.99999e-01,9.99838e-01,9.87373e-01,9.99999e-01
6.719398746e-01,9.87547e-01,9.99999e-01,9.99925e-01,9.87621e-01,9.99999e-01
6.752995740e-01,9.87824e-01,9.99999e-01,9.99959e-01,9.87864e-01,9.99999e-01
6.786760719e-01,9.88044e-01,9.99999e-01,9.99941e-01,9.88102e-01,9.99999e-01
6.820694522e-01,9.88236e-01,9.99999e-01,9.99899e-01,9.88335e-01,9.99998e-01
6.854797995e-01,9.88436e-01,9.99999e-01,9.99870e-01,9.88565e-01,9.99998e-01
6.889071985e-01,9.88476e-01,9.99999e-01,9.99685e-01,9.88789e-01,9.99996e-01
6.923517345e-01,9.83931e-01,9.99999e-01,9.94889e-01,9.89009e-01,9.99975e-01
6.958134932e-01,9.86557e-01,9.99999e-01,9.97355e-01,9.89225e-01,9.99945e-01
6.992925606e-01,9.86890e-01,9.99999e-01,9.97474e-01,9.89437e-01,9.99950e-01
7.027890234e-01,9.86529e-01,9.99999e-01,9.96889e-01,9.89644e-01,9.99962e-01
7.063029686e-01,9.87241e-01,9.99999e-01,9.97384e-01,9.89848e-01,9.99980e-01
7.098344834e-01,9.87552e-01,9.99999e-01,9.97490e-01,9.90047e-01,9.99988e-01
7.133836558e-01,9.86897e-01,9.99999e-01,9.96641e-01,9.90243e-01,9.99977e-01
7.169505741e-01,9.63751e-01,9.99999e-01,9.73225e-01,9.90435e-01,9.99828e-01
7.205353270e-01,9.77347e-01,9.99999e-01,9.86896e-01,9.90623e-01,9.99697e-01
7.241380036e-01,9.74024e-01,9.99999e-01,9.83317e-01,9.90807e-01,9.99738e-01
7.277586936e-01,9.75853e-01,9.99999e-01,9.84937e-01,9.90988e-01,9.99786e-01
7.313974871e-01,9.75245e-01,9.99999e-01,9.84036e-01,9.91165e-01,9.99899e-01
7.350544745e-01,9.82634e-01,9.99999e-01,9.91253e-01,9.91339e-01,9.99964e-01
7.387297469e-01,9.85111e-01,9.99999e-01,9.93562e-01,9.91509e-01,9.99983e-01
7.424233956e-01,9.88549e-01,9.99999e-01,9.96849e-01,9.91676e-01,9.99996e-01
7.461355126e-01,9.89945e-01,9.99999e-01,9.98089e-01,9.91840e-01,9.99998e-01
7.498661902e-01,9.91119e-01,9.99999e-01,9.99110e-01,9.92000e-01,9.99999e-01
7.536155211e-01,9.91725e-01,9.99999e-01,9.99563e-01,9.92158e-01,9.99999e-01
7.573835987e-01,9.92089e-01,9.99999e-01,9.99775e-01,9.92312e-01,9.99999e-01
7.611705167e-01,9.92325e-01,9.99999e-01,9.99860e-01,9.92463e-01,9.99999e-01
7.649763693e-01,9.92525e-01,9.99999e-01,9.99912e-01,9.92612e-01,9.99999e-01
7.688012511e-01,9.92697e-01,9.99999e-01,9.99938e-01,9.92757e-01,9.99999e-01
7.726452574e-01,9.92850e-01,9.99999e-01,9.99949e-01,9.92900e-01,9.99999e-01
7.765084837e-01,9.92968e-01,9.99999e-01,9.99928e-01,9.93039e-01,9.99999e-01
7.803910261e-01,9.92869e-01,9.99999e-01,9.99690e-01,9.93176e-01,9.99999e-01
7.842929812e-01,9.92238e-01,9.99999e-01,9.98921e-01,9.93311e-01,9.99997e-01
7.882144461e-01,9.91226e-01,9.99999e-01,9.97783e-01,9.93442e-01,9.99984e-01
7.921555184e-01,9.92339e-01,9.99999e-01,9.98785e-01,9.93571e-01,9.99973e-01
7.961162960e-01,9.91535e-01,9.99999e-01,9.97847e-01,9.93698e-01,9.99974e-01
8.000968774e-01,9.91330e-01,9.99999e-01,9.97518e-01,9.93822e-01,9.99972e-01
8.040973618e-01,9.91456e-01,9.99999e-01,9.97517e-01,9.93944e-01,9.99979e-01
8.081178486e-01,9.88471e-01,9.99999e-01,9.94394e-01,9.94063e-01,9.99978e-01
8.121584379e-01,9.71032e-01,9.99999e-01,9.76792e-01,9.94180e-01,9.99921e-01
8.162192301e-01,9.66728e-01,9.99999e-01,9.72561e-01,9.94294e-01,9.99705e-01
8.203003262e-01,9.80248e-01,9.99999e-01,9.86100e-01,9.94407e-01,9.99655e-01
8.244018279e-01,9.75076e-01,9.99999e-01,9.80719e-01,9.94517e-01,9.99725e-01
8.285238370e-01,9.78039e-01,9.99999e-01,9.83535e-01,9.94625e-01,9.99784e-01
8.326664562e-01,9.78100e-01,9.99999e-01,9.83368e-01,9.94731e-01,9.99910e-01
8.368297885e-01,9.82997e-01,9.99999e-01,9.88120e-01,9.94835e-01,9.99979e-01
8.410139374e-01,9.87892e-01,9.99999e-01,9.92931e-01,9.94936e-01,9.99987e-01
8.452190071e-01,9.91578e-01,9.99999e-01,9.96531e-01,9.95036e-01,9.99992e-01
8.494451021e-01,9.93123e-01,9.99999e-01,9.97984e-01,9.95134e-01,9.99993e-01
8.536923276e-01,9.94042e-01,9.99999e-01,9.98809e-01,9.95230e-01,9.99996e-01
8.579607893e-01,9.94593e-01,9.99999e-01,9.99265e-01,9.95324e-01,9.99998e-01
8.622505932e-01,9.94952e-01,9.99999e-01,9.99533e-01,9.95416e-01,9.99999e-01
8.665618462e-01,9.95219e-01,9.99999e-01,9.99711e-01,9.95506e-01,9.99999e-01
8.708946554e-01,9.95266e-01,9.99999e-01,9.99669e-01,9.95595e-01,9.99999e-01
8.752491287e-01,9.95241e-01,9.99999e-01,9.99557e-01,9.95682e-01,9.99999e-01
8.796253743e-01,9.95155e-01,9.99999e-01,9.99386e-01,9.95767e-01,9.99998e-01
8.840235012e-01,9.95149e-01,9.99999e-01,9.99299e-01,9.95850e-01,9.99995e-01
8.884436187e-01,9.93363e-01,9.99999e-01,9.97432e-01,9.95932e-01,9.99987e-01
8.928858368e-01,9.69311e-01,9.99999e-01,9.73259e-01,9.96012e-01,9.99929e-01
8.973502660e-01,9.49160e-01,9.99999e-01,9.53225e-01,9.96091e-01,9.99641e-01
9.018370173e-01,9.71605e-01,9.99999e-01,9.75891e-01,9.96168e-01,9.99437e-01
9.063462024e-01,9.74526e-01,9.99999e-01,9.78684e-01,9.96243e-01,9.99505e-01
9.108779334e-01,9.62937e-01,9.99999e-01,9.66991e-01,9.96317e-01,9.99486e-01
9.154323231e-01,9.58760e-01,9.99999e-01,9.62641e-01,9.96390e-01,9.99575e-01
9.200094847e-01,9.66955e-01,9.99999e-01,9.70619e-01,9.96461e-01,9.99762e-01
9.246095321e-01,9.50157e-01,9.99999e-01,9.53725e-01,9.96531e-01,9.99725e-01
9.292325798e-01,7.24007e-01,9.99999e-01,7.27253e-01,9.96599e-01,9.98932e-01
9.338787427e-01,6.57787e-01,9.99999e-01,6.62905e-01,9.96666e-01,9.95597e-01
9.385481364e-01,8.40514e-01,9.99999e-01,8.47706e-01,9.96732e-01,9.94765e-01
9.432408771e-01,7.86044e-01,9.99999e-01,7.92147e-01,9.96796e-01,9.95482e-01
9.479570815e-01,7.17887e-01,9.99999e-01,7.22806e-01,9.96860e-01,9.96321e-01
9.526968669e-01,7.82540e-01,9.99999e-01,7.86721e-01,9.96921e-01,9.97754e-01
9.574603512e-01,8.01349e-01,9.99999e-01,8.04692e-01,9.96982e-01,9.98858e-01
9.622476530e-01,8.35480e-01,9.99999e-01,8.38620e-01,9.97042e-01,9.99210e-01
9.670588912e-01,9.00574e-01,9.99999e-01,9.03680e-01,9.97100e-01,9.99459e-01
9.718941857e-01,9.35869e-01,9.99999e-01,9.38909e-01,9.97157e-01,9.99602e-01
9.767536566e-01,9.46103e-01,9.99999e-01,9.49034e-01,9.97213e-01,9.99695e-01
9.816374249e-01,9.59317e-01,9.99999e-01,9.62045e-01,9.97268e-01,9.99894e-01
9.865456120e-01,9.73502e-01,9.99999e-01,9.76136e-01,9.97322e-01,9.99977e-01
9.914783401e-01,9.82598e-01,9.99999e-01,9.85189e-01,9.97375e-01,9.99993e-01
9.964357318e-01,9.89355e-01,9.99999e-01,9.91910e-01,9.97427e-01,9.99995e-01
1.001417910e+00,9.92630e-01,9.99999e-01,9.95145e-01,9.97477e-01,9.99994e-01
1.006425000e+00,9.94756e-01,9.99999e-01,9.97229e-01,9.97527e-01,9.99991e-01
1.011457125e+00,9.95854e-01,9.99999e-01,9.98280e-01,9.97576e-01,9.99992e-01
1.016514411e+00,9.96454e-01,9.99999e-01,9.98832e-01,9.97624e-01,9.99994e-01
1.021596983e+00,9.96737e-01,9.99999e-01,9.99069e-01,9.97671e-01,9.99994e-01
1.026704968e+00,9.96989e-01,9.99999e-01,9.99273e-01,9.97716e-01,9.99996e-01
1.031838492e+00,9.97235e-01,9.99999e-01,9.99472e-01,9.97762e-01,9.99998e-01
1.036997685e+00,9.97493e-01,9.99999e-01,9.99686e-01,9.97806e-01,9.99999e-01
1.042182673e+00,9.97476e-01,9.99999e-01,9.99625e-01,9.97849e-01,9.99999e-01
1.047393587e+00,9.97397e-01,9.99999e-01,9.99503e-01,9.97891e-01,9.99999e-01
1.052630555e+00,9.97254e-01,9.99999e-01,9.99319e-01,9.97933e-01,9.99999e-01
1.057893707e+00,9.96839e-01,9.99999e-01,9.98863e-01,9.97974e-01,9.99999e-01
1.063183176e+00,9.96147e-01,9.99999e-01,9.98129e-01,9.98014e-01,9.99998e-01
1.068499092e+00,9.94928e-01,9.99999e-01,9.96870e-01,9.98053e-01,9.99997e-01
1.073841587e+00,9.94429e-01,9.99999e-01,9.96334e-01,9.98091e-01,9.99994e-01
1.079210795e+00,9.93436e-01,9.99999e-01,9.95310e-01,9.98129e-01,9.99987e-01
1.084606849e+00,9.91052e-01,9.99999e-01,9.92902e-01,9.98166e-01,9.99969e-01
1.090029883e+00,9.87956e-01,9.99999e-01,9.89796e-01,9.98202e-01,9.99937e-01
1.095480033e+00,9.70626e-01,9.99999e-01,9.72448e-01,9.98237e-01,9.99886e-01
1.100957433e+00,9.29524e-01,9.99999e-01,9.31325e-01,9.98272e-01,9.99792e-01
1.106462220e+00,8.31856e-01,9.99999e-01,8.33560e-01,9.98306e-01,9.99647e-01
1.111994531e+00,6.79389e-01,9.99999e-01,6.81154e-01,9.98340e-01,9.99065e-01
1.117554504e+00,5.33223e-01,9.99999e-01,5.35897e-01,9.98372e-01,9.96631e-01
1.123142276e+00,6.22429e-01,9.99999e-01,6.28430e-01,9.98405e-01,9.92031e-01
1.128757988e+00,7.36783e-01,9.99999e-01,7.44797e-01,9.98436e-01,9.90787e-01
1.134401778e+00,4.97154e-01,9.99999e-01,5.01851e-01,9.98467e-01,9.92161e-01
1.140073787e+00,8.33710e-01,9.99999e-01,8.40230e-01,9.98497e-01,9.93732e-01
1.145774156e+00,6.88597e-01,9.99999e-01,6.93592e-01,9.98527e-01,9.94261e-01
1.151503026e+00,6.60742e-01,9.99999e-01,6.63822e-01,9.98556e-01,9.96798e-01
1.157260541e+00,7.12211e-01,9.99999e-01,7.13904e-01,9.98584e-01,9.99041e-01
1.163046844e+00,7.78795e-01,9.99999e-01,7.80088e-01,9.98612e-01,9.99727e-01
1.168862078e+00,8.40992e-01,9.99999e-01,8.42254e-01,9.98640e-01,9.99859e-01
1.174706389e+00,8.98134e-01,9.99999e-01,8.99499e-01,9.98666e-01,9.99814e-01
1.180579921e+00,9.36115e-01,9.99999e-01,9.37602e-01,9.98693e-01,9.99719e-01
1.186482820e+00,9.62773e-01,9.99999e-01,9.64285e-01,9.98719e-01,9.99711e-01
1.192415234e+00,9.77571e-01,9.99999e-01,9.79010e-01,9.98744e-01,9.99783e-01
1.198377311e+00,9.80861e-01,9.99999e-01,9.82269e-01,9.98769e-01,9.99795e-01
1.204369197e+00,9.81842e-01,9.99999e-01,9.83209e-01,9.98793e-01,9.99815e-01
1.210391043e+00,9.82671e-01,9.99999e-01,9.83944e-01,9.98817e-01,9.99887e-01
1.216442998e+00,9.85123e-01,9.99999e-01,9.86334e-01,9.98840e-01,9.99930e-01
1.222525213e+00,9.88181e-01,9.99999e-01,9.89347e-01,9.98863e-01,9.99956e-01
1.228637839e+00,9.91466e-01,9.99999e-01,9.92591e-01,9.98885e-01,9.99979e-01
1.234781029e+00,9.93404e-01,9.99999e-01,9.94496e-01,9.98907e-01,9.99993e-01
1.240954934e+00,9.95448e-01,9.99999e-01,9.96516e-01,9.98929e-01,9.99997e-01
1.247159708e+00,9.96240e-01,9.99999e-01,9.97287e-01,9.98950e-01,9.99998e-01
1.253395507e+00,9.96563e-01,9.99999e-01,9.97590e-01,9.98971e-01,9.99998e-01
1.259662485e+00,9.96701e-01,9.99999e-01,9.97709e-01,9.98991e-01,9.99997e-01
1.265960797e+00,9.95355e-01,9.99999e-01,9.96343e-01,9.99011e-01,9.99995e-01
1.272290601e+00,9.93286e-01,9.99999e-01,9.94255e-01,9.99030e-01,9.99993e-01
1.278652054e+00,9.87651e-01,9.99999e-01,9.88601e-01,9.99050e-01,9.99988e-01
1.285045314e+00,9.78459e-01,9.99999e-01,9.79391e-01,9.99068e-01,9.99978e-01
1.291470541e+00,9.63435e-01,9.99999e-01,9.64350e-01,9.99087e-01,9.99963e-01
1.297927893e+00,9.48690e-01,9.99999e-01,9.49603e-01,9.99105e-01,9.99931e-01
1.304417533e+00,9.39877e-01,9.99999e-01,9.40836e-01,9.99122e-01,9.99856e-01
1.310939621e+00,9.31329e-01,9.99999e-01,9.32405e-01,9.99140e-01,9.99705e-01
1.317494319e+00,9.25788e-01,9.99999e-01,9.27074e-01,9.99157e-01,9.99455e-01
1.324081790e+00,8.90937e-01,9.99999e-01,8.92467e-01,9.99173e-01,9.99110e-01
1.330702199e+00,6.13885e-01,9.99999e-01,6.15325e-01,9.99190e-01,9.98467e-01
1.337355710e+00,3.00584e-01,9.99999e-01,3.01712e-01,9.99206e-01,9.97050e-01
1.344042489e+00,4.04972e-02,9.99999e-01,4.08908e-02,9.99221e-01,9.91144e-01
1.350762701e+00,1.77275e-03,9.99999e-01,1.82896e-03,9.99237e-01,9.70005e-01
1.357516515e+00,1.97961e-04,9.99999e-01,2.16630e-04,9.99252e-01,9.14503e-01
1.364304097e+00,2.97792e-03,9.99999e-01,3.48544e-03,9.99266e-01,8.55017e-01
1.371125618e+00,1.93403e-02,9.99999e-01,2.24341e-02,9.99281e-01,8.62712e-01
1.377981246e+00,3.45925e-02,9.99999e-01,3.92883e-02,9.99295e-01,8.81098e-01
1.384871152e+00,2.66459e-03,9.99999e-01,3.00025e-03,9.99309e-01,8.88735e-01
1.391795508e+00,4.26471e-03,9.99999e-01,4.77545e-03,9.99323e-01,8.93653e-01
1.398754485e+00,9.22997e-03,9.99999e-01,1.01350e-02,9.99336e-01,9.11305e-01
1.405748258e+00,8.85774e-03,9.99999e-01,9.35805e-03,9.99349e-01,9.47151e-01
1.412776999e+00,1.02866e-02,9.99999e-01,1.05515e-02,9.99362e-01,9.75514e-01
1.419840884e+00,1.38022e-02,9.99999e-01,1.39618e-02,9.99374e-01,9.89188e-01
1.426940089e+00,3.54342e-02,9.99999e-01,3.57499e-02,9.99387e-01,9.91775e-01
1.434074789e+00,7.70761e-02,9.99999e-01,7.78776e-02,9.99399e-01,9.90302e-01
1.441245163e+00,1.47308e-01,9.99999e-01,1.48958e-01,9.99411e-01,9.89500e-01
1.448451389e+00,2.52754e-01,9.99999e-01,2.55248e-01,9.99422e-01,9.90800e-01
1.455693646e+00,4.10556e-01,9.99999e-01,4.13753e-01,9.99434e-01,9.92834e-01
1.462972114e+00,4.66587e-01,9.99999e-01,4.70058e-01,9.99445e-01,9.93164e-01
1.470286975e+00,4.10379e-01,9.99999e-01,4.13380e-01,9.99456e-01,9.93280e-01
1.477638409e+00,4.53187e-01,9.99999e-01,4.55497e-01,9.99467e-01,9.95458e-01
1.485026601e+00,5.28468e-01,9.99999e-01,5.29852e-01,9.99477e-01,9.97907e-01
1.492451734e+00,6.18977e-01,9.99999e-01,6.19861e-01,9.99487e-01,9.99084e-01
1.499913993e+00,7.27186e-01,9.99999e-01,7.27838e-01,9.99497e-01,9.99604e-01
1.507413563e+00,7.94961e-01,9.99999e-01,7.95499e-01,9.99507e-01,9.99814e-01
1.514950631e+00,8.65915e-01,9.99999e-01,8.66407e-01,9.99517e-01,9.99912e-01
1.522525384e+00,9.11149e-01,9.99999e-01,9.11608e-01,9.99527e-01,9.99967e-01
1.530138011e+00,9.34024e-01,9.99999e-01,9.34467e-01,9.99536e-01,9.99988e-01
1.537788701e+00,9.62099e-01,9.99999e-01,9.62541e-01,9.99545e-01,9.99994e-01
1.545477645e+00,9.75421e-01,9.99999e-01,9.75858e-01,9.99554e-01,9.99996e-01
1.553205033e+00,9.79856e-01,9.99999e-01,9.80285e-01,9.99563e-01,9.99997e-01
1.560971058e+00,9.87345e-01,9.99999e-01,9.87769e-01,9.99571e-01,9.99998e-01
1.568775913e+00,9.91493e-01,9.99999e-01,9.91909e-01,9.99580e-01,9.99998e-01
1.576619793e+00,9.93305e-01,9.99999e-01,9.93714e-01,9.99588e-01,9.99998e-01
1.584502892e+00,9.95771e-01,9.99999e-01,9.96174e-01,9.99596e-01,9.99998e-01
1.592425406e+00,9.96061e-01,9.99999e-01,9.96456e-01,9.99604e-01,9.99997e-01
1.600387533e+00,9.97166e-01,9.99999e-01,9.97554e-01,9.99612e-01,9.99997e-01
1.608389471e+00,9.97090e-01,9.99999e-01,9.97470e-01,9.99620e-01,9.99997e-01
1.616431418e+00,9.97038e-01,9.99999e-01,9.97411e-01,9.99627e-01,9.99997e-01
1.624513575e+00,9.96865e-01,9.99999e-01,9.97230e-01,9.99634e-01,9.99997e-01
1.632636143e+00,9.95302e-01,9.99999e-01,9.95660e-01,9.99642e-01,9.99997e-01
1.640799324e+00,9.93863e-01,9.99999e-01,9.94215e-01,9.99649e-01,9.99995e-01
1.649003321e+00,9.92278e-01,9.99999e-01,9.92623e-01,9.99656e-01,9.99994e-01
1.657248337e+00,9.89916e-01,9.99999e-01,9.90255e-01,9.99662e-01,9.99993e-01
1.665534579e+00,9.86412e-01,9.99999e-01,9.86743e-01,9.99669e-01,9.99993e-01
1.673862252e+00,9.81648e-01,9.99999e-01,9.81973e-01,9.99676e-01,9.99992e-01
1.682231563e+00,9.83902e-01,9.99999e-01,9.84225e-01,9.99682e-01,9.99988e-01
1.690642721e+00,9.72158e-01,9.99999e-01,9.72476e-01,9.99688e-01,9.99983e-01
1.699095934e+00,9.67951e-01,9.99999e-01,9.68271e-01,9.99694e-01,9.99974e-01
1.707591414e+00,9.65670e-01,9.99999e-01,9.65997e-01,9.99700e-01,9.99960e-01
1.716129371e+00,9.57650e-01,9.99999e-01,9.57985e-01,9.99706e-01,9.99942e-01
1.724710018e+00,9.36813e-01,9.99999e-01,9.37160e-01,9.99712e-01,9.99916e-01
1.733333568e+00,9.18405e-01,9.99999e-01,9.18784e-01,9.99718e-01,9.99868e-01
1.742000236e+00,8.79403e-01,9.99999e-01,8.79828e-01,9.99723e-01,9.99792e-01
1.750710237e+00,7.84766e-01,9.99999e-01,7.85239e-01,9.99729e-01,9.99666e-01
1.759463788e+00,6.33626e-01,9.99999e-01,6.34151e-01,9.99734e-01,9.99436e-01
1.768261107e+00,4.21393e-01,9.99999e-01,4.21912e-01,9.99739e-01,9.99028e-01
1.777102413e+00,2.36420e-01,9.99999e-01,2.36840e-01,9.99744e-01,9.98479e-01
1.785987925e+00,7.86455e-02,9.99999e-01,7.88582e-02,9.99749e-01,9.97552e-01
1.794917864e+00,2.94615e-02,9.99999e-01,2.96110e-02,9.99754e-01,9.95191e-01
1.803892454e+00,2.98135e-03,9.99999e-01,3.01239e-03,9.99759e-01,9.89933e-01
1.812911916e+00,9.96599e-04,9.99999e-01,1.02178e-03,9.99764e-01,9.75585e-01
1.821976476e+00,1.15134e-03,9.99999e-01,1.21352e-03,9.99769e-01,9.48979e-01
1.831086358e+00,3.54673e-04,9.99999e-01,3.94463e-04,9.99773e-01,8.99331e-01
1.840241790e+00,1.02886e-03,9.99999e-01,1.23086e-03,9.99778e-01,8.36072e-01
1.849442999e+00,2.79695e-03,9.99999e-01,3.46969e-03,9.99782e-01,8.06284e-01
1.858690214e+00,1.77396e-04,9.99999e-01,2.20020e-04,9.99786e-01,8.06446e-01
1.867983665e+00,3.34807e-05,9.99999e-01,4.08179e-05,9.99790e-01,8.20417e-01
1.877323583e+00,1.73745e-02,9.99999e-01,2.06971e-02,9.99795e-01,8.39636e-01
1.886710201e+00,2.61128e-02,9.99999e-01,3.04268e-02,9.99799e-01,8.58391e-01
1.896143752e+00,3.77348e-02,9.99999e-01,4.38307e-02,9.99803e-01,8.61089e-01
1.905624471e+00,4.43455e-03,9.99999e-01,5.08251e-03,9.99806e-01,8.72679e-01
1.915152593e+00,1.14842e-03,9.99999e-01,1.26603e-03,9.99810e-01,9.07267e-01
1.924728356e+00,5.21516e-04,9.99999e-01,5.51122e-04,9.99814e-01,9.46455e-01
1.934351998e+00,4.53668e-04,9.99999e-01,4.65859e-04,9.99818e-01,9.74007e-01
1.944023758e+00,4.67697e-03,9.99999e-01,4.72114e-03,9.99821e-01,9.90819e-01
1.953743877e+00,1.16703e-02,9.99999e-01,1.17175e-02,9.99825e-01,9.96149e-01
1.963512596e+00,5.83139e-02,9.99999e-01,5.84377e-02,9.99828e-01,9.98051e-01
1.973330159e+00,1.11237e-01,9.99999e-01,1.11369e-01,9.99832e-01,9.98980e-01
1.983196810e+00,3.33592e-01,9.99999e-01,3.33834e-01,9.99835e-01,9.99440e-01
1.993112794e+00,4.28697e-01,9.99999e-01,4.28897e-01,9.99838e-01,9.99694e-01
2.003078358e+00,6.06229e-01,9.99999e-01,6.06429e-01,9.99841e-01,9.99828e-01
2.013093750e+00,7.22967e-01,9.99999e-01,7.23153e-01,9.99844e-01,9.99897e-01
2.023159218e+00,8.30105e-01,9.99999e-01,8.30291e-01,9.99847e-01,9.99927e-01
2.033275015e+00,8.65861e-01,9.99999e-01,8.66040e-01,9.99850e-01,9.99941e-01
2.043441390e+00,9.14683e-01,9.99999e-01,9.14873e-01,9.99853e-01,9.99938e-01
2.053658597e+00,9.30676e-01,9.99999e-01,9.30887e-01,9.99856e-01,9.99915e-01
2.063926890e+00,9.52909e-01,9.99998e-01,9.53166e-01,9.99859e-01,9.99869e-01
2.074246524e+00,9.59016e-01,9.99998e-01,9.59348e-01,9.99862e-01,9.99791e-01
2.084617757e+00,9.72824e-01,9.99997e-01,9.73273e-01,9.99865e-01,9.99674e-01
2.095040845e+00,9.78266e-01,9.99996e-01,9.78873e-01,9.99867e-01,9.99513e-01
2.105516050e+00,9.81039e-01,9.99996e-01,9.81841e-01,9.99870e-01,9.99315e-01
2.116043630e+00,9.81680e-01,9.99996e-01,9.82636e-01,9.99872e-01,9.99156e-01
2.126623848e+00,9.88348e-01,9.99996e-01,9.89409e-01,9.99875e-01,9.99053e-01
2.137256967e+00,9.88765e-01,9.99997e-01,9.89930e-01,9.99877e-01,9.98946e-01
2.147943252e+00,9.88931e-01,9.99998e-01,9.90303e-01,9.99880e-01,9.98734e-01
2.158682968e+00,9.89557e-01,9.99992e-01,9.91136e-01,9.99882e-01,9.98530e-01
2.169476383e+00,9.89335e-01,9.99997e-01,9.90560e-01,9.99884e-01,9.98880e-01
2.180323765e+00,9.88263e-01,9.99998e-01,9.89201e-01,9.99887e-01,9.99165e-01
2.191225384e+00,9.86021e-01,9.99998e-01,9.86820e-01,9.99889e-01,9.99301e-01
2.202181511e+00,9.83002e-01,9.99998e-01,9.83638e-01,9.99891e-01,9.99461e-01
2.213192418e+00,9.83043e-01,9.99998e-01,9.83515e-01,9.99893e-01,9.99626e-01
2.224258381e+00,9.80154e-01,9.99998e-01,9.80490e-01,9.99895e-01,9.99761e-01
2.235379672e+00,9.83229e-01,9.99998e-01,9.83469e-01,9.99897e-01,9.99856e-01
2.246556571e+00,9.70546e-01,9.99999e-01,9.70731e-01,9.99899e-01,9.99909e-01
2.257789354e+00,9.77340e-01,9.99999e-01,9.77500e-01,9.99901e-01,9.99934e-01
2.269078300e+00,9.44954e-01,9.99999e-01,9.45096e-01,9.99903e-01,9.99945e-01
2.280423692e+00,9.54399e-01,9.99999e-01,9.54542e-01,9.99905e-01,9.99943e-01
2.291825810e+00,9.12030e-01,9.99999e-01,9.12174e-01,9.99907e-01,9.99933e-01
2.303284939e+00,9.20927e-01,9.99999e-01,9.21092e-01,9.99909e-01,9.99909e-01
2.314801364e+00,8.68026e-01,9.99999e-01,8.68212e-01,9.99911e-01,9.99873e-01
2.326375371e+00,8.62697e-01,9.99999e-01,8.62917e-01,9.99912e-01,9.99831e-01
2.338007248e+00,8.41119e-01,9.99999e-01,8.41384e-01,9.99914e-01,9.99769e-01
2.349697284e+00,7.47543e-01,9.99999e-01,7.47838e-01,9.99916e-01,9.99688e-01
2.361445770e+00,7.89971e-01,9.99999e-01,7.90376e-01,9.99917e-01,9.99569e-01
2.373252999e+00,7.26134e-01,9.99999e-01,7.26622e-01,9.99919e-01,9.99407e-01
2.385119264e+00,5.80304e-01,9.99999e-01,5.80811e-01,9.99921e-01,9.99203e-01
2.397044861e+00,7.06637e-01,9.99999e-01,7.07535e-01,9.99922e-01,9.98806e-01
2.409030085e+00,5.30957e-01,9.99999e-01,5.31920e-01,9.99924e-01,9.98264e-01
2.421075235e+00,5.32485e-01,9.99999e-01,5.33825e-01,9.99925e-01,9.97564e-01
2.433180612e+00,3.86320e-01,9.99999e-01,3.87654e-01,9.99927e-01,9.96630e-01
2.445346515e+00,2.16137e-01,9.99999e-01,2.17172e-01,9.99928e-01,9.95305e-01
2.457573247e+00,1.60732e-01,9.99999e-01,1.61856e-01,9.99929e-01,9.93123e-01
2.469861113e+00,2.64356e-02,9.99999e-01,2.67053e-02,9.99931e-01,9.89967e-01
2.482210419e+00,2.35662e-03,9.99999e-01,2.39149e-03,9.99932e-01,9.85482e-01
2.494621471e+00,6.09653e-05,9.99999e-01,6.22884e-05,9.99933e-01,9.78823e-01
2.507094578e+00,4.26339e-08,9.99999e-01,4.40965e-08,9.99935e-01,9.66892e-01
2.519630051e+00,6.90883e-12,9.99999e-01,7.32069e-12,9.99936e-01,9.43799e-01
2.532228202e+00,2.90005e-15,9.99999e-01,3.22340e-15,9.99937e-01,8.99742e-01
2.544889343e+00,2.54000e-20,9.99999e-01,3.13733e-20,9.99938e-01,8.09654e-01
2.557613789e+00,7.46517e-20,9.99999e-01,1.12732e-19,9.99940e-01,6.62246e-01
2.570401858e+00,3.76528e-32,9.99999e-01,8.14689e-32,9.99941e-01,4.62200e-01
2.583253867e+00,1.14042e-27,9.99999e-01,3.87415e-27,9.99942e-01,2.94384e-01
2.596170137e+00,7.20651e-24,9.99999e-01,3.35998e-23,9.99943e-01,2.14492e-01
2.609150988e+00,2.27001e-17,9.99999e-01,1.32717e-16,9.99944e-01,1.71050e-01
2.622196742e+00,7.38889e-15,9.99999e-01,4.48481e-14,9.99945e-01,1.64762e-01
2.635307726e+00,1.19849e-07,9.99999e-01,6.46652e-07,9.99946e-01,1.85347e-01
2.648484265e+00,6.52578e-09,9.99999e-01,3.39273e-08,9.99947e-01,1.92356e-01
2.661726686e+00,8.34372e-15,9.99999e-01,4.44992e-14,9.99948e-01,1.87512e-01
2.675035320e+00,1.16165e-47,9.99999e-01,6.10545e-47,9.99949e-01,1.90274e-01
2.688410496e+00,2.47278e-24,9.99999e-01,1.19014e-23,9.99950e-01,2.07783e-01
2.701852549e+00,3.03233e-21,9.99999e-01,1.38929e-20,9.99951e-01,2.18275e-01
2.715361811e+00,4.07454e-21,9.99999e-01,1.77288e-20,9.99952e-01,2.29837e-01
2.728938620e+00,2.63074e-15,9.99999e-01,9.90476e-15,9.99953e-01,2.65616e-01
2.742583314e+00,3.19862e-16,9.99999e-01,9.22073e-16,9.99954e-01,3.46910e-01
2.756296230e+00,4.98928e-17,9.99999e-01,1.05009e-16,9.99955e-01,4.75149e-01
2.770077711e+00,2.49951e-22,9.99999e-01,4.04011e-22,9.99956e-01,6.18701e-01
2.783928100e+00,2.24012e-22,9.99999e-01,3.13308e-22,9.99957e-01,7.15017e-01
2.797847740e+00,3.91488e-17,9.99999e-01,4.90061e-17,9.99958e-01,7.98889e-01
2.811836979e+00,4.52218e-18,9.99999e-01,5.19090e-18,9.99958e-01,8.71208e-01
2.825896164e+00,1.06056e-15,9.99999e-01,1.15927e-15,9.99959e-01,9.14886e-01
2.840025645e+00,2.02443e-12,9.99999e-01,2.15862e-12,9.99960e-01,9.37872e-01
2.854225773e+00,2.85000e-11,9.99999e-01,2.99163e-11,9.99961e-01,9.52691e-01
2.868496902e+00,1.51269e-10,9.99999e-01,1.56274e-10,9.99961e-01,9.68012e-01
2.882839386e+00,1.80175e-08,9.99999e-01,1.84175e-08,9.99962e-01,9.78316e-01
2.897253583e+00,2.97357e-07,9.99999e-01,3.02243e-07,9.99963e-01,9.83868e-01
2.911739851e+00,3.66408e-05,9.99999e-01,3.71055e-05,9.99964e-01,9.87509e-01
2.926298550e+00,2.59854e-04,9.99999e-01,2.62282e-04,9.99964e-01,9.90774e-01
2.940930043e+00,3.78227e-04,9.99999e-01,3.81060e-04,9.99965e-01,9.92598e-01
2.955634693e+00,9.87400e-04,9.99999e-01,9.94015e-04,9.99966e-01,9.93377e-01
2.970412867e+00,1.12078e-03,9.99999e-01,1.12735e-03,9.99966e-01,9.94202e-01
2.985264931e+00,9.21537e-03,9.99999e-01,9.26581e-03,9.99967e-01,9.94588e-01
3.000191256e+00,1.00643e-02,9.99999e-01,1.01205e-02,9.99968e-01,9.94470e-01
3.015192212e+00,3.09425e-02,9.99999e-01,3.11421e-02,9.99968e-01,9.93622e-01
3.030268173e+00,5.94941e-02,9.99999e-01,5.99617e-02,9.99969e-01,9.92231e-01
3.045419514e+00,2.19593e-02,9.99999e-01,2.21585e-02,9.99969e-01,9.91038e-01
3.060646612e+00,1.17812e-01,9.99999e-01,1.19097e-01,9.99970e-01,9.89237e-01
3.075949845e+00,1.25747e-01,9.99999e-01,1.27274e-01,9.99971e-01,9.88033e-01
3.091329594e+00,8.54287e-02,9.99999e-01,8.65276e-02,9.99971e-01,9.87327e-01
3.106786242e+00,1.82786e-01,9.99999e-01,1.85130e-01,9.99972e-01,9.87365e-01
3.122320173e+00,2.25164e-01,9.99999e-01,2.27878e-01,9.99972e-01,9.88118e-01
3.137931774e+00,2.45919e-01,9.99999e-01,2.48514e-01,9.99973e-01,9.89585e-01
3.153621433e+00,3.85709e-01,9.99999e-01,3.89375e-01,9.99973e-01,9.90610e-01
3.169389540e+00,4.22115e-01,9.99999e-01,4.26278e-01,9.99974e-01,9.90258e-01
3.185236488e+00,3.38579e-01,9.99999e-01,3.42440e-01,9.99974e-01,9.88750e-01
3.201162670e+00,1.14437e-01,9.99999e-01,1.15904e-01,9.99975e-01,9.87370e-01
3.217168483e+00,2.20430e-01,9.99999e-01,2.23505e-01,9.99975e-01,9.86267e-01
3.233254326e+00,3.46722e-01,9.99999e-01,3.51464e-01,9.99976e-01,9.86529e-01
3.249420598e+00,4.64559e-01,9.99999e-01,4.70247e-01,9.99976e-01,9.87925e-01
3.265667701e+00,3.51621e-01,9.99999e-01,3.55404e-01,9.99977e-01,9.89376e-01
3.281996039e+00,4.35677e-01,9.99999e-01,4.39610e-01,9.99977e-01,9.91074e-01
3.298406019e+00,2.27725e-01,9.99999e-01,2.29381e-01,9.99978e-01,9.92804e-01
3.314898049e+00,2.02593e-01,9.99999e-01,2.03693e-01,9.99978e-01,9.94620e-01
3.331472540e+00,3.20118e-01,9.99999e-01,3.21362e-01,9.99978e-01,9.96150e-01
3.348129902e+00,3.07733e-01,9.99999e-01,3.08594e-01,9.99979e-01,9.97232e-01
3.364870552e+00,3.85228e-01,9.99999e-01,3.86730e-01,9.99979e-01,9.96136e-01
3.381694905e+00,4.21272e-01,9.99999e-01,4.22388e-01,9.99980e-01,9.97377e-01
3.398603379e+00,5.43163e-01,9.99999e-01,5.44559e-01,9.99980e-01,9.97455e-01
3.415596396e+00,6.33209e-01,9.99999e-01,6.34739e-01,9.99980e-01,9.97607e-01
3.432674378e+00,6.58669e-01,9.99999e-01,6.59554e-01,9.99981e-01,9.98674e-01
3.449837750e+00,7.52694e-01,9.99999e-01,7.53382e-01,9.99981e-01,9.99103e-01
3.467086939e+00,8.21553e-01,9.99999e-01,8.22406e-01,9.99981e-01,9.98979e-01
3.484422373e+00,8.32884e-01,9.99999e-01,8.33848e-01,9.99982e-01,9.98860e-01
3.501844485e+00,8.99975e-01,9.99999e-01,9.00675e-01,9.99982e-01,9.99239e-01
3.519353708e+00,9.15887e-01,9.99999e-01,9.16157e-01,9.99982e-01,9.99721e-01
3.536950476e+00,9.24003e-01,9.99999e-01,9.24163e-01,9.99983e-01,9.99842e-01
3.554635228e+00,9.52402e-01,9.99999e-01,9.52654e-01,9.99983e-01,9.99750e-01
3.572408405e+00,9.53996e-01,9.99999e-01,9.54307e-01,9.99983e-01,9.99689e-01
3.590270447e+00,9.67696e-01,9.99999e-01,9.68047e-01,9.99984e-01,9.99651e-01
3.608221799e+00,9.74632e-01,9.99999e-01,9.75102e-01,9.99984e-01,9.99532e-01
3.626262908e+00,9.78130e-01,9.99999e-01,9.78702e-01,9.99984e-01,9.99428e-01
3.644394222e+00,9.86434e-01,9.99999e-01,9.87201e-01,9.99985e-01,9.99237e-01
3.662616193e+00,9.77850e-01,9.99999e-01,9.78807e-01,9.99985e-01,9.99035e-01
3.680929274e+00,9.64694e-01,9.99999e-01,9.65901e-01,9.99985e-01,9.98763e-01
3.699333921e+00,9.82355e-01,9.99999e-01,9.83904e-01,9.99985e-01,9.98439e-01
3.717830590e+00,9.85429e-01,9.99999e-01,9.87400e-01,9.99986e-01,9.98016e-01
3.736419743e+00,9.82735e-01,9.99999e-01,9.85288e-01,9.99986e-01,9.97421e-01
3.755101842e+00,9.81046e-01,9.99999e-01,9.84206e-01,9.99986e-01,9.96802e-01
3.773877351e+00,9.82952e-01,9.99998e-01,9.86962e-01,9.99986e-01,9.95948e-01
3.792746738e+00,9.79114e-01,9.99998e-01,9.84284e-01,9.99987e-01,9.94760e-01
3.811710472e+00,9.74209e-01,9.99997e-01,9.80722e-01,9.99987e-01,9.93372e-01
3.830769024e+00,9.71012e-01,9.99996e-01,9.79198e-01,9.99987e-01,9.91653e-01
3.849922869e+00,9.59351e-01,9.99993e-01,9.69594e-01,9.99987e-01,9.89452e-01
3.869172484e+00,9.51771e-01,9.99991e-01,9.64617e-01,9.99988e-01,9.86701e-01
3.888518346e+00,9.63588e-01,9.99985e-01,9.80269e-01,9.99988e-01,9.83007e-01
3.907960938e+00,9.56513e-01,9.99981e-01,9.77940e-01,9.99988e-01,9.78117e-01
3.927500742e+00,8.40022e-01,9.99968e-01,8.64438e-01,9.99988e-01,9.71792e-01
3.947138246e+00,8.82664e-01,9.99956e-01,9.16049e-01,9.99989e-01,9.63605e-01
3.966873937e+00,7.56256e-01,9.99950e-01,7.93557e-01,9.99989e-01,9.53047e-01
3.986708307e+00,9.04034e-01,9.99920e-01,9.61801e-01,9.99989e-01,9.40020e-01
4.006641849e+00,9.11571e-01,9.99895e-01,9.86234e-01,9.99989e-01,9.24399e-01
4.026675058e+00,8.92122e-01,9.99913e-01,9.84098e-01,9.99989e-01,9.06623e-01
4.046808433e+00,8.70624e-01,9.99909e-01,9.80760e-01,9.99990e-01,8.87792e-01
4.067042475e+00,8.49820e-01,9.99871e-01,9.77893e-01,9.99990e-01,8.69150e-01
4.087377688e+00,8.31780e-01,9.99849e-01,9.76297e-01,9.99990e-01,8.52109e-01
4.107814576e+00,8.10919e-01,9.99823e-01,9.67355e-01,9.99990e-01,8.38438e-01
4.128353649e+00,7.87145e-01,9.99822e-01,9.49110e-01,9.99990e-01,8.29502e-01
4.148995417e+00,7.73157e-01,9.99876e-01,9.36884e-01,9.99990e-01,8.25349e-01
4.169740394e+00,7.44632e-01,9.99886e-01,9.01464e-01,9.99991e-01,8.26123e-01
4.190589096e+00,7.31252e-01,9.99894e-01,8.81186e-01,9.99991e-01,8.29941e-01
4.211542042e+00,6.80714e-01,9.99902e-01,8.19271e-01,9.99991e-01,8.30962e-01
4.232599752e+00,6.61387e-01,9.99940e-01,8.01979e-01,9.99991e-01,8.24746e-01
4.253762751e+00,6.09558e-01,9.99957e-01,7.56691e-01,9.99991e-01,8.05595e-01
4.275031564e+00,5.24434e-01,9.99930e-01,6.80373e-01,9.99991e-01,7.70860e-01
4.296406722e+00,4.57142e-01,9.99333e-01,6.01986e-01,9.99992e-01,7.59873e-01
4.317888756e+00,5.08081e-01,9.99869e-01,6.43641e-01,9.99992e-01,7.89490e-01
4.339478200e+00,4.77890e-01,9.99922e-01,5.74983e-01,9.99992e-01,8.31204e-01
4.361175591e+00,4.45140e-01,9.99937e-01,5.19655e-01,9.99992e-01,8.56661e-01
4.382981469e+00,4.54729e-01,9.99933e-01,5.22890e-01,9.99992e-01,8.69703e-01
4.404896376e+00,4.43987e-01,9.99906e-01,5.06169e-01,9.99992e-01,8.77226e-01
4.426920858e+00,3.44335e-01,9.99905e-01,3.89695e-01,9.99992e-01,8.83675e-01
4.449055462e+00,4.62141e-01,9.99934e-01,5.18749e-01,9.99993e-01,8.90935e-01
4.471300739e+00,3.85878e-01,9.99931e-01,4.28905e-01,9.99993e-01,8.99741e-01
4.493657243e+00,4.68379e-01,9.99940e-01,5.14728e-01,9.99993e-01,9.10011e-01
4.516125529e+00,3.15545e-01,9.99943e-01,3.42658e-01,9.99993e-01,9.20920e-01
4.538706157e+00,4.03865e-01,9.99933e-01,4.33269e-01,9.99993e-01,9.32182e-01
4.561399688e+00,3.73895e-01,9.99953e-01,3.96485e-01,9.99993e-01,9.43058e-01
4.584206686e+00,4.80167e-01,9.99962e-01,5.03850e-01,9.99993e-01,9.53028e-01
4.607127720e+00,3.80103e-01,9.99963e-01,3.95166e-01,9.99993e-01,9.61911e-01
4.630163358e+00,2.22308e-01,9.99976e-01,2.29285e-01,9.99993e-01,9.69589e-01
4.653314175e+00,2.31853e-01,9.99978e-01,2.37601e-01,9.99994e-01,9.75830e-01
4.676580746e+00,7.57165e-02,9.99978e-01,7.71973e-02,9.99994e-01,9.80832e-01
4.699963650e+00,2.09271e-01,9.99988e-01,2.12499e-01,9.99994e-01,9.84820e-01
4.723463468e+00,8.29060e-02,9.99986e-01,8.39233e-02,9.99994e-01,9.87887e-01
4.747080785e+00,2.73530e-01,9.99992e-01,2.76254e-01,9.99994e-01,9.90149e-01
4.770816189e+00,9.90147e-02,9.99993e-01,9.98318e-02,9.99994e-01,9.91821e-01
4.794670270e+00,7.18747e-02,9.99992e-01,7.23781e-02,9.99994e-01,9.93052e-01
4.818643622e+00,7.18170e-02,9.99996e-01,7.22568e-02,9.99994e-01,9.93919e-01
4.842736840e+00,1.98913e-02,9.99996e-01,2.00033e-02,9.99994e-01,9.94406e-01
4.866950524e+00,1.10119e-01,9.99997e-01,1.10722e-01,9.99994e-01,9.94557e-01
4.891285276e+00,1.27951e-02,9.99998e-01,1.28674e-02,9.99995e-01,9.94385e-01
4.915741703e+00,5.75546e-02,9.99998e-01,5.78963e-02,9.99995e-01,9.94101e-01
4.940320411e+00,8.08462e-03,9.99998e-01,8.13814e-03,9.99995e-01,9.93428e-01
4.965022013e+00,6.91156e-03,9.99998e-01,6.96324e-03,9.99995e-01,9.92582e-01
4.989847123e+00,2.21291e-02,9.99999e-01,2.23136e-02,9.99995e-01,9.91735e-01
5.014796359e+00,9.49399e-04,9.99999e-01,9.58520e-04,9.99995e-01,9.90488e-01
5.039870341e+00,5.00817e-03,9.99999e-01,5.06394e-03,9.99995e-01,9.88990e-01
5.065069693e+00,7.94367e-03,9.99999e-01,8.05142e-03,9.99995e-01,9.86620e-01
5.090395041e+00,9.04942e-04,9.99999e-01,9.19528e-04,9.99995e-01,9.84141e-01
5.115847016e+00,5.91299e-04,9.99999e-01,6.02844e-04,9.99995e-01,9.80852e-01
5.141426251e+00,2.66123e-05,9.99999e-01,2.72572e-05,9.99995e-01,9.76342e-01
5.167133383e+00,2.15174e-05,9.99999e-01,2.21378e-05,9.99995e-01,9.71980e-01
5.192969049e+00,1.31530e-05,9.99999e-01,1.36033e-05,9.99996e-01,9.66899e-01
5.218933895e+00,4.10112e-08,9.99999e-01,4.27104e-08,9.99996e-01,9.60218e-01
5.245028564e+00,3.41731e-06,9.99999e-01,3.59140e-06,9.99996e-01,9.51528e-01
5.271253707e+00,3.96104e-07,9.99999e-01,4.21437e-07,9.99996e-01,9.39891e-01
5.297609976e+00,1.13033e-07,9.99999e-01,1.22051e-07,9.99996e-01,9.26116e-01
5.324098025e+00,5.40637e-08,9.99999e-01,5.94334e-08,9.99996e-01,9.09655e-01
5.350718516e+00,7.77226e-10,9.99999e-01,8.75861e-10,9.99996e-01,8.87387e-01
5.377472108e+00,1.25224e-09,9.99999e-01,1.44544e-09,9.99996e-01,8.66344e-01
5.404359469e+00,8.55438e-10,9.99999e-01,1.01525e-09,9.99996e-01,8.42594e-01
5.431381266e+00,9.00685e-17,9.99999e-01,1.09676e-16,9.99996e-01,8.21225e-01
5.458538172e+00,4.49830e-17,9.99999e-01,5.66678e-17,9.99996e-01,7.93804e-01
5.485830863e+00,8.90083e-18,9.99999e-01,1.17378e-17,9.99996e-01,7.58306e-01
5.513260018e+00,9.69489e-19,9.99999e-01,1.34232e-18,9.99996e-01,7.22251e-01
5.540826318e+00,5.37757e-20,9.99999e-01,7.89497e-20,9.99996e-01,6.81140e-01
5.568530449e+00,2.01709e-30,9.99999e-01,3.16143e-30,9.99996e-01,6.38031e-01
5.596373101e+00,2.94653e-29,9.99999e-01,4.95434e-29,9.99996e-01,5.94739e-01
5.624354967e+00,2.87736e-26,9.99999e-01,5.22983e-26,9.99996e-01,5.50182e-01
5.652476742e+00,5.37190e-29,9.99999e-01,1.06590e-28,9.99997e-01,5.03979e-01
5.680739126e+00,5.53037e-33,9.99999e-01,1.21157e-32,9.99997e-01,4.56463e-01
5.709142821e+00,5.04983e-36,9.99999e-01,1.22925e-35,9.99997e-01,4.10806e-01
5.737688535e+00,1.14924e-34,9.99999e-01,3.19346e-34,9.99997e-01,3.59874e-01
5.766376978e+00,3.16778e-27,9.99999e-01,1.02757e-26,9.99997e-01,3.08281e-01
5.795208863e+00,1.43105e-24,9.99999e-01,5.55160e-24,9.99997e-01,2.57772e-01
5.824184907e+00,3.76661e-30,9.99999e-01,1.76194e-29,9.99997e-01,2.13777e-01
5.853305832e+00,2.55987e-29,9.99999e-01,1.42445e-28,9.99997e-01,1.79710e-01
5.882572361e+00,4.11931e-36,9.99999e-01,2.65832e-35,9.99997e-01,1.54959e-01
5.911985223e+00,2.48412e-34,9.99999e-01,1.83377e-33,9.99997e-01,1.35465e-01
5.941545149e+00,7.70598e-36,9.99999e-01,6.42313e-35,9.99997e-01,1.19973e-01
5.971252874e+00,4.81467e-31,9.99999e-01,4.31715e-30,9.99997e-01,1.11524e-01
6.001109139e+00,1.88864e-21,9.99999e-01,1.73188e-20,9.99997e-01,1.09051e-01
6.031114685e+00,1.08529e-23,9.99999e-01,9.69196e-23,9.99997e-01,1.11979e-01
6.061270258e+00,9.10073e-24,9.99999e-01,7.57173e-23,9.99997e-01,1.20194e-01
6.091576609e+00,6.05445e-20,9.99999e-01,4.58718e-19,9.99997e-01,1.31987e-01
6.122034492e+00,2.24113e-13,9.99999e-01,1.50881e-12,9.99997e-01,1.48537e-01
6.152644665e+00,6.02257e-14,9.99999e-01,3.55584e-13,9.99997e-01,1.69371e-01
6.183407888e+00,3.94691e-10,9.99999e-01,2.08111e-09,9.99997e-01,1.89654e-01
6.214324928e+00,4.72550e-07,9.99999e-01,2.33120e-06,9.99997e-01,2.02707e-01
6.245396552e+00,3.59684e-05,9.99999e-01,1.77577e-04,9.99997e-01,2.02552e-01
6.276623535e+00,2.03694e-05,9.99999e-01,1.07549e-04,9.99997e-01,1.89396e-01
6.308006653e+00,1.57858e-05,9.99999e-01,9.33692e-05,9.99997e-01,1.69069e-01
6.339546686e+00,2.47011e-10,9.99999e-01,1.67729e-09,9.99997e-01,1.47268e-01
6.371244419e+00,1.53693e-19,9.99999e-01,1.20421e-18,9.99997e-01,1.27630e-01
6.403100641e+00,9.23092e-27,9.99999e-01,8.25991e-26,9.99997e-01,1.11756e-01
6.435116145e+00,9.45324e-56,9.99999e-01,9.21044e-55,9.99998e-01,1.02636e-01
6.467291725e+00,5.40244e-56,9.99999e-01,5.47261e-55,9.99998e-01,9.87179e-02
6.499628184e+00,1.02765e-63,9.99999e-01,1.03344e-62,9.99998e-01,9.94392e-02
6.532126325e+00,3.73528e-56,9.99999e-01,3.56221e-55,9.99998e-01,1.04859e-01
6.564786956e+00,2.17464e-67,9.99999e-01,1.84388e-66,9.99998e-01,1.17938e-01
6.597610891e+00,7.85680e-90,9.99999e-01,5.76851e-89,9.99998e-01,1.36202e-01
6.630598946e+00,7.07292e-60,9.99999e-01,4.44012e-59,9.99998e-01,1.59296e-01
6.663751940e+00,8.39486e-56,9.99999e-01,4.50839e-55,9.99998e-01,1.86205e-01
6.697070700e+00,1.52828e-44,9.99999e-01,7.03520e-44,9.99998e-01,2.17234e-01
6.730556054e+00,7.16247e-31,9.99999e-01,2.84597e-30,9.99998e-01,2.51671e-01
6.764208834e+00,4.25608e-31,9.99999e-01,1.46232e-30,9.99998e-01,2.91049e-01
6.798029878e+00,2.40239e-37,9.99999e-01,7.10790e-37,9.99998e-01,3.37989e-01
6.832020027e+00,1.42939e-37,9.99999e-01,3.73436e-37,9.99998e-01,3.82768e-01
6.866180128e+00,7.66746e-43,9.99999e-01,1.79030e-42,9.99998e-01,4.28278e-01
6.900511028e+00,2.56913e-25,9.99999e-01,5.41151e-25,9.99998e-01,4.74753e-01
6.935013583e+00,7.44100e-25,9.99999e-01,1.42266e-24,9.99998e-01,5.23035e-01
6.969688651e+00,3.20613e-31,9.99999e-01,5.59834e-31,9.99998e-01,5.72692e-01
7.004537095e+00,2.89613e-30,9.99999e-01,4.64796e-30,9.99998e-01,6.23096e-01
7.039559780e+00,3.19571e-33,9.99999e-01,4.74768e-33,9.99998e-01,6.73111e-01
7.074757579e+00,4.06984e-26,9.99999e-01,5.68487e-26,9.99998e-01,7.15908e-01
7.110131367e+00,7.70275e-26,9.99999e-01,1.01807e-25,9.99998e-01,7.56604e-01
7.145682024e+00,5.93464e-29,9.99999e-01,7.46647e-29,9.99998e-01,7.94838e-01
7.181410434e+00,4.69948e-36,9.99999e-01,5.67464e-36,9.99998e-01,8.28155e-01
7.217317486e+00,4.81345e-27,9.99999e-01,5.61847e-27,9.99998e-01,8.56720e-01
7.253404073e+00,2.14092e-27,9.99999e-01,2.42724e-27,9.99998e-01,8.82039e-01
7.289671094e+00,3.45796e-24,9.99999e-01,3.82897e-24,9.99998e-01,9.03104e-01
7.326119449e+00,5.27986e-24,9.99999e-01,5.73066e-24,9.99998e-01,9.21334e-01
7.362750046e+00,4.41915e-18,9.99999e-01,4.71507e-18,9.99998e-01,9.37239e-01
7.399563797e+00,2.09333e-14,9.99999e-01,2.20412e-14,9.99998e-01,9.49734e-01
7.436561616e+00,4.05929e-16,9.99999e-01,4.23125e-16,9.99998e-01,9.59359e-01
7.473744424e+00,1.83040e-15,9.99999e-01,1.89130e-15,9.99998e-01,9.67798e-01
7.511113146e+00,7.38456e-13,9.99999e-01,7.57448e-13,9.99998e-01,9.74925e-01
7.548668712e+00,5.14267e-14,9.99999e-01,5.24914e-14,9.99998e-01,9.79717e-01
7.586412055e+00,4.31405e-24,9.99999e-01,4.38534e-24,9.99998e-01,9.83744e-01
7.624344115e+00,1.12938e-12,9.99999e-01,1.14429e-12,9.99998e-01,9.86973e-01
7.662465836e+00,6.94738e-08,9.99999e-01,7.02209e-08,9.99998e-01,9.89361e-01
7.700778165e+00,3.76370e-08,9.99999e-01,3.79653e-08,9.99998e-01,9.91352e-01
7.739282056e+00,1.75760e-12,9.99999e-01,1.77038e-12,9.99998e-01,9.92785e-01
7.777978466e+00,1.19540e-08,9.99999e-01,1.20251e-08,9.99998e-01,9.94083e-01
7.816868359e+00,3.03328e-07,9.99999e-01,3.04778e-07,9.99998e-01,9.95241e-01
7.855952700e+00,8.44764e-08,9.99999e-01,8.48164e-08,9.99998e-01,9.95992e-01
7.895232464e+00,7.35332e-08,9.99999e-01,7.37846e-08,9.99998e-01,9.96593e-01
7.934708626e+00,1.34166e-05,9.99999e-01,1.34557e-05,9.99998e-01,9.97098e-01
7.974382169e+00,1.06010e-03,9.99999e-01,1.06281e-03,9.99998e-01,9.97449e-01
8.014254080e+00,2.69171e-04,9.99999e-01,2.69767e-04,9.99998e-01,9.97790e-01
8.054325351e+00,3.30826e-04,9.99999e-01,3.31449e-04,9.99998e-01,9.98121e-01
8.094596977e+00,4.97881e-03,9.99999e-01,4.98665e-03,9.99998e-01,9.98428e-01
8.135069962e+00,3.85981e-03,9.99999e-01,3.86480e-03,9.99998e-01,9.98707e-01
8.175745312e+00,1.09872e-03,9.99999e-01,1.09993e-03,9.99998e-01,9.98900e-01
8.216624039e+00,1.20867e-02,9.99999e-01,1.20981e-02,9.99998e-01,9.99056e-01
8.257707159e+00,2.17807e-02,9.99999e-01,2.17985e-02,9.99998e-01,9.99185e-01
8.298995695e+00,8.65447e-02,9.99999e-01,8.66084e-02,9.99998e-01,9.99264e-01
8.340490673e+00,4.81747e-02,9.99999e-01,4.82065e-02,9.99998e-01,9.99340e-01
8.382193126e+00,1.19785e-01,9.99999e-01,1.19854e-01,9.99998e-01,9.99419e-01
8.424104092e+00,5.85892e-02,9.99999e-01,5.86191e-02,9.99998e-01,9.99491e-01
8.466224613e+00,1.10449e-01,9.99999e-01,1.10498e-01,9.99999e-01,9.99558e-01
8.508555736e+00,5.25824e-02,9.99999e-01,5.26033e-02,9.99999e-01,9.99601e-01
8.551098514e+00,2.51374e-01,9.99999e-01,2.51465e-01,9.99999e-01,9.99640e-01
8.593854007e+00,4.21161e-01,9.99999e-01,4.21302e-01,9.99999e-01,9.99666e-01
8.636823277e+00,4.61200e-01,9.99999e-01,4.61341e-01,9.99999e-01,9.99694e-01
8.680007393e+00,2.83936e-01,9.99999e-01,2.84015e-01,9.99999e-01,9.99722e-01
8.723407430e+00,3.73072e-01,9.99999e-01,3.73165e-01,9.99999e-01,9.99751e-01
8.767024467e+00,3.07675e-01,9.99999e-01,3.07743e-01,9.99999e-01,9.99780e-01
8.810859590e+00,3.02864e-01,9.99999e-01,3.02926e-01,9.99999e-01,9.99796e-01
8.854913888e+00,6.11446e-01,9.99999e-01,6.11561e-01,9.99999e-01,9.99810e-01
8.899188457e+00,5.60696e-01,9.99999e-01,5.60795e-01,9.99999e-01,9.99822e-01
8.943684399e+00,4.81364e-01,9.99999e-01,4.81445e-01,9.99999e-01,9.99832e-01
8.988402821e+00,4.57775e-01,9.99999e-01,4.57848e-01,9.99999e-01,9.99840e-01
9.033344836e+00,3.70967e-01,9.99999e-01,3.71023e-01,9.99999e-01,9.99848e-01
9.078511560e+00,4.83973e-01,9.99999e-01,4.84042e-01,9.99999e-01,9.99857e-01
9.123904118e+00,6.01182e-01,9.99999e-01,6.01265e-01,9.99999e-01,9.99862e-01
9.169523638e+00,5.18872e-01,9.99999e-01,5.18942e-01,9.99999e-01,9.99865e-01
9.215371256e+00,7.19249e-01,9.99999e-01,7.19343e-01,9.99999e-01,9.99868e-01
9.261448113e+00,6.97463e-01,9.99999e-01,6.97553e-01,9.99999e-01,9.99870e-01
9.307755353e+00,5.88539e-01,9.99999e-01,5.88614e-01,9.99999e-01,9.99872e-01
9.354294130e+00,5.16460e-01,9.99999e-01,5.16526e-01,9.99999e-01,9.99873e-01
9.401065601e+00,3.82576e-01,9.99999e-01,3.82625e-01,9.99999e-01,9.99872e-01
9.448070929e+00,4.52769e-01,9.99999e-01,4.52828e-01,9.99999e-01,9.99870e-01
9.495311283e+00,6.77418e-01,9.99999e-01,6.77508e-01,9.99999e-01,9.99867e-01
9.542787840e+00,7.50480e-01,9.99999e-01,7.50581e-01,9.99999e-01,9.99864e-01
9.590501779e+00,6.22213e-01,9.99999e-01,6.22300e-01,9.99999e-01,9.99860e-01
9.638454288e+00,6.30409e-01,9.99999e-01,6.30499e-01,9.99999e-01,9.99856e-01
9.686646559e+00,6.52814e-01,9.99999e-01,6.52910e-01,9.99999e-01,9.99852e-01
9.735079792e+00,7.26645e-01,9.99999e-01,7.26756e-01,9.99999e-01,9.99847e-01
9.783755191e+00,6.69285e-01,9.99999e-01,6.69391e-01,9.99999e-01,9.99842e-01
9.832673967e+00,4.12668e-01,9.99999e-01,4.12736e-01,9.99999e-01,9.99835e-01
9.881837337e+00,2.45123e-01,9.99999e-01,2.45165e-01,9.99999e-01,9.99828e-01
9.931246523e+00,5.45457e-01,9.99999e-01,5.45555e-01,9.99999e-01,9.99820e-01
9.980902756e+00,6.82885e-01,9.99999e-01,6.83013e-01,9.99999e-01,9.99812e-01
1.003080727e+01,6.84816e-01,9.99999e-01,6.84950e-01,9.99999e-01,9.99803e-01
1.008096131e+01,7.18820e-01,9.99999e-01,7.18968e-01,9.99999e-01,9.99794e-01
1.013136611e+01,7.75887e-01,9.99999e-01,7.76054e-01,9.99999e-01,9.99784e-01
1.018202294e+01,7.98595e-01,9.99999e-01,7.98775e-01,9.99999e-01,9.99774e-01
1.023293306e+01,6.67069e-01,9.99999e-01,6.67227e-01,9.99999e-01,9.99762e-01
1.028409772e+01,4.90966e-01,9.99999e-01,4.91088e-01,9.99999e-01,9.99750e-01
1.033551821e+01,4.60886e-01,9.99999e-01,4.61007e-01,9.99999e-01,9.99738e-01
1.038719580e+01,2.76719e-01,9.99999e-01,2.76795e-01,9.99999e-01,9.99725e-01
1.043913178e+01,2.94405e-01,9.99999e-01,2.94490e-01,9.99999e-01,9.99711e-01
1.049132744e+01,4.86642e-01,9.99999e-01,4.86790e-01,9.99999e-01,9.99695e-01
1.054378408e+01,5.86427e-01,9.99999e-01,5.86614e-01,9.99999e-01,9.99679e-01
1.059650300e+01,5.70479e-01,9.99999e-01,5.70671e-01,9.99999e-01,9.99663e-01
1.064948551e+01,5.36348e-01,9.99999e-01,5.36537e-01,9.99999e-01,9.99645e-01
1.070273294e+01,4.10486e-01,9.99999e-01,4.10639e-01,9.99999e-01,9.99627e-01
1.075624661e+01,4.35050e-01,9.99999e-01,4.35221e-01,9.99999e-01,9.99607e-01
1.081002784e+01,4.38610e-01,9.99999e-01,4.38791e-01,9.99999e-01,9.99587e-01
1.086407798e+01,2.54653e-01,9.99999e-01,2.54763e-01,9.99999e-01,9.99567e-01
1.091839837e+01,1.27711e-01,9.99999e-01,1.27769e-01,9.99999e-01,9.99543e-01
1.097299036e+01,4.70755e-02,9.99999e-01,4.70981e-02,9.99999e-01,9.99520e-01
1.102785531e+01,3.55132e-02,9.99999e-01,3.55311e-02,9.99999e-01,9.99494e-01
1.108299459e+01,1.72156e-01,9.99999e-01,1.72247e-01,9.99999e-01,9.99468e-01
1.113840956e+01,4.01560e-01,9.99999e-01,4.01784e-01,9.99999e-01,9.99441e-01
1.119410161e+01,4.93452e-01,9.99999e-01,4.93742e-01,9.99999e-01,9.99412e-01
1.125007212e+01,3.79684e-01,9.99999e-01,3.79918e-01,9.99999e-01,9.99382e-01
1.130632248e+01,3.33732e-01,9.99999e-01,3.33949e-01,9.99999e-01,9.99349e-01
1.136285409e+01,4.42929e-01,9.99999e-01,4.43232e-01,9.99999e-01,9.99316e-01
1.141966836e+01,4.78774e-01,9.99999e-01,4.79118e-01,9.99999e-01,9.99280e-01
1.147676670e+01,4.06943e-01,9.99999e-01,4.07250e-01,9.99999e-01,9.99245e-01
1.153415054e+01,1.86771e-01,9.99999e-01,1.86919e-01,9.99999e-01,9.99207e-01
1.159182129e+01,1.28952e-01,9.99999e-01,1.29060e-01,9.99999e-01,9.99168e-01
1.164978039e+01,3.86122e-02,9.99999e-01,3.86460e-02,9.99999e-01,9.99126e-01
1.170802930e+01,1.21190e-02,9.99999e-01,1.21301e-02,9.99999e-01,9.99082e-01
1.176656944e+01,6.90842e-02,9.99999e-01,6.91507e-02,9.99999e-01,9.99037e-01
1.182540229e+01,1.99528e-01,9.99999e-01,1.99730e-01,9.99999e-01,9.98987e-01
1.188452930e+01,2.02418e-01,9.99999e-01,2.02634e-01,9.99999e-01,9.98935e-01
1.194395195e+01,2.56538e-01,9.99999e-01,2.56826e-01,9.99999e-01,9.98878e-01
1.200367171e+01,3.42662e-01,9.99999e-01,3.43067e-01,9.99999e-01,9.98818e-01
1.206369007e+01,2.12203e-01,9.99999e-01,2.12467e-01,9.99999e-01,9.98756e-01
1.212400852e+01,3.28400e-01,9.99999e-01,3.28831e-01,9.99999e-01,9.98689e-01
1.218462856e+01,3.23679e-01,9.99999e-01,3.24125e-01,9.99999e-01,9.98621e-01
1.224555170e+01,8.60560e-02,9.99999e-01,8.61806e-02,9.99999e-01,9.98553e-01
1.230677946e+01,5.95700e-02,9.99999e-01,5.96603e-02,9.99999e-01,9.98485e-01
1.236831336e+01,6.66329e-03,9.99999e-01,6.67388e-03,9.99999e-01,9.98413e-01
1.243015492e+01,2.45112e-03,9.99999e-01,2.45520e-03,9.99999e-01,9.98337e-01
1.249230570e+01,2.75518e-03,9.99999e-01,2.75997e-03,9.99999e-01,9.98262e-01
1.255476723e+01,6.79903e-03,9.99999e-01,6.81142e-03,9.99999e-01,9.98180e-01
1.261754106e+01,5.99328e-02,9.99999e-01,6.00470e-02,9.99999e-01,9.98098e-01
1.268062877e+01,1.51681e-01,9.99999e-01,1.51983e-01,9.99999e-01,9.98010e-01
1.274403191e+01,1.14676e-01,9.99999e-01,1.14915e-01,9.99999e-01,9.97914e-01
1.280775207e+01,1.87620e-01,9.99999e-01,1.88030e-01,9.99999e-01,9.97818e-01
1.287179083e+01,1.04681e-01,9.99999e-01,1.04921e-01,9.99999e-01,9.97713e-01
1.293614979e+01,1.37216e-01,9.99999e-01,1.37545e-01,9.99999e-01,9.97606e-01
1.300083054e+01,2.87343e-02,9.99999e-01,2.88064e-02,9.99999e-01,9.97497e-01
1.306583469e+01,3.60724e-02,9.99999e-01,3.61670e-02,9.99999e-01,9.97384e-01
1.313116386e+01,3.10483e-02,9.99999e-01,3.11332e-02,9.99999e-01,9.97271e-01
1.319681968e+01,1.89525e-02,9.99999e-01,1.90067e-02,9.99999e-01,9.97147e-01
1.326280378e+01,9.86271e-04,9.99999e-01,9.89219e-04,9.99999e-01,9.97019e-01
1.332911780e+01,2.02638e-03,9.99999e-01,2.03270e-03,9.99999e-01,9.96890e-01
1.339576339e+01,6.94649e-04,9.99999e-01,6.96922e-04,9.99999e-01,9.96737e-01
1.346274221e+01,3.01848e-05,9.99999e-01,3.02883e-05,9.99999e-01,9.96582e-01
1.353005592e+01,5.17943e-03,9.99999e-01,5.19806e-03,9.99999e-01,9.96416e-01
1.359770620e+01,1.05827e-02,9.99999e-01,1.06228e-02,9.99999e-01,9.96226e-01
1.366569473e+01,8.09380e-03,9.99999e-01,8.12601e-03,9.99999e-01,9.96036e-01
1.373402320e+01,3.25845e-02,9.99999e-01,3.27206e-02,9.99999e-01,9.95840e-01
1.380269332e+01,4.97713e-02,9.99999e-01,4.99892e-02,9.99999e-01,9.95640e-01
1.387170678e+01,1.60243e-02,9.99999e-01,1.60977e-02,9.99999e-01,9.95439e-01
1.394106532e+01,9.48008e-03,9.99999e-01,9.52543e-03,9.99999e-01,9.95238e-01
1.401077064e+01,2.28548e-03,9.99999e-01,2.29688e-03,9.99999e-01,9.95035e-01
1.408082450e+01,3.11483e-03,9.99999e-01,3.13101e-03,9.99999e-01,9.94832e-01
1.415122862e+01,1.06064e-04,9.99999e-01,1.06639e-04,9.99999e-01,9.94615e-01
1.422198476e+01,7.42222e-06,9.99999e-01,7.46403e-06,9.99999e-01,9.94397e-01
1.429309469e+01,2.31151e-05,9.99999e-01,2.32506e-05,9.99999e-01,9.94171e-01
1.436456016e+01,1.46327e-06,9.99999e-01,1.47223e-06,9.99999e-01,9.93915e-01
1.443638296e+01,2.40260e-07,9.99999e-01,2.41793e-07,9.99999e-01,9.93658e-01
1.450856487e+01,3.61381e-06,9.99999e-01,3.63784e-06,9.99999e-01,9.93393e-01
1.458110770e+01,4.39658e-04,9.99999e-01,4.42707e-04,9.99999e-01,9.93113e-01
1.465401324e+01,1.60259e-03,9.99999e-01,1.61416e-03,9.99999e-01,9.92831e-01
1.472728330e+01,1.59979e-03,9.99999e-01,1.61182e-03,9.99999e-01,9.92539e-01
1.480091972e+01,2.13518e-04,9.99999e-01,2.15190e-04,9.99999e-01,9.92230e-01
1.487492432e+01,9.75680e-07,9.99999e-01,9.83627e-07,9.99999e-01,9.91919e-01
1.494929894e+01,1.22585e-05,9.99999e-01,1.23624e-05,9.99999e-01,9.91588e-01
1.502404544e+01,2.48039e-04,9.99999e-01,2.50234e-04,9.99999e-01,9.91228e-01
1.509916566e+01,3.98916e-04,9.99999e-01,4.02593e-04,9.99999e-01,9.90866e-01
1.517466149e+01,7.37846e-05,9.99999e-01,7.44930e-05,9.99999e-01,9.90489e-01
1.525053480e+01,4.71559e-04,9.99999e-01,4.76278e-04,9.99999e-01,9.90091e-01
1.532678747e+01,3.29865e-05,9.99999e-01,3.33300e-05,9.99999e-01,9.89692e-01
1.540342141e+01,8.04844e-06,9.99999e-01,8.15412e-06,9.99999e-01,9.87038e-01
1.548043852e+01,1.64566e-06,9.99999e-01,1.66828e-06,9.99999e-01,9.86446e-01
1.555784071e+01,9.73817e-09,9.99999e-01,9.87715e-09,9.99999e-01,9.85928e-01
1.563562991e+01,1.50600e-11,9.99999e-01,1.52831e-11,9.99999e-01,9.85401e-01
1.571380806e+01,5.67252e-12,9.99999e-01,5.75977e-12,9.99999e-01,9.84851e-01
1.579237710e+01,3.26825e-09,9.99999e-01,3.32039e-09,9.99999e-01,9.84296e-01
1.587133899e+01,2.12863e-07,9.99999e-01,2.16383e-07,9.99999e-01,9.83730e-01
1.595069568e+01,1.18059e-08,9.99999e-01,1.20095e-08,9.99999e-01,9.83046e-01
1.603044916e+01,7.20806e-11,9.99999e-01,7.33750e-11,9.99999e-01,9.82357e-01
1.611060141e+01,4.54909e-11,9.99999e-01,4.63405e-11,9.99999e-01,9.81665e-01
1.619115441e+01,2.41235e-10,9.99999e-01,2.45921e-10,9.99999e-01,9.80945e-01
1.627211019e+01,1.55899e-11,9.99999e-01,1.59045e-11,9.99999e-01,9.80217e-01
1.635347074e+01,1.74119e-10,9.99999e-01,1.77766e-10,9.99999e-01,9.79485e-01
1.643523809e+01,1.24245e-10,9.99999e-01,1.26945e-10,9.99999e-01,9.78727e-01
1.651741428e+01,7.49491e-12,9.99999e-01,7.66387e-12,9.99999e-01,9.77953e-01
1.660000135e+01,1.10359e-14,9.99999e-01,1.12937e-14,9.99999e-01,9.77173e-01
1.668300136e+01,2.35115e-15,9.99999e-01,2.40799e-15,9.99999e-01,9.76395e-01
1.676641637e+01,5.93195e-13,9.99999e-01,6.08011e-13,9.99999e-01,9.75630e-01
1.685024845e+01,1.46442e-13,9.99999e-01,1.50219e-13,9.99999e-01,9.74861e-01
1.693449969e+01,2.02938e-16,9.99999e-01,2.08336e-16,9.99999e-01,9.74088e-01
1.701917219e+01,8.41893e-18,9.99999e-01,8.65018e-18,9.99999e-01,9.73266e-01
1.710426805e+01,1.01540e-22,9.99999e-01,1.04418e-22,9.99999e-01,9.72436e-01
1.718978939e+01,2.26305e-24,9.99999e-01,2.32920e-24,9.99999e-01,9.71600e-01
1.727573834e+01,1.29494e-24,9.99999e-01,1.33405e-24,9.99999e-01,9.70686e-01
1.736211703e+01,4.77377e-27,9.99999e-01,4.92299e-27,9.99999e-01,9.69690e-01
1.744892761e+01,3.18993e-23,9.99999e-01,3.29303e-23,9.99999e-01,9.68689e-01
1.753617225e+01,6.09062e-19,9.99999e-01,6.29402e-19,9.99999e-01,9.67682e-01
1.762385311e+01,5.01632e-18,9.99999e-01,5.18936e-18,9.99999e-01,9.66654e-01
1.771197238e+01,6.45765e-20,9.99999e-01,6.68755e-20,9.99999e-01,9.65622e-01
1.780053224e+01,8.44073e-21,9.99999e-01,8.75064e-21,9.99999e-01,9.64584e-01
1.788953490e+01,6.60542e-23,9.99999e-01,6.85616e-23,9.99999e-01,9.63428e-01
1.797898258e+01,1.98997e-25,9.99999e-01,2.06830e-25,9.99999e-01,9.62127e-01
1.806887749e+01,2.27752e-26,9.99999e-01,2.37038e-26,9.99999e-01,9.60822e-01
1.815922188e+01,5.01781e-35,9.99999e-01,5.22955e-35,9.99999e-01,9.59509e-01
1.825001799e+01,1.32151e-26,9.99999e-01,1.37919e-26,9.99999e-01,9.58176e-01
1.834126808e+01,2.50751e-25,9.99999e-01,2.62063e-25,9.99999e-01,9.56834e-01
1.843297442e+01,1.34887e-25,9.99999e-01,1.41171e-25,9.99999e-01,9.55485e-01
1.852513929e+01,2.99588e-34,9.99999e-01,3.13993e-34,9.99999e-01,9.54123e-01
1.861776499e+01,1.28290e-40,9.99999e-01,1.34656e-40,9.99999e-01,9.52725e-01
1.871085381e+01,9.95219e-33,9.99999e-01,1.04615e-32,9.99999e-01,9.51318e-01
1.880440808e+01,3.46898e-27,9.99999e-01,3.65191e-27,9.99999e-01,9.49908e-01
1.889843012e+01,2.62790e-28,9.99999e-01,2.77059e-28,9.99999e-01,9.48495e-01
1.899292227e+01,7.67209e-39,9.99999e-01,8.10073e-39,9.99999e-01,9.47084e-01
1.908788688e+01,1.61833e-36,9.99999e-01,1.71130e-36,9.99999e-01,9.45669e-01
1.918332632e+01,4.96366e-37,9.99999e-01,5.25674e-37,9.99999e-01,9.44246e-01
1.927924295e+01,8.72060e-46,9.99999e-01,9.25047e-46,9.99999e-01,9.42719e-01
1.937563916e+01,2.70961e-70,9.99999e-01,2.87913e-70,9.99999e-01,9.41118e-01
1.947251736e+01,2.27208e-71,9.99999e-01,2.41836e-71,9.99999e-01,9.39513e-01
1.956987994e+01,1.61583e-68,9.99999e-01,1.72281e-68,9.99999e-01,9.37900e-01
1.966772934e+01,1.08491e-56,9.99999e-01,1.15895e-56,9.99999e-01,9.36113e-01
1.976606799e+01,4.68875e-55,9.99999e-01,5.01874e-55,9.99999e-01,9.34249e-01
1.986489833e+01,3.71720e-59,9.99999e-01,3.98679e-59,9.99999e-01,9.32377e-01
1.996422282e+01,2.28784e-55,9.99999e-01,2.45872e-55,9.99999e-01,9.30497e-01
