#,Wave/freq,Total,N2,H2O,Rayleigh,CIA
4.000000000e-01,5.87488e-01,9.99999e-01,9.99939e-01,5.87523e-01,9.99999e-01
4.020000000e-01,5.93712e-01,9.99999e-01,9.99962e-01,5.93734e-01,9.99999e-01
4.040100000e-01,5.99870e-01,9.99999e-01,9.99983e-01,5.99879e-01,9.99999e-01
4.060300500e-01,6.05963e-01,9.99999e-01,9.99995e-01,6.05965e-01,9.99999e-01
4.080602003e-01,6.11990e-01,9.99999e-01,9.99998e-01,6.11991e-01,9.99999e-01
4.101005013e-01,6.17956e-01,9.99999e-01,9.99999e-01,6.17956e-01,9.99999e-01
4.121510038e-01,6.23858e-01,9.99999e-01,9.99997e-01,6.23859e-01,9.99999e-01
4.142117588e-01,6.29690e-01,9.99999e-01,9.99982e-01,6.29700e-01,9.99999e-01
4.162828176e-01,6.35432e-01,9.99999e-01,9.99925e-01,6.35479e-01,9.99999e-01
4.183642317e-01,6.41168e-01,9.99999e-01,9.99955e-01,6.41196e-01,9.99999e-01
4.204560528e-01,6.46832e-01,9.99999e-01,9.99972e-01,6.46849e-01,9.99999e-01
4.225583331e-01,6.52433e-01,9.99999e-01,9.99989e-01,6.52440e-01,9.99999e-01
4.246711247e-01,6.57961e-01,9.99999e-01,9.99991e-01,6.57966e-01,9.99999e-01
4.267944804e-01,6.63421e-01,9.99999e-01,9.99987e-01,6.63429e-01,9.99999e-01
4.289284528e-01,6.68822e-01,9.99999e-01,9.99990e-01,6.68828e-01,9.99999e-01
4.310730950e-01,6.74160e-01,9.99999e-01,9.99995e-01,6.74163e-01,9.99999e-01
4.332284605e-01,6.79433e-01,9.99999e-01,9.99998e-01,6.79434e-01,9.99999e-01
4.353946028e-01,6.84640e-01,9.99999e-01,9.99999e-01,6.84641e-01,9.99999e-01
4.375715758e-01,6.89778e-01,9.99999e-01,9.99992e-01,6.89783e-01,9.99999e-01
4.397594337e-01,6.94817e-01,9.99999e-01,9.99934e-01,6.94862e-01,9.99999e-01
4.419582309e-01,6.99644e-01,9.99999e-01,9.99667e-01,6.99877e-01,9.99999e-01
4.441680220e-01,7.04645e-01,9.99999e-01,9.99741e-01,7.04827e-01,9.99999e-01
4.463888621e-01,7.09523e-01,9.99999e-01,9.99730e-01,7.09714e-01,9.99999e-01
4.486208064e-01,7.14418e-01,9.99999e-01,9.99832e-01,7.14537e-01,9.99999e-01
4.508639105e-01,7.19241e-01,9.99999e-01,9.99921e-01,7.19297e-01,9.99999e-01
4.531182300e-01,7.23971e-01,9.99999e-01,9.99968e-01,7.23993e-01,9.99999e-01
4.553838212e-01,7.28612e-01,9.99999e-01,9.99978e-01,7.28627e-01,9.99999e-01
4.576607403e-01,7.33191e-01,9.99999e-01,9.99989e-01,7.33198e-01,9.99999e-01
4.599490440e-01,7.37701e-01,9.99999e-01,9.99992e-01,7.37706e-01,9.99999e-01
4.622487892e-01,7.42151e-01,9.99999e-01,9.99998e-01,7.42152e-01,9.99999e-01
4.645600332e-01,7.46533e-01,9.99999e-01,9.99994e-01,7.46536e-01,9.99999e-01
4.668828333e-01,7.50800e-01,9.99999e-01,9.99920e-01,7.50859e-01,9.99999e-01
4.692172475e-01,7.54994e-01,9.99999e-01,9.99830e-01,7.55121e-01,9.99999e-01
4.715633337e-01,7.59238e-01,9.99999e-01,9.99889e-01,7.59322e-01,9.99999e-01
4.739211504e-01,7.63382e-01,9.99999e-01,9.99893e-01,7.63463e-01,9.99999e-01
4.762907561e-01,7.67502e-01,9.99999e-01,9.99944e-01,7.67544e-01,9.99999e-01
4.786722099e-01,7.71548e-01,9.99999e-01,9.99977e-01,7.71565e-01,9.99999e-01
4.810655710e-01,7.75522e-01,9.99999e-01,9.99992e-01,7.75528e-01,9.99999e-01
4.834708988e-01,7.79381e-01,9.99999e-01,9.99934e-01,7.79432e-01,9.99999e-01
4.858882533e-01,7.83184e-01,9.99999e-01,9.99880e-01,7.83277e-01,9.99999e-01
4.883176946e-01,7.86987e-01,9.99999e-01,9.99899e-01,7.87066e-01,9.99999e-01
4.907592831e-01,7.90726e-01,9.99999e-01,9.99909e-01,7.90797e-01,9.99999e-01
4.932130795e-01,7.94421e-01,9.99999e-01,9.99935e-01,7.94472e-01,9.99999e-01
4.956791449e-01,7.98064e-01,9.99999e-01,9.99965e-01,7.98091e-01,9.99999e-01
4.981575406e-01,8.01518e-01,9.99999e-01,9.99829e-01,8.01654e-01,9.99999e-01
5.006483283e-01,8.04805e-01,9.99999e-01,9.99559e-01,8.05162e-01,9.99996e-01
5.031515699e-01,8.06795e-01,9.99999e-01,9.97770e-01,8.08616e-01,9.99976e-01
5.056673278e-01,8.11039e-01,9.99999e-01,9.98823e-01,8.12016e-01,9.99972e-01
5.081956644e-01,8.14139e-01,9.99999e-01,9.98515e-01,8.15363e-01,9.99982e-01
5.107366428e-01,8.17834e-01,9.99999e-01,9.98997e-01,8.18657e-01,9.99996e-01
5.132903260e-01,8.21428e-01,9.99999e-01,9.99426e-01,8.21899e-01,9.99999e-01
5.158567776e-01,8.24890e-01,9.99999e-01,9.99757e-01,8.25089e-01,9.99999e-01
5.184360615e-01,8.28149e-01,9.99999e-01,9.99902e-01,8.28229e-01,9.99999e-01
5.210282418e-01,8.31288e-01,9.99999e-01,9.99963e-01,8.31318e-01,9.99999e-01
5.236333830e-01,8.34235e-01,9.99999e-01,9.99854e-01,8.34357e-01,9.99998e-01
5.262515499e-01,8.37269e-01,9.99999e-01,9.99908e-01,8.37347e-01,9.99998e-01
5.288828077e-01,8.40217e-01,9.99999e-01,9.99916e-01,8.40288e-01,9.99998e-01
5.315272217e-01,8.43119e-01,9.99999e-01,9.99926e-01,8.43181e-01,9.99999e-01
5.341848578e-01,8.45986e-01,9.99999e-01,9.99951e-01,8.46027e-01,9.99999e-01
5.368557821e-01,8.48682e-01,9.99999e-01,9.99830e-01,8.48826e-01,9.99999e-01
5.395400610e-01,8.51053e-01,9.99999e-01,9.99388e-01,8.51578e-01,9.99994e-01
5.422377613e-01,8.53599e-01,9.99999e-01,9.99210e-01,8.54285e-01,9.99985e-01
5.449489501e-01,8.56305e-01,9.99999e-01,9.99265e-01,8.56946e-01,9.99984e-01
5.476736949e-01,8.58999e-01,9.99999e-01,9.99349e-01,8.59564e-01,9.99992e-01
5.504120634e-01,8.61729e-01,9.99999e-01,9.99527e-01,8.62137e-01,9.99997e-01
5.531641237e-01,8.64461e-01,9.99999e-01,9.99762e-01,8.64667e-01,9.99999e-01
5.559299443e-01,8.67054e-01,9.99999e-01,9.99885e-01,8.67154e-01,9.99999e-01
5.587095940e-01,8.69536e-01,9.99999e-01,9.99927e-01,8.69599e-01,9.99999e-01
5.615031420e-01,8.71932e-01,9.99999e-01,9.99919e-01,8.72002e-01,9.99999e-01
5.643106577e-01,8.74284e-01,9.99999e-01,9.99908e-01,8.74364e-01,9.99998e-01
5.671322110e-01,8.75709e-01,9.99999e-01,9.98894e-01,8.76686e-01,9.99989e-01
5.699678720e-01,8.77912e-01,9.99999e-01,9.98827e-01,8.78968e-01,9.99969e-01
5.728177114e-01,8.80112e-01,9.99999e-01,9.98778e-01,8.81211e-01,9.99974e-01
5.756818000e-01,8.82411e-01,9.99999e-01,9.98878e-01,8.83414e-01,9.99984e-01
5.785602090e-01,8.84711e-01,9.99999e-01,9.99022e-01,8.85580e-01,9.99994e-01
5.814530100e-01,8.86836e-01,9.99999e-01,9.99018e-01,8.87708e-01,9.99997e-01
5.843602750e-01,8.88752e-01,9.99999e-01,9.98829e-01,8.89799e-01,9.99992e-01
5.872820764e-01,8.82838e-01,9.99999e-01,9.89960e-01,8.91854e-01,9.99928e-01
5.902184868e-01,8.82837e-01,9.99999e-01,9.87844e-01,8.93872e-01,9.99806e-01
5.931695792e-01,8.87989e-01,9.99999e-01,9.91402e-01,8.95855e-01,9.99813e-01
5.961354271e-01,8.89249e-01,9.99999e-01,9.90576e-01,8.97803e-01,9.99892e-01
5.991161043e-01,8.93497e-01,9.99999e-01,9.93118e-01,8.99717e-01,9.99966e-01
6.021116848e-01,8.98070e-01,9.99999e-01,9.96090e-01,9.01597e-01,9.99995e-01
6.051222432e-01,9.01656e-01,9.99999e-01,9.98020e-01,9.03444e-01,9.99999e-01
6.081478544e-01,9.04485e-01,9.99999e-01,9.99145e-01,9.05258e-01,9.99999e-01
6.111885937e-01,9.06712e-01,9.99999e-01,9.99638e-01,9.07039e-01,9.99999e-01
6.142445367e-01,9.08642e-01,9.99999e-01,9.99838e-01,9.08789e-01,9.99999e-01
6.173157594e-01,9.10426e-01,9.99999e-01,9.99910e-01,9.10507e-01,9.99999e-01
6.204023382e-01,9.12126e-01,9.99999e-01,9.99924e-01,9.12195e-01,9.99999e-01
6.235043498e-01,9.13548e-01,9.99999e-01,9.99667e-01,9.13852e-01,9.99998e-01
6.266218716e-01,9.13861e-01,9.99999e-01,9.98243e-01,9.15480e-01,9.99987e-01
6.297549810e-01,9.16465e-01,9.99999e-01,9.99355e-01,9.17078e-01,9.99974e-01
6.329037559e-01,9.17460e-01,9.99999e-01,9.98726e-01,9.18648e-01,9.99979e-01
6.360682746e-01,9.19180e-01,9.99999e-01,9.98914e-01,9.20189e-01,9.99987e-01
6.392486160e-01,9.20402e-01,9.99999e-01,9.98594e-01,9.21702e-01,9.99994e-01
6.424448591e-01,9.21442e-01,9.99999e-01,9.98117e-01,9.23187e-01,9.99991e-01
6.456570834e-01,9.16549e-01,9.99999e-01,9.91290e-01,9.24646e-01,9.99951e-01
6.488853688e-01,9.20049e-01,9.99999e-01,9.93624e-01,9.26078e-01,9.99864e-01
6.521297956e-01,9.21355e-01,9.99999e-01,9.93503e-01,9.27484e-01,9.99887e-01
6.553904446e-01,9.22774e-01,9.99999e-01,9.93525e-01,9.28864e-01,9.99916e-01
6.586673968e-01,9.25037e-01,9.99999e-01,9.94456e-01,9.30219e-01,9.99971e-01
6.619607338e-01,9.28662e-01,9.99999e-01,9.96906e-01,9.31549e-01,9.99993e-01
6.652705375e-01,9.31119e-01,9.99999e-01,9.98142e-01,9.32854e-01,9.99996e-01
6.685968902e-01,9.33329e-01,9.99999e-01,9.99136e-01,9.34136e-01,9.99999e-01
6.719398746e-01,9.35020e-01,9.99999e-01,9.99599e-01,9.35394e-01,9.99999e-01
6.752995740e-01,9.36426e-01,9.99999e-01,9.99782e-01,9.36629e-01,9.99999e-01
6.786760719e-01,9.37547e-01,9.99999e-01,9.99686e-01,9.37841e-01,9.99999e-01
6.820694522e-01,9.38524e-01,9.99999e-01,9.99463e-01,9.39030e-01,9.99996e-01
6.854797995e-01,9.39542e-01,9.99999e-01,9.99308e-01,9.40198e-01,9.99993e-01
6.889071985e-01,9.39753e-01,9.99999e-01,9.98324e-01,9.41344e-01,9.99984e-01
6.923517345e-01,9.16915e-01,9.99999e-01,9.73013e-01,9.42468e-01,9.99868e-01
6.958134932e-01,9.30012e-01,9.99999e-01,9.85914e-01,9.43572e-01,9.99709e-01
6.992925606e-01,9.31725e-01,9.99999e-01,9.86569e-01,9.44655e-01,9.99738e-01
7.027890234e-01,9.29884e-01,9.99999e-01,9.83452e-01,9.45718e-01,9.99800e-01
7.063029686e-01,9.33475e-01,9.99999e-01,9.86063e-01,9.46761e-01,9.99900e-01
7.098344834e-01,9.35052e-01,9.99999e-01,9.86623e-01,9.47785e-01,9.99940e-01
7.133836558e-01,9.31805e-01,9.99999e-01,9.82213e-01,9.48789e-01,9.99882e-01
7.169505741e-01,8.22474e-01,9.99999e-01,8.66762e-01,9.49775e-01,9.99081e-01
7.205353270e-01,8.84971e-01,9.99999e-01,9.32330e-01,9.50742e-01,9.98380e-01
7.241380036e-01,8.69196e-01,9.99999e-01,9.14595e-01,9.51691e-01,9.98601e-01
7.277586936e-01,8.77912e-01,9.99999e-01,9.22627e-01,9.52622e-01,9.98856e-01
7.313974871e-01,8.74658e-01,9.99999e-01,9.17769e-01,9.53536e-01,9.99464e-01
7.350544745e-01,9.10501e-01,9.99999e-01,9.54147e-01,9.54433e-01,9.99813e-01
7.387297469e-01,9.22767e-01,9.99999e-01,9.66014e-01,9.55312e-01,9.99914e-01
7.424233956e-01,9.40118e-01,9.99999e-01,9.83222e-01,9.56175e-01,9.99983e-01
7.461355126e-01,9.47256e-01,9.99999e-01,9.89797e-01,9.57022e-01,9.99996e-01
7.498661902e-01,9.53292e-01,9.99999e-01,9.95238e-01,9.57853e-01,9.99998e-01
7.536155211e-01,9.56426e-01,9.99999e-01,9.97661e-01,9.58668e-01,9.99998e-01
7.573835987e-01,9.58312e-01,9.99999e-01,9.98795e-01,9.59467e-01,9.99999e-01
7.611705167e-01,9.59534e-01,9.99999e-01,9.99251e-01,9.60252e-01,9.99999e-01
7.649763693e-01,9.60571e-01,9.99999e-01,9.99530e-01,9.61022e-01,9.99999e-01
7.688012511e-01,9.61462e-01,9.99999e-01,9.99672e-01,9.61777e-01,9.99999e-01
7.726452574e-01,9.62258e-01,9.99999e-01,9.99730e-01,9.62517e-01,9.99999e-01
7.765084837e-01,9.62875e-01,9.99999e-01,9.99617e-01,9.63244e-01,9.99999e-01
7.803910261e-01,9.62363e-01,9.99999e-01,9.98348e-01,9.63957e-01,9.99997e-01
7.842929812e-01,9.59094e-01,9.99999e-01,9.94244e-01,9.64656e-01,9.99988e-01
7.882144461e-01,9.53858e-01,9.99999e-01,9.88183e-01,9.65342e-01,9.99918e-01
7.921555184e-01,9.59609e-01,9.99999e-01,9.93508e-01,9.66014e-01,9.99858e-01
7.961162960e-01,9.55472e-01,9.99999e-01,9.88544e-01,9.66674e-01,9.99864e-01
8.000968774e-01,9.54394e-01,9.99999e-01,9.86775e-01,9.67322e-01,9.99856e-01
8.040973618e-01,9.55046e-01,9.99999e-01,9.86773e-01,9.67957e-01,9.99885e-01
8.081178486e-01,9.39862e-01,9.99999e-01,9.70454e-01,9.68580e-01,9.99892e-01
8.121584379e-01,8.55445e-01,9.99999e-01,8.83008e-01,9.69191e-01,9.99580e-01
8.162192301e-01,8.35620e-01,9.99999e-01,8.63009e-01,9.69790e-01,9.98424e-01
8.203003262e-01,9.00892e-01,9.99999e-01,9.30108e-01,9.70378e-01,9.98155e-01
8.244018279e-01,8.76947e-01,9.99999e-01,9.04508e-01,9.70954e-01,9.98531e-01
8.285238370e-01,8.88400e-01,9.99999e-01,9.15498e-01,9.71520e-01,9.98846e-01
8.326664562e-01,8.88785e-01,9.99999e-01,9.14753e-01,9.72074e-01,9.99522e-01
8.368297885e-01,9.12340e-01,9.99999e-01,9.38126e-01,9.72618e-01,9.99890e-01
8.410139374e-01,9.36829e-01,9.99999e-01,9.62736e-01,9.73152e-01,9.99935e-01
8.452190071e-01,9.55669e-01,9.99999e-01,9.81544e-01,9.73675e-01,9.99961e-01
8.494451021e-01,9.63683e-01,9.99999e-01,9.89246e-01,9.74188e-01,9.99968e-01
8.536923276e-01,9.68465e-01,9.99999e-01,9.93630e-01,9.74691e-01,9.99980e-01
8.579607893e-01,9.71351e-01,9.99999e-01,9.96071e-01,9.75185e-01,9.99995e-01
8.622505932e-01,9.73233e-01,9.99999e-01,9.97503e-01,9.75669e-01,9.99998e-01
8.665618462e-01,9.74636e-01,9.99999e-01,9.98454e-01,9.76144e-01,9.99999e-01
8.708946554e-01,9.74881e-01,9.99999e-01,9.98230e-01,9.76610e-01,9.99998e-01
8.752491287e-01,9.74752e-01,9.99999e-01,9.97633e-01,9.77066e-01,9.99997e-01
8.796253743e-01,9.74304e-01,9.99999e-01,9.96723e-01,9.77514e-01,9.99992e-01
8.840235012e-01,9.74272e-01,9.99999e-01,9.96257e-01,9.77953e-01,9.99976e-01
8.884436187e-01,9.65048e-01,9.99999e-01,9.86432e-01,9.78384e-01,9.99934e-01
8.928858368e-01,8.48268e-01,9.99999e-01,8.66958e-01,9.78806e-01,9.99625e-01
8.973502660e-01,7.60082e-01,9.99999e-01,7.77700e-01,9.79221e-01,9.98083e-01
9.018370173e-01,8.59162e-01,9.99999e-01,8.79677e-01,9.79627e-01,9.96989e-01
9.063462024e-01,8.72696e-01,9.99999e-01,8.92844e-01,9.80025e-01,9.97354e-01
9.108779334e-01,8.19491e-01,9.99999e-01,8.38163e-01,9.80416e-01,9.97251e-01
9.154323231e-01,8.00319e-01,9.99999e-01,8.17844e-01,9.80799e-01,9.97727e-01
9.200094847e-01,8.37524e-01,9.99999e-01,8.54680e-01,9.81175e-01,9.98727e-01
9.246095321e-01,7.71856e-01,9.99999e-01,7.87523e-01,9.81543e-01,9.98533e-01
9.292325798e-01,2.15202e-01,9.99999e-01,2.20426e-01,9.81904e-01,9.94294e-01
9.338787427e-01,1.36486e-01,9.99999e-01,1.42277e-01,9.82258e-01,9.76625e-01
9.385481364e-01,4.31752e-01,9.99999e-01,4.51930e-01,9.82606e-01,9.72261e-01
9.432408771e-01,3.30165e-01,9.99999e-01,3.44144e-01,9.82946e-01,9.76023e-01
9.479570815e-01,2.21278e-01,9.99999e-01,2.29530e-01,9.83280e-01,9.80442e-01
9.526968669e-01,3.11499e-01,9.99999e-01,3.20528e-01,9.83608e-01,9.88025e-01
9.574603512e-01,3.31107e-01,9.99999e-01,3.38580e-01,9.83929e-01,9.93898e-01
9.622476530e-01,4.00457e-01,9.99999e-01,4.08592e-01,9.84244e-01,9.95777e-01
9.670588912e-01,5.83350e-01,9.99999e-01,5.94219e-01,9.84553e-01,9.97109e-01
9.718941857e-01,7.04496e-01,9.99999e-01,7.16854e-01,9.84856e-01,9.97871e-01
9.767536566e-01,7.45776e-01,9.99999e-01,7.58248e-01,9.85152e-01,9.98372e-01
9.816374249e-01,8.01600e-01,9.99999e-01,8.13898e-01,9.85444e-01,9.99436e-01
9.865456120e-01,8.66343e-01,9.99999e-01,8.78988e-01,9.85729e-01,9.99882e-01
9.914783401e-01,9.10282e-01,9.99999e-01,9.23227e-01,9.86009e-01,9.99966e-01
9.964357318e-01,9.44279e-01,9.99999e-01,9.57428e-01,9.86283e-01,9.99980e-01
1.001417910e+00,9.61126e-01,9.99999e-01,9.74254e-01,9.86552e-01,9.99970e-01
1.006425000e+00,9.72208e-01,9.99999e-01,9.85237e-01,9.86816e-01,9.99958e-01
1.011457125e+00,9.77972e-01,9.99999e-01,9.90815e-01,9.87075e-01,9.99961e-01
1.016514411e+00,9.81136e-01,9.99999e-01,9.93754e-01,9.87329e-01,9.99972e-01
1.021596983e+00,9.82633e-01,9.99999e-01,9.95020e-01,9.87577e-01,9.99972e-01
1.026704968e+00,9.83965e-01,9.99999e-01,9.96114e-01,9.87821e-01,9.99981e-01
1.031838492e+00,9.85265e-01,9.99999e-01,9.97175e-01,9.88060e-01,9.99994e-01
1.036997685e+00,9.86635e-01,9.99999e-01,9.98321e-01,9.88295e-01,9.99998e-01
1.042182673e+00,9.86545e-01,9.99999e-01,9.97997e-01,9.88525e-01,9.99999e-01
1.047393587e+00,9.86126e-01,9.99999e-01,9.97346e-01,9.88750e-01,9.99999e-01
1.052630555e+00,9.85370e-01,9.99999e-01,9.96359e-01,9.88971e-01,9.99998e-01
1.057893707e+00,9.83180e-01,9.99999e-01,9.93927e-01,9.89188e-01,9.99997e-01
1.063183176e+00,9.79530e-01,9.99999e-01,9.90028e-01,9.89400e-01,9.99994e-01
1.068499092e+00,9.73132e-01,9.99999e-01,9.83361e-01,9.89608e-01,9.99988e-01
1.073841587e+00,9.70554e-01,9.99999e-01,9.80566e-01,9.89812e-01,9.99974e-01
1.079210795e+00,9.65354e-01,9.99999e-01,9.75157e-01,9.90013e-01,9.99932e-01
1.084606849e+00,9.53073e-01,9.99999e-01,9.62651e-01,9.90209e-01,9.99838e-01
1.090029883e+00,9.37442e-01,9.99999e-01,9.46843e-01,9.90401e-01,9.99665e-01
1.095480033e+00,8.53214e-01,9.99999e-01,8.61839e-01,9.90590e-01,9.99395e-01
1.100957433e+00,6.80573e-01,9.99999e-01,6.87674e-01,9.90775e-01,9.98887e-01
1.106462220e+00,3.93686e-01,9.99999e-01,3.98028e-01,9.90956e-01,9.98114e-01
1.111994531e+00,1.48608e-01,9.99999e-01,1.50690e-01,9.91134e-01,9.95003e-01
1.117554504e+00,4.98233e-02,9.99999e-01,5.11772e-02,9.91309e-01,9.82078e-01
1.123142276e+00,1.22341e-01,9.99999e-01,1.28799e-01,9.91479e-01,9.58023e-01
1.128757988e+00,2.29687e-01,9.99999e-01,2.43401e-01,9.91647e-01,9.51601e-01
1.134401778e+00,1.03402e-01,9.99999e-01,1.08747e-01,9.91811e-01,9.58694e-01
1.140073787e+00,3.98627e-01,9.99999e-01,4.15627e-01,9.91972e-01,9.66857e-01
1.145774156e+00,1.70840e-01,9.99999e-01,1.77590e-01,9.92130e-01,9.69620e-01
1.151503026e+00,1.44755e-01,9.99999e-01,1.48409e-01,9.92285e-01,9.82960e-01
1.157260541e+00,1.81268e-01,9.99999e-01,1.83590e-01,9.92437e-01,9.94874e-01
1.163046844e+00,2.79981e-01,9.99999e-01,2.82483e-01,9.92586e-01,9.98544e-01
1.168862078e+00,4.02801e-01,9.99999e-01,4.06054e-01,9.92732e-01,9.99249e-01
1.174706389e+00,5.67882e-01,9.99999e-01,5.72526e-01,9.92875e-01,9.99005e-01
1.180579921e+00,7.04797e-01,9.99999e-01,7.10822e-01,9.93015e-01,9.98496e-01
1.186482820e+00,8.16693e-01,9.99999e-01,8.23593e-01,9.93152e-01,9.98457e-01
1.192415234e+00,8.85660e-01,9.99999e-01,8.92676e-01,9.93287e-01,9.98844e-01
1.198377311e+00,9.01807e-01,9.99999e-01,9.08771e-01,9.93419e-01,9.98908e-01
1.204369197e+00,9.06886e-01,9.99999e-01,9.13676e-01,9.93549e-01,9.99012e-01
1.210391043e+00,9.10814e-01,9.99999e-01,9.17161e-01,9.93676e-01,9.99398e-01
1.216442998e+00,9.22997e-01,9.99999e-01,9.29096e-01,9.93800e-01,9.99631e-01
1.222525213e+00,9.38323e-01,9.99999e-01,9.44276e-01,9.93922e-01,9.99770e-01
1.228637839e+00,9.55129e-01,9.99999e-01,9.60955e-01,9.94042e-01,9.99893e-01
1.234781029e+00,9.65168e-01,9.99999e-01,9.70867e-01,9.94159e-01,9.99969e-01
1.240954934e+00,9.75851e-01,9.99999e-01,9.81478e-01,9.94274e-01,9.99990e-01
1.247159708e+00,9.80010e-01,9.99999e-01,9.85546e-01,9.94387e-01,9.99994e-01
1.253395507e+00,9.81719e-01,9.99999e-01,9.87156e-01,9.94498e-01,9.99992e-01
1.259662485e+00,9.82455e-01,9.99999e-01,9.87793e-01,9.94606e-01,9.99988e-01
1.265960797e+00,9.75369e-01,9.99999e-01,9.80571e-01,9.94712e-01,9.99980e-01
1.272290601e+00,9.64592e-01,9.99999e-01,9.69650e-01,9.94817e-01,9.99966e-01
1.278652054e+00,9.35820e-01,9.99999e-01,9.40654e-01,9.94919e-01,9.99940e-01
1.285045314e+00,8.90626e-01,9.99999e-01,8.95183e-01,9.95019e-01,9.99888e-01
1.291470541e+00,8.20504e-01,9.99999e-01,8.24690e-01,9.95117e-01,9.99805e-01
1.297927893e+00,7.74591e-01,9.99999e-01,7.78598e-01,9.95213e-01,9.99636e-01
1.304417533e+00,7.21702e-01,9.99999e-01,7.25662e-01,9.95307e-01,9.99231e-01
1.310939621e+00,6.88357e-01,9.99999e-01,6.92630e-01,9.95400e-01,9.98422e-01
1.317494319e+00,6.67229e-01,9.99999e-01,6.72210e-01,9.95490e-01,9.97084e-01
1.324081790e+00,5.51182e-01,9.99999e-01,5.56274e-01,9.95579e-01,9.95243e-01
1.330702199e+00,1.62222e-01,9.99999e-01,1.64273e-01,9.95666e-01,9.91813e-01
1.337355710e+00,5.07045e-03,9.99999e-01,5.17332e-03,9.95752e-01,9.84294e-01
1.344042489e+00,1.04046e-04,9.99999e-01,1.09583e-04,9.95836e-01,9.53437e-01
1.350762701e+00,3.88280e-12,9.99999e-01,4.59006e-12,9.95918e-01,8.49380e-01
1.357516515e+00,7.40089e-18,9.99999e-01,1.19976e-17,9.95998e-01,6.19342e-01
1.364304097e+00,1.97318e-11,9.99999e-01,4.58701e-11,9.96077e-01,4.31860e-01
1.371125618e+00,1.64277e-07,9.99999e-01,3.63955e-07,9.96154e-01,4.53107e-01
1.377981246e+00,6.06374e-07,9.99999e-01,1.19973e-06,9.96230e-01,5.07339e-01
1.384871152e+00,9.03558e-10,9.99999e-01,1.70676e-09,9.96304e-01,5.31362e-01
1.391795508e+00,2.18438e-11,9.99999e-01,4.00559e-11,9.96377e-01,5.47315e-01
1.398754485e+00,4.46792e-09,9.99999e-01,7.37693e-09,9.96449e-01,6.07818e-01
1.405748258e+00,6.07678e-09,9.99999e-01,8.15816e-09,9.96519e-01,7.47472e-01
1.412776999e+00,8.33902e-09,9.99999e-01,9.55678e-09,9.96587e-01,8.75562e-01
1.419840884e+00,1.75926e-08,9.99999e-01,1.87108e-08,9.96655e-01,9.43397e-01
1.426940089e+00,3.25367e-06,9.99999e-01,3.41212e-06,9.96721e-01,9.56698e-01
1.434074789e+00,2.93524e-05,9.99999e-01,3.10262e-05,9.96785e-01,9.49103e-01
1.441245163e+00,1.92665e-04,9.99999e-01,2.04525e-04,9.96849e-01,9.44990e-01
1.448451389e+00,2.78618e-03,9.99998e-01,2.93676e-03,9.96911e-01,9.51665e-01
1.455693646e+00,1.78224e-02,9.99999e-01,1.85791e-02,9.96972e-01,9.62184e-01
1.462972114e+00,2.61011e-02,9.99999e-01,2.71592e-02,9.97031e-01,9.63902e-01
1.470286975e+00,1.50192e-02,9.99999e-01,1.56174e-02,9.97090e-01,9.64506e-01
1.477638409e+00,2.20127e-02,9.99999e-01,2.26208e-02,9.97147e-01,9.75898e-01
1.485026601e+00,4.00369e-02,9.99999e-01,4.06025e-02,9.97203e-01,9.88834e-01
1.492451734e+00,9.48470e-02,9.99999e-01,9.55755e-02,9.97259e-01,9.95104e-01
1.499913993e+00,1.95437e-01,9.99999e-01,1.96379e-01,9.97313e-01,9.97885e-01
1.507413563e+00,3.04825e-01,9.99999e-01,3.05933e-01,9.97366e-01,9.99006e-01
1.514950631e+00,4.70562e-01,9.99999e-01,4.71998e-01,9.97418e-01,9.99535e-01
1.522525384e+00,6.12127e-01,9.99999e-01,6.13785e-01,9.97469e-01,9.99828e-01
1.530138011e+00,6.95688e-01,9.99999e-01,6.97459e-01,9.97518e-01,9.99940e-01
1.537788701e+00,8.13347e-01,9.99999e-01,8.15351e-01,9.97567e-01,9.99972e-01
1.545477645e+00,8.75771e-01,9.99999e-01,8.77876e-01,9.97615e-01,9.99985e-01
1.553205033e+00,8.96983e-01,9.99999e-01,8.99091e-01,9.97662e-01,9.99991e-01
1.560971058e+00,9.34034e-01,9.99999e-01,9.36184e-01,9.97708e-01,9.99993e-01
1.568775913e+00,9.55257e-01,9.99999e-01,9.57411e-01,9.97754e-01,9.99994e-01
1.576619793e+00,9.64627e-01,9.99999e-01,9.66759e-01,9.97798e-01,9.99994e-01
1.584502892e+00,9.77543e-01,9.99999e-01,9.79663e-01,9.97841e-01,9.99992e-01
1.592425406e+00,9.79066e-01,9.99999e-01,9.81150e-01,9.97884e-01,9.99990e-01
1.600387533e+00,9.84907e-01,9.99999e-01,9.86962e-01,9.97926e-01,9.99990e-01
1.608389471e+00,9.84501e-01,9.99999e-01,9.86514e-01,9.97967e-01,9.99990e-01
1.616431418e+00,9.84236e-01,9.99999e-01,9.86210e-01,9.98007e-01,9.99991e-01
1.624513575e+00,9.83331e-01,9.99999e-01,9.85264e-01,9.98046e-01,9.99990e-01
1.632636143e+00,9.75100e-01,9.99999e-01,9.76983e-01,9.98085e-01,9.99986e-01
1.640799324e+00,9.67608e-01,9.99999e-01,9.69446e-01,9.98122e-01,9.99979e-01
1.649003321e+00,9.59329e-01,9.99999e-01,9.61122e-01,9.98159e-01,9.99972e-01
1.657248337e+00,9.47267e-01,9.99999e-01,9.49007e-01,9.98196e-01,9.99969e-01
1.665534579e+00,9.29608e-01,9.99999e-01,9.31283e-01,9.98231e-01,9.99968e-01
1.673862252e+00,9.05620e-01,9.99999e-01,9.07227e-01,9.98266e-01,9.99961e-01
1.682231563e+00,9.17265e-01,9.99999e-01,9.18878e-01,9.98300e-01,9.99942e-01
1.690642721e+00,8.60497e-01,9.99999e-01,8.62009e-01,9.98334e-01,9.99911e-01
1.699095934e+00,8.41470e-01,9.99999e-01,8.42961e-01,9.98367e-01,9.99862e-01
1.707591414e+00,8.31180e-01,9.99999e-01,8.32687e-01,9.98399e-01,9.99789e-01
1.716129371e+00,7.95193e-01,9.99999e-01,7.96686e-01,9.98431e-01,9.99693e-01
1.724710018e+00,7.11864e-01,9.99999e-01,7.13278e-01,9.98462e-01,9.99553e-01
1.733333568e+00,6.43361e-01,9.99999e-01,6.44784e-01,9.98492e-01,9.99297e-01
1.742000236e+00,5.09891e-01,9.99999e-01,5.11214e-01,9.98522e-01,9.98888e-01
1.750710237e+00,2.93828e-01,9.99999e-01,2.94779e-01,9.98551e-01,9.98217e-01
1.759463788e+00,1.04100e-01,9.99999e-01,1.04563e-01,9.98579e-01,9.96984e-01
1.768261107e+00,1.81242e-02,9.99999e-01,1.82442e-02,9.98607e-01,9.94806e-01
1.777102413e+00,1.44405e-03,9.99999e-01,1.45786e-03,9.98635e-01,9.91876e-01
1.785987925e+00,3.70185e-05,9.99999e-01,3.75583e-05,9.98662e-01,9.86949e-01
1.794917864e+00,2.32695e-06,9.99999e-01,2.39098e-06,9.98688e-01,9.74495e-01
1.803892454e+00,1.47865e-10,9.99999e-01,1.56306e-10,9.98714e-01,9.47210e-01
1.812911916e+00,1.08258e-13,9.99999e-01,1.23752e-13,9.98739e-01,8.75901e-01
1.821976476e+00,1.72222e-13,9.99999e-01,2.28318e-13,9.98764e-01,7.55238e-01
1.831086358e+00,4.75956e-15,9.99999e-01,8.41610e-15,9.98789e-01,5.66215e-01
1.840241790e+00,1.28836e-12,9.99999e-01,3.36801e-12,9.98813e-01,3.82984e-01
1.849442999e+00,6.73286e-12,9.99999e-01,2.13789e-11,9.98836e-01,3.15296e-01
1.858690214e+00,4.63029e-18,9.99999e-01,1.46865e-17,9.98859e-01,3.15635e-01
1.867983665e+00,1.05134e-18,9.99999e-01,3.04126e-18,9.98881e-01,3.46078e-01
1.877323583e+00,4.63592e-08,9.99999e-01,1.18449e-07,9.98903e-01,3.91815e-01
1.886710201e+00,3.77365e-07,9.99999e-01,8.56478e-07,9.98925e-01,4.41074e-01
1.896143752e+00,2.34341e-06,9.99999e-01,5.22982e-06,9.98946e-01,4.48558e-01
1.905624471e+00,3.00133e-11,9.99999e-01,6.23474e-11,9.98967e-01,4.81885e-01
1.915152593e+00,2.23088e-13,9.99999e-01,3.76254e-13,9.98987e-01,5.93519e-01
1.924728356e+00,1.03696e-14,9.99999e-01,1.39415e-14,9.99007e-01,7.44532e-01
1.934351998e+00,2.43646e-16,9.99999e-01,2.80862e-16,9.99027e-01,8.68336e-01
1.944023758e+00,2.28375e-09,9.99999e-01,2.40178e-09,9.99046e-01,9.51763e-01
1.953743877e+00,8.44269e-09,9.99999e-01,8.62716e-09,9.99065e-01,9.79531e-01
1.963512596e+00,3.19182e-06,9.99999e-01,3.22831e-06,9.99083e-01,9.89602e-01
1.973330159e+00,9.82121e-05,9.99999e-01,9.88391e-05,9.99102e-01,9.94548e-01
1.983196810e+00,7.44141e-03,9.99999e-01,7.47031e-03,9.99119e-01,9.97007e-01
1.993112794e+00,2.05050e-02,9.99999e-01,2.05563e-02,9.99137e-01,9.98367e-01
2.003078358e+00,8.08527e-02,9.99999e-01,8.09954e-02,9.99154e-01,9.99081e-01
2.013093750e+00,1.93814e-01,9.99999e-01,1.94081e-01,9.99170e-01,9.99452e-01
2.023159218e+00,3.81553e-01,9.99999e-01,3.82010e-01,9.99187e-01,9.99614e-01
2.033275015e+00,4.81046e-01,9.99999e-01,4.81579e-01,9.99203e-01,9.99687e-01
2.043441390e+00,6.32867e-01,9.99999e-01,6.33570e-01,9.99218e-01,9.99670e-01
2.053658597e+00,6.84729e-01,9.99998e-01,6.85564e-01,9.99234e-01,9.99547e-01
2.063926890e+00,7.73270e-01,9.99996e-01,7.74385e-01,9.99249e-01,9.99311e-01
2.074246524e+00,8.00047e-01,9.99993e-01,8.01524e-01,9.99264e-01,9.98896e-01
2.084617757e+00,8.63003e-01,9.99990e-01,8.65140e-01,9.99278e-01,9.98257e-01
2.095040845e+00,8.89129e-01,9.99985e-01,8.92090e-01,9.99293e-01,9.97397e-01
2.105516050e+00,9.02741e-01,9.99982e-01,9.06702e-01,9.99306e-01,9.96337e-01
2.116043630e+00,9.05835e-01,9.99983e-01,9.10560e-01,9.99320e-01,9.95501e-01
2.126623848e+00,9.39172e-01,9.99985e-01,9.44581e-01,9.99334e-01,9.94949e-01
2.137256967e+00,9.41295e-01,9.99987e-01,9.47253e-01,9.99347e-01,9.94370e-01
2.147943252e+00,9.42135e-01,9.99994e-01,9.49161e-01,9.99360e-01,9.93237e-01
2.158682968e+00,9.45315e-01,9.99960e-01,9.53428e-01,9.99372e-01,9.92150e-01
2.169476383e+00,9.44193e-01,9.99986e-01,9.50476e-01,9.99385e-01,9.94012e-01
2.180323765e+00,9.38837e-01,9.99991e-01,9.43622e-01,9.99397e-01,9.95535e-01
2.191225384e+00,9.27661e-01,9.99991e-01,9.31699e-01,9.99409e-01,9.96261e-01
2.202181511e+00,9.12433e-01,9.99993e-01,9.15602e-01,9.99420e-01,9.97121e-01
2.213192418e+00,9.12932e-01,9.99994e-01,9.15284e-01,9.99432e-01,9.98001e-01
2.224258381e+00,8.98373e-01,9.99995e-01,9.00027e-01,9.99443e-01,9.98721e-01
2.235379672e+00,9.13820e-01,9.99996e-01,9.15020e-01,9.99454e-01,9.99235e-01
2.246556571e+00,8.52781e-01,9.99997e-01,8.53653e-01,9.99465e-01,9.99514e-01
2.257789354e+00,8.85082e-01,9.99998e-01,8.85856e-01,9.99475e-01,9.99649e-01
2.269078300e+00,7.40105e-01,9.99998e-01,7.40701e-01,9.99486e-01,9.99707e-01
2.280423692e+00,7.79565e-01,9.99999e-01,7.80193e-01,9.99496e-01,9.99697e-01
2.291825810e+00,6.14618e-01,9.99999e-01,6.15138e-01,9.99506e-01,9.99647e-01
2.303284939e+00,6.47095e-01,9.99999e-01,6.47719e-01,9.99515e-01,9.99519e-01
2.314801364e+00,4.77729e-01,9.99999e-01,4.78279e-01,9.99525e-01,9.99323e-01
2.326375371e+00,4.62813e-01,9.99999e-01,4.63446e-01,9.99534e-01,9.99097e-01
2.338007248e+00,4.35097e-01,9.99999e-01,4.35832e-01,9.99543e-01,9.98768e-01
2.349697284e+00,2.40713e-01,9.99999e-01,2.41222e-01,9.99552e-01,9.98332e-01
2.361445770e+00,2.99696e-01,9.99999e-01,3.00519e-01,9.99561e-01,9.97696e-01
2.373252999e+00,2.05035e-01,9.99999e-01,2.05776e-01,9.99570e-01,9.96828e-01
2.385119264e+00,6.53607e-02,9.99999e-01,6.56679e-02,9.99578e-01,9.95741e-01
2.397044861e+00,1.80045e-01,9.99999e-01,1.81276e-01,9.99587e-01,9.93621e-01
2.409030085e+00,4.31794e-02,9.99999e-01,4.36008e-02,9.99595e-01,9.90734e-01
2.421075235e+00,5.84562e-02,9.99999e-01,5.92487e-02,9.99603e-01,9.87013e-01
2.433180612e+00,1.98819e-02,9.99999e-01,2.02528e-02,9.99611e-01,9.82069e-01
2.445346515e+00,2.60615e-03,9.99999e-01,2.67373e-03,9.99618e-01,9.75093e-01
2.457573247e+00,3.62108e-04,9.99999e-01,3.75892e-04,9.99626e-01,9.63690e-01
2.469861113e+00,1.75854e-06,9.99999e-01,1.85688e-06,9.99633e-01,9.47386e-01
2.482210419e+00,2.99370e-13,9.99999e-01,3.23898e-13,9.99640e-01,9.24602e-01
2.494621471e+00,1.37566e-18,9.99999e-01,1.54345e-18,9.99648e-01,8.91599e-01
2.507094578e+00,6.13394e-35,9.99999e-01,7.34972e-35,9.99654e-01,8.34868e-01
2.519630051e+00,4.43650e-54,9.99999e-01,6.05129e-54,9.99661e-01,7.33397e-01
2.532228202e+00,1.43884e-73,9.99999e-01,2.53577e-73,9.99668e-01,5.67605e-01
2.544889343e+00,2.94473e-99,9.99999e-01,9.13602e-99,9.99674e-01,3.22425e-01
2.557613789e+00,1.00457e-97,9.99999e-01,9.15309e-97,9.99681e-01,1.09787e-01
2.570401858e+00,5.62153e-163,9.99999e-01,3.52134e-161,9.99687e-01,1.59691e-02
2.583253867e+00,3.17590e-139,9.99999e-01,2.23331e-136,9.99693e-01,1.42249e-03
2.596170137e+00,2.78365e-119,9.99999e-01,1.06450e-115,9.99699e-01,2.61577e-04
2.609150988e+00,3.17292e-85,9.99999e-01,4.09758e-81,9.99705e-01,7.74567e-05
2.622196742e+00,2.49555e-72,9.99999e-01,3.93936e-68,9.99711e-01,6.33674e-05
2.635307726e+00,1.07079e-34,9.99999e-01,8.99248e-31,9.99717e-01,1.19109e-04
2.648484265e+00,5.65052e-41,9.99999e-01,3.88912e-37,9.99722e-01,1.45331e-04
2.661726686e+00,1.44909e-69,9.99999e-01,1.14350e-65,9.99728e-01,1.26758e-04
2.675035320e+00,7.08934e-246,9.99999e-01,5.17254e-242,9.99733e-01,1.37094e-04
2.688410496e+00,1.22073e-120,9.99999e-01,5.55611e-117,9.99738e-01,2.19766e-04
2.701852549e+00,1.13998e-105,9.99999e-01,3.98659e-102,9.99744e-01,2.86027e-04
2.715361811e+00,1.17633e-104,9.99999e-01,3.11765e-101,9.99749e-01,3.77407e-04
2.728938620e+00,3.29576e-75,9.99999e-01,4.02182e-72,9.99754e-01,8.19671e-04
2.742583314e+00,1.43602e-79,9.99999e-01,4.18784e-77,9.99758e-01,3.42984e-03
2.756296230e+00,1.74606e-81,9.99999e-01,9.43094e-80,9.99763e-01,1.85185e-02
2.770077711e+00,6.34223e-111,9.99999e-01,8.32022e-110,9.99768e-01,7.62442e-02
2.783928100e+00,1.95101e-110,9.99999e-01,1.18035e-109,9.99772e-01,1.65328e-01
2.797847740e+00,8.97781e-84,9.99999e-01,2.99226e-83,9.99777e-01,3.00100e-01
2.811836979e+00,3.28951e-89,9.99999e-01,6.88981e-89,9.99781e-01,4.77550e-01
2.825896164e+00,4.97448e-77,9.99999e-01,8.01561e-77,9.99786e-01,6.20731e-01
2.840025645e+00,1.26947e-58,9.99999e-01,1.79113e-58,9.99790e-01,7.08904e-01
2.854225773e+00,3.81165e-51,9.99999e-01,4.94345e-51,9.99794e-01,7.71209e-01
2.868496902e+00,3.29796e-48,9.99999e-01,3.92662e-48,9.99798e-01,8.40067e-01
2.882839386e+00,1.95842e-38,9.99999e-01,2.20306e-38,9.99802e-01,8.89127e-01
2.897253583e+00,9.25402e-33,9.99999e-01,1.00995e-32,9.99806e-01,9.16462e-01
2.911739851e+00,3.66675e-22,9.99999e-01,3.92306e-22,9.99810e-01,9.34841e-01
2.926298550e+00,1.12779e-15,9.99999e-01,1.18545e-15,9.99813e-01,9.51534e-01
2.940930043e+00,2.57283e-15,9.99999e-01,2.67786e-15,9.99817e-01,9.60952e-01
2.955634693e+00,2.71147e-15,9.99999e-01,2.81029e-15,9.99821e-01,9.65009e-01
2.970412867e+00,1.86534e-13,9.99999e-01,1.92473e-13,9.99824e-01,9.69314e-01
2.985264931e+00,1.54514e-10,9.99999e-01,1.59101e-10,9.99828e-01,9.71333e-01
3.000191256e+00,1.40308e-08,9.99999e-01,1.44565e-08,9.99831e-01,9.70716e-01
3.015192212e+00,6.92578e-08,9.99999e-01,7.16862e-08,9.99834e-01,9.66284e-01
3.030268173e+00,8.77696e-07,9.99999e-01,9.15302e-07,9.99838e-01,9.59068e-01
3.045419514e+00,8.54735e-08,9.99999e-01,8.97130e-08,9.99841e-01,9.52894e-01
3.060646612e+00,2.92508e-05,9.99999e-01,3.10024e-05,9.99844e-01,9.43646e-01
3.075949845e+00,4.39868e-05,9.99999e-01,4.69258e-05,9.99847e-01,9.37512e-01
3.091329594e+00,5.47909e-05,9.99999e-01,5.86764e-05,9.99850e-01,9.33919e-01
3.106786242e+00,2.20036e-04,9.99999e-01,2.35591e-04,9.99853e-01,9.34112e-01
3.122320173e+00,7.75729e-04,9.99999e-01,8.27183e-04,9.99856e-01,9.37929e-01
3.137931774e+00,9.35027e-04,9.99999e-01,9.89139e-04,9.99859e-01,9.45425e-01
3.153621433e+00,1.06443e-02,9.99999e-01,1.11980e-02,9.99861e-01,9.50689e-01
3.169389540e+00,1.61601e-02,9.99999e-01,1.70330e-02,9.99864e-01,9.48880e-01
3.185236488e+00,7.78708e-03,9.99999e-01,8.27489e-03,9.99867e-01,9.41173e-01
3.201162670e+00,7.17882e-05,9.99999e-01,7.68596e-05,9.99869e-01,9.34137e-01
3.217168483e+00,6.84213e-04,9.99999e-01,7.36951e-04,9.99872e-01,9.28555e-01
3.233254326e+00,7.71410e-03,9.99999e-01,8.29687e-03,9.99874e-01,9.29876e-01
3.249420598e+00,3.94930e-02,9.99999e-01,4.21554e-02,9.99877e-01,9.36957e-01
3.265667701e+00,7.09383e-03,9.99999e-01,7.51282e-03,9.99879e-01,9.44342e-01
3.281996039e+00,1.79651e-02,9.99999e-01,1.88518e-02,9.99882e-01,9.53076e-01
3.298406019e+00,2.13896e-03,9.99999e-01,2.22369e-03,9.99884e-01,9.62010e-01
3.314898049e+00,1.62822e-03,9.99999e-01,1.67617e-03,9.99886e-01,9.71500e-01
3.331472540e+00,4.95979e-03,9.99999e-01,5.06402e-03,9.99888e-01,9.79524e-01
3.348129902e+00,3.31000e-03,9.99999e-01,3.35990e-03,9.99891e-01,9.85255e-01
3.364870552e+00,9.44649e-03,9.99999e-01,9.64557e-03,9.99893e-01,9.79463e-01
3.381694905e+00,1.84453e-02,9.99999e-01,1.87094e-02,9.99895e-01,9.85985e-01
3.398603379e+00,4.62623e-02,9.99999e-01,4.69021e-02,9.99897e-01,9.86457e-01
3.415596396e+00,1.07421e-01,9.99999e-01,1.08822e-01,9.99899e-01,9.87221e-01
3.432674378e+00,1.19451e-01,9.99999e-01,1.20314e-01,9.99901e-01,9.92919e-01
3.449837750e+00,2.29903e-01,9.99999e-01,2.31034e-01,9.99903e-01,9.95200e-01
3.467086939e+00,3.62039e-01,9.99999e-01,3.64055e-01,9.99905e-01,9.94556e-01
3.484422373e+00,3.80593e-01,9.99999e-01,3.82960e-01,9.99907e-01,9.93910e-01
3.501844485e+00,5.72789e-01,9.99999e-01,5.75182e-01,9.99908e-01,9.95930e-01
3.519353708e+00,6.29367e-01,9.99999e-01,6.30363e-01,9.99910e-01,9.98508e-01
3.536950476e+00,6.57607e-01,9.99999e-01,6.58217e-01,9.99912e-01,9.99160e-01
3.554635228e+00,7.71675e-01,9.99999e-01,7.72771e-01,9.99914e-01,9.98665e-01
3.572408405e+00,7.78014e-01,9.99999e-01,7.79374e-01,9.99915e-01,9.98338e-01
3.590270447e+00,8.38927e-01,9.99999e-01,8.40561e-01,9.99917e-01,9.98136e-01
3.608221799e+00,8.71554e-01,9.99999e-01,8.73808e-01,9.99919e-01,9.97500e-01
3.626262908e+00,8.88321e-01,9.99999e-01,8.91113e-01,9.99920e-01,9.96944e-01
3.644394222e+00,9.29442e-01,9.99999e-01,9.33322e-01,9.99922e-01,9.95919e-01
3.662616193e+00,8.87487e-01,9.99999e-01,8.92153e-01,9.99923e-01,9.94845e-01
3.680929274e+00,8.25145e-01,9.99999e-01,8.30697e-01,9.99925e-01,9.93390e-01
3.699333921e+00,9.09061e-01,9.99999e-01,9.16765e-01,9.99926e-01,9.91667e-01
3.717830590e+00,9.24482e-01,9.99999e-01,9.34423e-01,9.99928e-01,9.89431e-01
3.736419743e+00,9.10935e-01,9.99998e-01,9.23696e-01,9.99929e-01,9.86254e-01
3.755101842e+00,9.02646e-01,9.99997e-01,9.18340e-01,9.99931e-01,9.82978e-01
3.773877351e+00,9.12074e-01,9.99996e-01,9.32178e-01,9.99932e-01,9.78501e-01
3.792746738e+00,8.93182e-01,9.99994e-01,9.18724e-01,9.99933e-01,9.72267e-01
3.811710472e+00,8.69569e-01,9.99988e-01,9.01192e-01,9.99935e-01,9.64981e-01
3.830769024e+00,8.54441e-01,9.99982e-01,8.93773e-01,9.99936e-01,9.56068e-01
3.849922869e+00,8.02427e-01,9.99968e-01,8.49437e-01,9.99937e-01,9.44743e-01
3.869172484e+00,7.70303e-01,9.99955e-01,8.27700e-01,9.99938e-01,9.30748e-01
3.888518346e+00,8.19819e-01,9.99922e-01,8.98825e-01,9.99939e-01,9.12224e-01
3.907960938e+00,7.88396e-01,9.99904e-01,8.87810e-01,9.99941e-01,8.88157e-01
3.927500742e+00,4.31770e-01,9.99835e-01,5.03435e-01,9.99942e-01,8.57802e-01
3.947138246e+00,5.17322e-01,9.99770e-01,6.31223e-01,9.99943e-01,8.19767e-01
3.966873937e+00,2.62564e-01,9.99737e-01,3.39855e-01,9.99944e-01,7.72756e-01
3.986708307e+00,5.84549e-01,9.99574e-01,8.14728e-01,9.99945e-01,7.17796e-01
4.006641849e+00,6.08986e-01,9.99440e-01,9.28704e-01,9.99946e-01,6.56129e-01
4.026675058e+00,5.42403e-01,9.99540e-01,9.17820e-01,9.99947e-01,5.91266e-01
4.046808433e+00,4.76048e-01,9.99516e-01,9.01492e-01,9.99948e-01,5.28344e-01
4.067042475e+00,4.18315e-01,9.99311e-01,8.87272e-01,9.99949e-01,4.71804e-01
4.087377688e+00,3.72883e-01,9.99193e-01,8.79662e-01,9.99950e-01,4.24248e-01
4.107814576e+00,3.25363e-01,9.99057e-01,8.37317e-01,9.99951e-01,3.88952e-01
4.128353649e+00,2.77612e-01,9.99049e-01,7.56702e-01,9.99952e-01,3.67222e-01
4.148995417e+00,2.52826e-01,9.99342e-01,7.07910e-01,9.99953e-01,3.57378e-01
4.169740394e+00,2.06850e-01,9.99391e-01,5.76296e-01,9.99954e-01,3.59146e-01
4.190589096e+00,1.88431e-01,9.99435e-01,5.12166e-01,9.99955e-01,3.68109e-01
4.211542042e+00,1.29642e-01,9.99477e-01,3.49987e-01,9.99956e-01,3.70602e-01
4.232599752e+00,1.11645e-01,9.99681e-01,3.13723e-01,9.99957e-01,3.55980e-01
4.253762751e+00,7.21964e-02,9.99776e-01,2.30083e-01,9.99957e-01,3.13857e-01
4.275031564e+00,3.25886e-02,9.99632e-01,1.31551e-01,9.99958e-01,2.47811e-01
4.296406722e+00,1.67108e-02,9.96433e-01,7.30253e-02,9.99959e-01,2.29457e-01
4.317888756e+00,2.75525e-02,9.99300e-01,9.80422e-02,9.99960e-01,2.81200e-01
4.339478200e+00,2.00499e-02,9.99586e-01,5.41625e-02,9.99961e-01,3.70318e-01
4.361175591e+00,1.61107e-02,9.99665e-01,3.69573e-02,9.99961e-01,4.36041e-01
4.382981469e+00,1.75201e-02,9.99644e-01,3.70391e-02,9.99962e-01,4.73144e-01
4.404896376e+00,1.68413e-02,9.99502e-01,3.40055e-02,9.99963e-01,4.95396e-01
4.426920858e+00,7.23068e-03,9.99498e-01,1.40403e-02,9.99964e-01,5.15112e-01
4.449055462e+00,1.73905e-02,9.99651e-01,3.23142e-02,9.99964e-01,5.38325e-01
4.471300739e+00,7.49905e-03,9.99635e-01,1.32151e-02,9.99965e-01,5.67602e-01
4.493657243e+00,1.80392e-02,9.99684e-01,2.99137e-02,9.99966e-01,6.03207e-01
4.516125529e+00,4.81116e-03,9.99700e-01,7.48366e-03,9.99966e-01,6.42999e-01
4.538706157e+00,1.67738e-02,9.99644e-01,2.44456e-02,9.99967e-01,6.86287e-01
4.561399688e+00,1.68532e-02,9.99750e-01,2.30797e-02,9.99968e-01,7.30319e-01
4.584206686e+00,2.88025e-02,9.99803e-01,3.72817e-02,9.99968e-01,7.72671e-01
4.607127720e+00,1.50129e-02,9.99806e-01,1.84891e-02,9.99969e-01,8.12072e-01
4.630163358e+00,1.18233e-03,9.99878e-01,1.39531e-03,9.99969e-01,8.47430e-01
4.653314175e+00,8.07502e-04,9.99884e-01,9.20740e-04,9.99970e-01,8.77084e-01
4.676580746e+00,1.01458e-04,9.99889e-01,1.12556e-04,9.99971e-01,9.01458e-01
4.699963650e+00,5.45225e-04,9.99940e-01,5.91848e-04,9.99971e-01,9.21277e-01
4.723463468e+00,5.26119e-05,9.99928e-01,5.61662e-05,9.99972e-01,9.36766e-01
4.747080785e+00,1.33729e-03,9.99962e-01,1.41024e-03,9.99972e-01,9.48320e-01
4.770816189e+00,1.27531e-04,9.99965e-01,1.33276e-04,9.99973e-01,9.56936e-01
4.794670270e+00,4.42591e-06,9.99963e-01,4.59462e-06,9.99973e-01,9.63320e-01
4.818643622e+00,1.85468e-06,9.99982e-01,1.91637e-06,9.99974e-01,9.67840e-01
4.842736840e+00,1.71204e-06,9.99983e-01,1.76434e-06,9.99974e-01,9.70386e-01
4.866950524e+00,1.58006e-05,9.99990e-01,1.62702e-05,9.99975e-01,9.71163e-01
4.891285276e+00,1.32447e-07,9.99992e-01,1.36510e-07,9.99975e-01,9.70256e-01
4.915741703e+00,7.47387e-07,9.99994e-01,7.71487e-07,9.99976e-01,9.68786e-01
4.940320411e+00,6.85607e-08,9.99995e-01,7.10289e-08,9.99976e-01,9.65273e-01
4.965022013e+00,2.16718e-10,9.99995e-01,2.25544e-10,9.99977e-01,9.60886e-01
4.989847123e+00,5.90078e-09,9.99997e-01,6.16929e-09,9.99977e-01,9.56498e-01
5.014796359e+00,4.92398e-11,9.99997e-01,5.18287e-11,9.99977e-01,9.50068e-01
5.039870341e+00,9.12930e-11,9.99998e-01,9.68750e-11,9.99978e-01,9.42399e-01
5.065069693e+00,1.26866e-10,9.99998e-01,1.36365e-10,9.99978e-01,9.30361e-01
5.090395041e+00,2.74021e-15,9.99999e-01,2.98537e-15,9.99979e-01,9.17899e-01
5.115847016e+00,8.50514e-16,9.99999e-01,9.43371e-16,9.99979e-01,9.01586e-01
5.141426251e+00,2.51686e-20,9.99998e-01,2.86144e-20,9.99980e-01,8.79595e-01
5.167133383e+00,3.47283e-23,9.99999e-01,4.04424e-23,9.99980e-01,8.58725e-01
5.192969049e+00,4.17205e-23,9.99999e-01,4.99684e-23,9.99980e-01,8.34952e-01
5.218933895e+00,2.39152e-36,9.99999e-01,2.97274e-36,9.99981e-01,8.04498e-01
5.245028564e+00,1.15930e-27,9.99999e-01,1.51297e-27,9.99981e-01,7.66254e-01
5.271253707e+00,7.54262e-29,9.99999e-01,1.05145e-28,9.99981e-01,7.17368e-01
5.297609976e+00,8.59680e-35,9.99999e-01,1.29710e-34,9.99982e-01,6.62784e-01
5.324098025e+00,3.21367e-35,9.99999e-01,5.33763e-35,9.99982e-01,6.02088e-01
5.350718516e+00,4.06775e-43,9.99999e-01,7.71626e-43,9.99982e-01,5.27174e-01
5.377472108e+00,6.08113e-45,9.99999e-01,1.31187e-44,9.99983e-01,4.63554e-01
5.404359469e+00,5.86245e-45,9.99999e-01,1.46794e-44,9.99983e-01,3.99371e-01
5.431381266e+00,7.21367e-83,9.99999e-01,2.07295e-82,9.99983e-01,3.47996e-01
5.458538172e+00,5.68255e-83,9.99999e-01,1.95886e-82,9.99984e-01,2.90098e-01
5.485830863e+00,5.17290e-89,9.99999e-01,2.27850e-88,9.99984e-01,2.27035e-01
5.513260018e+00,4.28053e-94,9.99999e-01,2.44803e-93,9.99984e-01,1.74859e-01
5.540826318e+00,1.20051e-98,9.99999e-01,9.39855e-98,9.99985e-01,1.27735e-01
5.568530449e+00,2.70739e-154,9.99999e-01,3.00915e-153,9.99985e-01,8.99731e-02
5.596373101e+00,1.70550e-147,9.99999e-01,2.76246e-146,9.99985e-01,6.17394e-02
5.624354967e+00,1.46878e-133,9.99999e-01,3.61119e-132,9.99985e-01,4.06736e-02
5.652476742e+00,1.21679e-145,9.99999e-01,4.78697e-144,9.99986e-01,2.54192e-02
5.680739126e+00,4.26239e-168,9.99999e-01,2.85113e-166,9.99986e-01,1.49500e-02
5.709142821e+00,2.46910e-183,9.99999e-01,2.90568e-181,9.99986e-01,8.49761e-03
5.737688535e+00,3.13469e-178,9.99999e-01,7.49790e-176,9.99986e-01,4.18081e-03
5.766376978e+00,3.82882e-136,9.99999e-01,2.09875e-133,9.99987e-01,1.82436e-03
5.795208863e+00,5.27587e-125,9.99999e-01,7.54464e-122,9.99987e-01,6.99295e-04
5.824184907e+00,7.88904e-152,9.99999e-01,3.07676e-148,9.99987e-01,2.56410e-04
5.853305832e+00,5.77495e-150,9.99999e-01,5.71330e-146,9.99987e-01,1.01080e-04
5.882572361e+00,8.69292e-184,9.99999e-01,1.90349e-179,9.99988e-01,4.56689e-05
5.911985223e+00,3.80645e-177,9.99999e-01,1.71360e-172,9.99988e-01,2.22134e-05
5.941545149e+00,2.47519e-182,9.99999e-01,2.13701e-177,9.99988e-01,1.15826e-05
5.971252874e+00,4.49261e-158,9.99999e-01,5.74081e-153,9.99988e-01,7.82581e-06
6.001109139e+00,3.04539e-108,9.99999e-01,4.39115e-103,9.99989e-01,6.93535e-06
6.031114685e+00,2.01461e-118,9.99999e-01,2.52179e-113,9.99989e-01,7.98887e-06
6.061270258e+00,1.30982e-117,9.99999e-01,1.12208e-112,9.99989e-01,1.16732e-05
6.091576609e+00,2.41806e-100,9.99999e-01,1.25424e-95,9.99989e-01,1.92792e-05
6.122034492e+00,1.17248e-64,9.99999e-01,3.22933e-60,9.99989e-01,3.63076e-05
6.152644665e+00,2.49280e-65,9.99999e-01,3.39759e-61,9.99989e-01,7.33704e-05
6.183407888e+00,1.56942e-44,9.99999e-01,1.16590e-40,9.99990e-01,1.34611e-04
6.214324928e+00,2.72823e-31,9.99999e-01,1.41744e-27,9.99990e-01,1.92478e-04
6.245396552e+00,7.06142e-23,9.99999e-01,3.68380e-19,9.99990e-01,1.91690e-04
6.276623535e+00,1.47238e-23,9.99999e-01,1.10018e-19,9.99990e-01,1.33831e-04
6.308006653e+00,1.13794e-23,9.99999e-01,1.56182e-19,9.99990e-01,7.28606e-05
6.339546686e+00,2.63045e-46,9.99999e-01,7.56633e-42,9.99991e-01,3.47655e-05
6.371244419e+00,1.10786e-95,9.99999e-01,6.86424e-91,9.99991e-01,1.61397e-05
6.403100641e+00,1.03553e-133,9.99999e-01,1.30761e-128,9.99991e-01,7.91934e-06
6.435116145e+00,2.47767e-289,9.99999e-01,4.94049e-284,9.99991e-01,5.01506e-06
6.467291725e+00,4.30109e-291,9.99999e-01,1.05733e-285,9.99991e-01,4.06791e-06
6.499628184e+00,0.00000e+00,9.99999e-01,0.00000e+00,9.99991e-01,4.22722e-06
6.532126325e+00,1.95132e-293,9.99999e-01,3.47324e-288,9.99992e-01,5.61821e-06
6.564786956e+00,0.00000e+00,9.99999e-01,0.00000e+00,9.99992e-01,1.05434e-05
6.597610891e+00,0.00000e+00,9.99999e-01,0.00000e+00,9.99992e-01,2.28041e-05
6.630598946e+00,3.44459e-311,9.99999e-01,6.52354e-307,9.99992e-01,5.28027e-05
6.663751940e+00,1.34834e-289,9.99999e-01,1.10602e-285,9.99992e-01,1.21910e-04
6.697070700e+00,3.65491e-229,9.99999e-01,1.31225e-225,9.99992e-01,2.78525e-04
6.730556054e+00,2.32843e-157,9.99999e-01,3.79825e-154,9.99992e-01,6.13032e-04
6.764208834e+00,5.00147e-157,9.99999e-01,3.74286e-154,9.99992e-01,1.33628e-03
6.798029878e+00,6.65928e-192,9.99999e-01,2.23583e-189,9.99993e-01,2.97845e-03
6.832020027e+00,1.28962e-191,9.99999e-01,2.22182e-189,9.99993e-01,5.80437e-03
6.866180128e+00,7.05504e-220,9.99999e-01,6.65459e-218,9.99993e-01,1.06018e-02
6.900511028e+00,6.55682e-126,9.99999e-01,3.55991e-124,9.99993e-01,1.84186e-02
6.935013583e+00,1.19271e-125,9.99999e-01,3.85296e-124,9.99993e-01,3.09558e-02
6.969688651e+00,1.34925e-157,9.99999e-01,2.68018e-156,9.99993e-01,5.03421e-02
7.004537095e+00,1.78902e-155,9.99999e-01,2.26076e-154,9.99993e-01,7.91337e-02
7.039559780e+00,2.72840e-168,9.99999e-01,2.27894e-167,9.99993e-01,1.19723e-01
7.074757579e+00,3.76562e-132,9.99999e-01,2.26023e-131,9.99994e-01,1.66604e-01
7.110131367e+00,6.40168e-131,9.99999e-01,2.85660e-130,9.99994e-01,2.24102e-01
7.145682024e+00,1.48350e-146,9.99999e-01,5.08192e-146,9.99994e-01,2.91918e-01
7.181410434e+00,1.58512e-186,9.99999e-01,4.35721e-186,9.99994e-01,3.63794e-01
7.217317486e+00,1.76027e-137,9.99999e-01,4.03400e-137,9.99994e-01,4.36360e-01
7.253404073e+00,1.89804e-137,9.99999e-01,3.72069e-137,9.99994e-01,5.10132e-01
7.289671094e+00,3.06104e-120,9.99999e-01,5.28741e-120,9.99994e-01,5.78932e-01
7.326119449e+00,7.14043e-120,9.99999e-01,1.10803e-119,9.99994e-01,6.44427e-01
7.362750046e+00,3.08267e-87,9.99999e-01,4.36398e-87,9.99994e-01,7.06392e-01
7.399563797e+00,1.52452e-71,9.99999e-01,2.01027e-71,9.99994e-01,7.58366e-01
7.436561616e+00,1.20460e-77,9.99999e-01,1.50479e-77,9.99995e-01,8.00513e-01
7.473744424e+00,4.35049e-73,9.99999e-01,5.18526e-73,9.99995e-01,8.39014e-01
7.511113146e+00,2.18567e-63,9.99999e-01,2.50458e-63,9.99995e-01,8.72670e-01
7.548668712e+00,4.22048e-66,9.99999e-01,4.71072e-66,9.99995e-01,8.95933e-01
7.586412055e+00,1.51151e-119,9.99999e-01,1.65036e-119,9.99995e-01,9.15866e-01
7.624344115e+00,1.58536e-58,9.99999e-01,1.70087e-58,9.99995e-01,9.32095e-01
7.662465836e+00,3.39439e-36,9.99999e-01,3.59478e-36,9.99995e-01,9.44257e-01
7.700778165e+00,1.62331e-36,9.99999e-01,1.70070e-36,9.99995e-01,9.54498e-01
7.739282056e+00,6.84564e-60,9.99999e-01,7.11667e-60,9.99995e-01,9.61918e-01
7.777978466e+00,4.43550e-41,9.99999e-01,4.57891e-41,9.99995e-01,9.68682e-01
7.816868359e+00,1.07021e-33,9.99999e-01,1.09793e-33,9.99995e-01,9.74751e-01
7.855952700e+00,3.99482e-34,9.99999e-01,4.08178e-34,9.99995e-01,9.78699e-01
7.895232464e+00,7.03619e-34,9.99999e-01,7.16612e-34,9.99995e-01,9.81871e-01
7.934708626e+00,1.40658e-20,9.99999e-01,1.42866e-20,9.99996e-01,9.84545e-01
7.974382169e+00,1.23178e-15,9.99999e-01,1.24877e-15,9.99996e-01,9.86400e-01
8.014254080e+00,2.60753e-16,9.99999e-01,2.63864e-16,9.99996e-01,9.88214e-01
8.054325351e+00,2.05925e-15,9.99999e-01,2.08011e-15,9.99996e-01,9.89970e-01
8.094596977e+00,1.63629e-12,9.99999e-01,1.65015e-12,9.99996e-01,9.91601e-01
8.135069962e+00,3.46249e-12,9.99999e-01,3.48659e-12,9.99996e-01,9.93091e-01
8.175745312e+00,6.16884e-13,9.99999e-01,6.20535e-13,9.99996e-01,9.94117e-01
8.216624039e+00,2.59280e-10,9.99999e-01,2.60596e-10,9.99996e-01,9.94952e-01
8.257707159e+00,2.31616e-07,9.99999e-01,2.32630e-07,9.99996e-01,9.95642e-01
8.298995695e+00,3.53918e-06,9.99999e-01,3.55317e-06,9.99996e-01,9.96064e-01
8.340490673e+00,2.39816e-07,9.99999e-01,2.40666e-07,9.99996e-01,9.96470e-01
8.382193126e+00,2.25734e-05,9.99999e-01,2.26437e-05,9.99996e-01,9.96894e-01
8.424104092e+00,4.18257e-06,9.99999e-01,4.19400e-06,9.99996e-01,9.97278e-01
8.466224613e+00,1.13798e-05,9.99999e-01,1.14068e-05,9.99996e-01,9.97634e-01
8.508555736e+00,1.37791e-05,9.99999e-01,1.38085e-05,9.99996e-01,9.97869e-01
8.551098514e+00,1.01728e-03,9.99999e-01,1.01925e-03,9.99996e-01,9.98075e-01
8.593854007e+00,1.18512e-02,9.99999e-01,1.18724e-02,9.99997e-01,9.98216e-01
8.636823277e+00,1.71701e-02,9.99999e-01,1.71983e-02,9.99997e-01,9.98362e-01
8.680007393e+00,1.73039e-03,9.99999e-01,1.73296e-03,9.99997e-01,9.98515e-01
8.723407430e+00,5.26760e-03,9.99999e-01,5.27462e-03,9.99997e-01,9.98670e-01
8.767024467e+00,2.22359e-03,9.99999e-01,2.22621e-03,9.99997e-01,9.98825e-01
8.810859590e+00,5.78067e-03,9.99999e-01,5.78698e-03,9.99997e-01,9.98910e-01
8.854913888e+00,7.59085e-02,9.99999e-01,7.59854e-02,9.99997e-01,9.98989e-01
8.899188457e+00,5.46462e-02,9.99999e-01,5.46983e-02,9.99997e-01,9.99049e-01
8.943684399e+00,2.08751e-02,9.99999e-01,2.08939e-02,9.99997e-01,9.99102e-01
8.988402821e+00,1.59587e-02,9.99999e-01,1.59724e-02,9.99997e-01,9.99145e-01
9.033344836e+00,8.27561e-03,9.99999e-01,8.28232e-03,9.99997e-01,9.99191e-01
9.078511560e+00,2.38549e-02,9.99999e-01,2.38731e-02,9.99997e-01,9.99239e-01
9.123904118e+00,6.91845e-02,9.99999e-01,6.92357e-02,9.99997e-01,9.99262e-01
9.169523638e+00,4.63433e-02,9.99999e-01,4.63768e-02,9.99997e-01,9.99280e-01
9.215371256e+00,1.72116e-01,9.99999e-01,1.72238e-01,9.99997e-01,9.99294e-01
9.261448113e+00,1.47110e-01,9.99999e-01,1.47212e-01,9.99997e-01,9.99308e-01
9.307755353e+00,6.15593e-02,9.99999e-01,6.16013e-02,9.99997e-01,9.99318e-01
9.354294130e+00,3.95069e-02,9.99999e-01,3.95336e-02,9.99997e-01,9.99324e-01
9.401065601e+00,6.50188e-03,9.99999e-01,6.50632e-03,9.99997e-01,9.99319e-01
9.448070929e+00,2.27860e-02,9.99999e-01,2.28018e-02,9.99997e-01,9.99310e-01
9.495311283e+00,1.28741e-01,9.99999e-01,1.28832e-01,9.99997e-01,9.99294e-01
9.542787840e+00,2.17290e-01,9.99999e-01,2.17448e-01,9.99997e-01,9.99275e-01
9.590501779e+00,8.56085e-02,9.99999e-01,8.56724e-02,9.99997e-01,9.99254e-01
9.638454288e+00,8.82927e-02,9.99999e-01,8.83605e-02,9.99997e-01,9.99233e-01
9.686646559e+00,1.03228e-01,9.99999e-01,1.03310e-01,9.99997e-01,9.99211e-01
9.735079792e+00,1.83570e-01,9.99999e-01,1.83720e-01,9.99997e-01,9.99185e-01
9.783755191e+00,1.27996e-01,9.99999e-01,1.28104e-01,9.99998e-01,9.99156e-01
9.832673967e+00,1.28300e-02,9.99999e-01,1.28413e-02,9.99998e-01,9.99121e-01
9.881837337e+00,8.52892e-04,9.99999e-01,8.53675e-04,9.99998e-01,9.99084e-01
9.931246523e+00,5.29300e-02,9.99999e-01,5.29809e-02,9.99998e-01,9.99041e-01
9.980902756e+00,1.31434e-01,9.99999e-01,1.31566e-01,9.99998e-01,9.98997e-01
1.003080727e+01,1.31961e-01,9.99999e-01,1.32100e-01,9.99998e-01,9.98949e-01
1.008096131e+01,1.72343e-01,9.99999e-01,1.72533e-01,9.99998e-01,9.98900e-01
1.013136611e+01,2.62023e-01,9.99999e-01,2.62326e-01,9.99998e-01,9.98847e-01
1.018202294e+01,3.00333e-01,9.99999e-01,3.00696e-01,9.99998e-01,9.98792e-01
1.023293306e+01,1.28786e-01,9.99999e-01,1.28950e-01,9.99998e-01,9.98731e-01
1.028409772e+01,2.51205e-02,9.99999e-01,2.51540e-02,9.99998e-01,9.98668e-01
1.033551821e+01,1.66165e-02,9.99999e-01,1.66398e-02,9.99998e-01,9.98600e-01
1.038719580e+01,2.57663e-03,9.99999e-01,2.58043e-03,9.99998e-01,9.98530e-01
1.043913178e+01,2.75904e-03,9.99999e-01,2.76332e-03,9.99998e-01,9.98454e-01
1.049132744e+01,2.84927e-02,9.99999e-01,2.85392e-02,9.99998e-01,9.98372e-01
1.054378408e+01,5.90926e-02,9.99999e-01,5.91940e-02,9.99998e-01,9.98287e-01
1.059650300e+01,5.05711e-02,9.99999e-01,5.06624e-02,9.99998e-01,9.98198e-01
1.064948551e+01,3.75595e-02,9.99999e-01,3.76308e-02,9.99998e-01,9.98105e-01
1.070273294e+01,1.06304e-02,9.99999e-01,1.06517e-02,9.99998e-01,9.98004e-01
1.075624661e+01,1.25692e-02,9.99999e-01,1.25956e-02,9.99998e-01,9.97902e-01
1.081002784e+01,1.48122e-02,9.99999e-01,1.48450e-02,9.99998e-01,9.97793e-01
1.086407798e+01,1.04311e-03,9.99999e-01,1.04553e-03,9.99998e-01,9.97684e-01
1.091839837e+01,8.48906e-05,9.99999e-01,8.50983e-05,9.99998e-01,9.97559e-01
1.097299036e+01,2.76216e-07,9.99999e-01,2.76927e-07,9.99998e-01,9.97433e-01
1.102785531e+01,3.94542e-08,9.99999e-01,3.95611e-08,9.99998e-01,9.97297e-01
1.108299459e+01,4.79292e-04,9.99999e-01,4.80658e-04,9.99998e-01,9.97158e-01
1.113840956e+01,9.36357e-03,9.99999e-01,9.39164e-03,9.99998e-01,9.97011e-01
1.119410161e+01,2.38119e-02,9.99999e-01,2.38870e-02,9.99998e-01,9.96858e-01
1.125007212e+01,6.32939e-03,9.99999e-01,6.35037e-03,9.99998e-01,9.96696e-01
1.130632248e+01,4.20251e-03,9.99999e-01,4.21719e-03,9.99998e-01,9.96520e-01
1.136285409e+01,1.43445e-02,9.99999e-01,1.43972e-02,9.99998e-01,9.96342e-01
1.141966836e+01,2.02367e-02,9.99999e-01,2.03149e-02,9.99998e-01,9.96154e-01
1.147676670e+01,8.67539e-03,9.99999e-01,8.71053e-03,9.99998e-01,9.95965e-01
1.153415054e+01,7.61436e-04,9.99999e-01,7.64677e-04,9.99998e-01,9.95761e-01
1.159182129e+01,3.37303e-05,9.99999e-01,3.38810e-05,9.99998e-01,9.95552e-01
1.164978039e+01,3.35182e-07,9.99999e-01,3.36754e-07,9.99998e-01,9.95331e-01
1.170802930e+01,4.87479e-09,9.99999e-01,4.89882e-09,9.99998e-01,9.95096e-01
1.176656944e+01,7.88438e-06,9.99999e-01,7.92515e-06,9.99998e-01,9.94855e-01
1.182540229e+01,2.98743e-04,9.99999e-01,3.00370e-04,9.99998e-01,9.94584e-01
1.188452930e+01,3.26739e-04,9.99999e-01,3.28608e-04,9.99998e-01,9.94311e-01
1.194395195e+01,8.13990e-04,9.99999e-01,8.18899e-04,9.99998e-01,9.94005e-01
1.200367171e+01,3.51262e-03,9.99999e-01,3.53494e-03,9.99998e-01,9.93686e-01
1.206369007e+01,6.26419e-04,9.99999e-01,6.30611e-04,9.99998e-01,9.93353e-01
1.212400852e+01,3.25172e-03,9.99999e-01,3.27465e-03,9.99998e-01,9.92995e-01
1.218462856e+01,2.95119e-03,9.99999e-01,2.97309e-03,9.99998e-01,9.92636e-01
1.224555170e+01,6.37363e-05,9.99999e-01,6.42325e-05,9.99998e-01,9.92273e-01
1.230677946e+01,5.23334e-07,9.99999e-01,5.27603e-07,9.99998e-01,9.91908e-01
1.236831336e+01,1.19874e-08,9.99999e-01,1.20899e-08,9.99998e-01,9.91527e-01
1.243015492e+01,5.59239e-14,9.99999e-01,5.64246e-14,9.99998e-01,9.91125e-01
1.249230570e+01,3.36203e-13,9.99999e-01,3.39351e-13,9.99998e-01,9.90722e-01
1.255476723e+01,1.45108e-11,9.99999e-01,1.46531e-11,9.99998e-01,9.90287e-01
1.261754106e+01,3.22410e-06,9.99999e-01,3.25716e-06,9.99998e-01,9.89850e-01
1.268062877e+01,4.56425e-05,9.99999e-01,4.61323e-05,9.99998e-01,9.89381e-01
1.274403191e+01,2.39329e-05,9.99999e-01,2.42022e-05,9.99998e-01,9.88873e-01
1.280775207e+01,1.57110e-04,9.99999e-01,1.58960e-04,9.99998e-01,9.88362e-01
1.287179083e+01,1.41934e-05,9.99999e-01,1.43686e-05,9.99999e-01,9.87804e-01
1.293614979e+01,3.54618e-05,9.99999e-01,3.59202e-05,9.99999e-01,9.87238e-01
1.300083054e+01,4.71638e-07,9.99999e-01,4.78014e-07,9.99999e-01,9.86661e-01
1.306583469e+01,5.15642e-08,9.99999e-01,5.22930e-08,9.99999e-01,9.86062e-01
1.313116386e+01,1.88472e-08,9.99999e-01,1.91252e-08,9.99999e-01,9.85461e-01
1.319681968e+01,4.92515e-09,9.99999e-01,5.00112e-09,9.99999e-01,9.84809e-01
1.326280378e+01,1.46390e-13,9.99999e-01,1.48750e-13,9.99999e-01,9.84132e-01
1.332911780e+01,1.98995e-14,9.99999e-01,2.02344e-14,9.99999e-01,9.83449e-01
1.339576339e+01,4.53635e-15,9.99999e-01,4.61651e-15,9.99999e-01,9.82636e-01
1.346274221e+01,4.14504e-22,9.99999e-01,4.22179e-22,9.99999e-01,9.81820e-01
1.353005592e+01,7.00666e-12,9.99999e-01,7.14278e-12,9.99999e-01,9.80942e-01
1.359770620e+01,6.41123e-11,9.99999e-01,6.54245e-11,9.99999e-01,9.79942e-01
1.366569473e+01,6.78491e-11,9.99999e-01,6.93089e-11,9.99999e-01,9.78938e-01
1.373402320e+01,4.48453e-08,9.99999e-01,4.58584e-08,9.99999e-01,9.77907e-01
1.380269332e+01,1.54805e-07,9.99999e-01,1.58473e-07,9.99999e-01,9.76856e-01
1.387170678e+01,1.18313e-09,9.99999e-01,1.21247e-09,9.99999e-01,9.75800e-01
1.394106532e+01,3.18599e-11,9.99999e-01,3.26854e-11,9.99999e-01,9.74742e-01
1.401077064e+01,3.29335e-13,9.99999e-01,3.38238e-13,9.99999e-01,9.73679e-01
1.408082450e+01,2.43166e-13,9.99999e-01,2.50014e-13,9.99999e-01,9.72610e-01
1.415122862e+01,9.93453e-19,9.99999e-01,1.02262e-18,9.99999e-01,9.71474e-01
1.422198476e+01,4.21498e-25,9.99999e-01,4.34384e-25,9.99999e-01,9.70334e-01
1.429309469e+01,2.35426e-24,9.99999e-01,2.42919e-24,9.99999e-01,9.69153e-01
1.436456016e+01,4.23676e-30,9.99999e-01,4.37764e-30,9.99999e-01,9.67816e-01
1.443638296e+01,1.14470e-34,9.99999e-01,1.18440e-34,9.99999e-01,9.66474e-01
1.450856487e+01,2.05954e-23,9.99999e-01,2.13403e-23,9.99999e-01,9.65095e-01
1.458110770e+01,5.12707e-17,9.99999e-01,5.32054e-17,9.99999e-01,9.63636e-01
1.465401324e+01,1.73132e-15,9.99999e-01,1.79938e-15,9.99999e-01,9.62173e-01
1.472728330e+01,2.64483e-15,9.99999e-01,2.75315e-15,9.99999e-01,9.60656e-01
1.480091972e+01,5.08715e-17,9.99999e-01,5.30434e-17,9.99999e-01,9.59054e-01
1.487492432e+01,1.16715e-28,9.99999e-01,1.21903e-28,9.99999e-01,9.57446e-01
1.494929894e+01,1.17185e-22,9.99999e-01,1.22613e-22,9.99999e-01,9.55735e-01
1.502404544e+01,4.41400e-19,9.99999e-01,4.62745e-19,9.99999e-01,9.53873e-01
1.509916566e+01,2.17489e-18,9.99999e-01,2.28453e-18,9.99999e-01,9.52006e-01
1.517466149e+01,5.24932e-20,9.99999e-01,5.52519e-20,9.99999e-01,9.50069e-01
1.525053480e+01,2.94805e-18,9.99999e-01,3.10967e-18,9.99999e-01,9.48026e-01
1.532678747e+01,1.96535e-21,9.99999e-01,2.07758e-21,9.99999e-01,9.45978e-01
1.540342141e+01,4.95194e-27,9.99999e-01,5.31061e-27,9.99999e-01,9.32461e-01
1.548043852e+01,4.60837e-30,9.99999e-01,4.95809e-30,9.99999e-01,9.29463e-01
1.555784071e+01,9.45663e-38,9.99999e-01,1.02030e-37,9.99999e-01,9.26852e-01
1.563562991e+01,3.28277e-56,9.99999e-01,3.55202e-56,9.99999e-01,9.24198e-01
1.571380806e+01,6.10933e-57,9.99999e-01,6.63022e-57,9.99999e-01,9.21436e-01
1.579237710e+01,3.66363e-41,9.99999e-01,3.98801e-41,9.99999e-01,9.18659e-01
1.587133899e+01,6.57950e-36,9.99999e-01,7.18420e-36,9.99999e-01,9.15828e-01
1.595069568e+01,3.99794e-39,9.99999e-01,4.38169e-39,9.99999e-01,9.12421e-01
1.603044916e+01,7.71695e-54,9.99999e-01,8.48950e-54,9.99999e-01,9.08999e-01
1.611060141e+01,5.93492e-52,9.99999e-01,6.55376e-52,9.99999e-01,9.05574e-01
1.619115441e+01,1.70990e-50,9.99999e-01,1.89562e-50,9.99999e-01,9.02024e-01
1.627211019e+01,1.00678e-56,9.99999e-01,1.12058e-56,9.99999e-01,8.98443e-01
1.635347074e+01,5.64936e-52,9.99999e-01,6.31325e-52,9.99999e-01,8.94841e-01
1.643523809e+01,4.86009e-53,9.99999e-01,5.45379e-53,9.99999e-01,8.91138e-01
1.651741428e+01,4.75490e-56,9.99999e-01,5.35843e-56,9.99999e-01,8.87366e-01
1.660000135e+01,8.03530e-71,9.99999e-01,9.09401e-71,9.99999e-01,8.83581e-01
1.668300136e+01,1.65989e-72,9.99999e-01,1.88663e-72,9.99999e-01,8.79817e-01
1.676641637e+01,2.24368e-64,9.99999e-01,2.56091e-64,9.99999e-01,8.76125e-01
1.685024845e+01,3.55094e-66,9.99999e-01,4.07016e-66,9.99999e-01,8.72432e-01
1.693449969e+01,4.69232e-82,9.99999e-01,5.40138e-82,9.99999e-01,8.68726e-01
1.701917219e+01,7.13371e-88,9.99999e-01,8.24893e-88,9.99999e-01,8.64804e-01
1.710426805e+01,6.99508e-113,9.99999e-01,8.12570e-113,9.99999e-01,8.60858e-01
1.718978939e+01,2.37546e-123,9.99999e-01,2.77215e-123,9.99999e-01,8.56900e-01
1.727573834e+01,1.28606e-126,9.99999e-01,1.50841e-126,9.99999e-01,8.52591e-01
1.736211703e+01,3.45813e-135,9.99999e-01,4.07843e-135,9.99999e-01,8.47908e-01
1.744892761e+01,3.88237e-116,9.99999e-01,4.60416e-116,9.99999e-01,8.43228e-01
1.753617225e+01,8.30523e-93,9.99999e-01,9.90437e-93,9.99999e-01,8.38541e-01
1.762385311e+01,1.92710e-91,9.99999e-01,2.31129e-91,9.99999e-01,8.33778e-01
1.771197238e+01,2.90770e-97,9.99999e-01,3.50741e-97,9.99999e-01,8.29016e-01
1.780053224e+01,7.57211e-106,9.99999e-01,9.18668e-106,9.99999e-01,8.24249e-01
1.788953490e+01,2.19715e-114,9.99999e-01,2.68282e-114,9.99999e-01,8.18969e-01
1.797898258e+01,3.67328e-131,9.99999e-01,4.51784e-131,9.99999e-01,8.13060e-01
1.806887749e+01,1.14212e-133,9.99999e-01,1.41498e-133,9.99999e-01,8.07164e-01
1.815922188e+01,4.17348e-178,9.99999e-01,5.20857e-178,9.99999e-01,8.01272e-01
1.825001799e+01,3.35682e-133,9.99999e-01,4.22072e-133,9.99999e-01,7.95319e-01
1.834126808e+01,1.61675e-128,9.99999e-01,2.04816e-128,9.99999e-01,7.89367e-01
1.843297442e+01,9.73406e-130,9.99999e-01,1.24251e-129,9.99999e-01,7.83418e-01
1.852513929e+01,5.01215e-174,9.99999e-01,6.44686e-174,9.99999e-01,7.77454e-01
1.861776499e+01,1.77416e-211,9.99999e-01,2.30002e-211,9.99999e-01,7.71366e-01
1.871085381e+01,1.17876e-165,9.99999e-01,1.54029e-165,9.99999e-01,7.65280e-01
1.880440808e+01,1.96997e-141,9.99999e-01,2.59474e-141,9.99999e-01,7.59216e-01
1.889843012e+01,5.01749e-142,9.99999e-01,6.66169e-142,9.99999e-01,7.53185e-01
1.899292227e+01,2.00964e-198,9.99999e-01,2.68957e-198,9.99999e-01,7.47199e-01
1.908788688e+01,4.40075e-190,9.99999e-01,5.93708e-190,9.99999e-01,7.41231e-01
1.918332632e+01,7.75561e-191,9.99999e-01,1.05479e-190,9.99999e-01,7.35272e-01
1.927924295e+01,1.22072e-235,9.99999e-01,1.67469e-235,9.99999e-01,7.28924e-01
1.937563916e+01,0.00000e+00,9.99999e-01,0.00000e+00,9.99999e-01,7.22311e-01
1.947251736e+01,0.00000e+00,9.99999e-01,0.00000e+00,9.99999e-01,7.15733e-01
1.956987994e+01,0.00000e+00,9.99999e-01,0.00000e+00,9.99999e-01,7.09170e-01
1.966772934e+01,3.24481e-294,9.99999e-01,4.62251e-294,9.99999e-01,7.01958e-01
1.976606799e+01,3.95349e-289,9.99999e-01,5.69259e-289,9.99999e-01,6.94497e-01
1.986489833e+01,2.60093e-307,9.99999e-01,3.78554e-307,9.99999e-01,6.87070e-01
1.996422282e+01,4.25159e-287,9.99999e-01,6.25530e-287,9.99999e-01,6.79678e-01
