#,Wave/freq,Total,N2,H2O,Rayleigh,CIA
4.000000000e-01,9.42543e-01,9.99999e-01,9.99992e-01,9.42550e-01,9.99999e-01
4.020000000e-01,9.43649e-01,9.99999e-01,9.99995e-01,9.43653e-01,9.99999e-01
4.040100000e-01,9.44733e-01,9.99999e-01,9.99997e-01,9.44735e-01,9.99999e-01
4.060300500e-01,9.45796e-01,9.99999e-01,9.99999e-01,9.45796e-01,9.99999e-01
4.080602003e-01,9.46838e-01,9.99999e-01,9.99999e-01,9.46838e-01,9.99999e-01
4.101005013e-01,9.47860e-01,9.99999e-01,9.99999e-01,9.47860e-01,9.99999e-01
4.121510038e-01,9.48863e-01,9.99999e-01,9.99999e-01,9.48863e-01,9.99999e-01
4.142117588e-01,9.49846e-01,9.99999e-01,9.99997e-01,9.49847e-01,9.99999e-01
4.162828176e-01,9.50805e-01,9.99999e-01,9.99991e-01,9.50813e-01,9.99999e-01
4.183642317e-01,9.51756e-01,9.99999e-01,9.99994e-01,9.51761e-01,9.99999e-01
4.204560528e-01,9.52688e-01,9.99999e-01,9.99996e-01,9.52691e-01,9.99999e-01
4.225583331e-01,9.53602e-01,9.99999e-01,9.99998e-01,9.53603e-01,9.99999e-01
4.246711247e-01,9.54498e-01,9.99999e-01,9.99998e-01,9.54499e-01,9.99999e-01
4.267944804e-01,9.55376e-01,9.99999e-01,9.99998e-01,9.55377e-01,9.99999e-01
4.289284528e-01,9.56238e-01,9.99999e-01,9.99998e-01,9.56239e-01,9.99999e-01
4.310730950e-01,9.57084e-01,9.99999e-01,9.99999e-01,9.57084e-01,9.99999e-01
4.332284605e-01,9.57914e-01,9.99999e-01,9.99999e-01,9.57914e-01,9.99999e-01
4.353946028e-01,9.58728e-01,9.99999e-01,9.99999e-01,9.58728e-01,9.99999e-01
4.375715758e-01,9.59525e-01,9.99999e-01,9.99998e-01,9.59526e-01,9.99999e-01
4.397594337e-01,9.60303e-01,9.99999e-01,9.99992e-01,9.60310e-01,9.99999e-01
4.419582309e-01,9.61042e-01,9.99999e-01,9.99962e-01,9.61078e-01,9.99999e-01
4.441680220e-01,9.61804e-01,9.99999e-01,9.99970e-01,9.61832e-01,9.99999e-01
4.463888621e-01,9.62543e-01,9.99999e-01,9.99969e-01,9.62572e-01,9.99999e-01
4.486208064e-01,9.63279e-01,9.99999e-01,9.99980e-01,9.63297e-01,9.99999e-01
4.508639105e-01,9.64001e-01,9.99999e-01,9.99990e-01,9.64009e-01,9.99999e-01
4.531182300e-01,9.64704e-01,9.99999e-01,9.99996e-01,9.64707e-01,9.99999e-01
4.553838212e-01,9.65390e-01,9.99999e-01,9.99997e-01,9.65392e-01,9.99999e-01
4.576607403e-01,9.66063e-01,9.99999e-01,9.99998e-01,9.66064e-01,9.99999e-01
4.599490440e-01,9.66722e-01,9.99999e-01,9.99998e-01,9.66723e-01,9.99999e-01
4.622487892e-01,9.67369e-01,9.99999e-01,9.99999e-01,9.67369e-01,9.99999e-01
4.645600332e-01,9.68003e-01,9.99999e-01,9.99998e-01,9.68003e-01,9.99999e-01
4.668828333e-01,9.68617e-01,9.99999e-01,9.99990e-01,9.68625e-01,9.99999e-01
4.692172475e-01,9.69217e-01,9.99999e-01,9.99980e-01,9.69235e-01,9.99999e-01
4.715633337e-01,9.69822e-01,9.99999e-01,9.99987e-01,9.69834e-01,9.99999e-01
4.739211504e-01,9.70409e-01,9.99999e-01,9.99987e-01,9.70421e-01,9.99999e-01
4.762907561e-01,9.70991e-01,9.99999e-01,9.99993e-01,9.70996e-01,9.99999e-01
4.786722099e-01,9.71559e-01,9.99999e-01,9.99997e-01,9.71561e-01,9.99999e-01
4.810655710e-01,9.72114e-01,9.99999e-01,9.99998e-01,9.72115e-01,9.99999e-01
4.834708988e-01,9.72651e-01,9.99999e-01,9.99992e-01,9.72658e-01,9.99999e-01
4.858882533e-01,9.73178e-01,9.99999e-01,9.99986e-01,9.73191e-01,9.99999e-01
4.883176946e-01,9.73703e-01,9.99999e-01,9.99988e-01,9.73713e-01,9.99999e-01
4.907592831e-01,9.74216e-01,9.99999e-01,9.99989e-01,9.74226e-01,9.99999e-01
4.932130795e-01,9.74721e-01,9.99999e-01,9.99992e-01,9.74728e-01,9.99999e-01
4.956791449e-01,9.75218e-01,9.99999e-01,9.99995e-01,9.75221e-01,9.99999e-01
4.981575406e-01,9.75686e-01,9.99999e-01,9.99980e-01,9.75705e-01,9.99999e-01
5.006483283e-01,9.76131e-01,9.99999e-01,9.99950e-01,9.76179e-01,9.99999e-01
5.031515699e-01,9.76399e-01,9.99999e-01,9.99751e-01,9.76644e-01,9.99996e-01
5.056673278e-01,9.76969e-01,9.99999e-01,9.99868e-01,9.77100e-01,9.99996e-01
5.081956644e-01,9.77384e-01,9.99999e-01,9.99834e-01,9.77547e-01,9.99997e-01
5.107366428e-01,9.77876e-01,9.99999e-01,9.99888e-01,9.77986e-01,9.99999e-01
5.132903260e-01,9.78353e-01,9.99999e-01,9.99935e-01,9.78416e-01,9.99999e-01
5.158567776e-01,9.78811e-01,9.99999e-01,9.99972e-01,9.78837e-01,9.99999e-01
5.184360615e-01,9.79241e-01,9.99999e-01,9.99988e-01,9.79251e-01,9.99999e-01
5.210282418e-01,9.79653e-01,9.99999e-01,9.99995e-01,9.79657e-01,9.99999e-01
5.236333830e-01,9.80039e-01,9.99999e-01,9.99983e-01,9.80054e-01,9.99999e-01
5.262515499e-01,9.80435e-01,9.99999e-01,9.99989e-01,9.80445e-01,9.99999e-01
5.288828077e-01,9.80818e-01,9.99999e-01,9.99990e-01,9.80827e-01,9.99999e-01
5.315272217e-01,9.81194e-01,9.99999e-01,9.99991e-01,9.81202e-01,9.99999e-01
5.341848578e-01,9.81565e-01,9.99999e-01,9.99994e-01,9.81570e-01,9.99999e-01
5.368557821e-01,9.81912e-01,9.99999e-01,9.99980e-01,9.81931e-01,9.99999e-01
5.395400610e-01,9.82217e-01,9.99999e-01,9.99931e-01,9.82284e-01,9.99998e-01
5.422377613e-01,9.82544e-01,9.99999e-01,9.99911e-01,9.82631e-01,9.99997e-01
5.449489501e-01,9.82889e-01,9.99999e-01,9.99917e-01,9.82971e-01,9.99997e-01
5.476736949e-01,9.83233e-01,9.99999e-01,9.99927e-01,9.83305e-01,9.99998e-01
5.504120634e-01,9.83580e-01,9.99999e-01,9.99947e-01,9.83632e-01,9.99999e-01
5.531641237e-01,9.83927e-01,9.99999e-01,9.99973e-01,9.83953e-01,9.99999e-01
5.559299443e-01,9.84255e-01,9.99999e-01,9.99986e-01,9.84267e-01,9.99999e-01
5.587095940e-01,9.84568e-01,9.99999e-01,9.99991e-01,9.84575e-01,9.99999e-01
5.615031420e-01,9.84869e-01,9.99999e-01,9.99990e-01,9.84878e-01,9.99999e-01
5.643106577e-01,9.85164e-01,9.99999e-01,9.99989e-01,9.85174e-01,9.99999e-01
5.671322110e-01,9.85342e-01,9.99999e-01,9.99875e-01,9.85465e-01,9.99998e-01
5.699678720e-01,9.85618e-01,9.99999e-01,9.99869e-01,9.85750e-01,9.99996e-01
5.728177114e-01,9.85893e-01,9.99999e-01,9.99863e-01,9.86029e-01,9.99996e-01
5.756818000e-01,9.86179e-01,9.99999e-01,9.99874e-01,9.86303e-01,9.99997e-01
5.785602090e-01,9.86465e-01,9.99999e-01,9.99890e-01,9.86572e-01,9.99999e-01
5.814530100e-01,9.86728e-01,9.99999e-01,9.99890e-01,9.86836e-01,9.99999e-01
5.843602750e-01,9.86964e-01,9.99999e-01,9.99868e-01,9.87094e-01,9.99998e-01
5.872820764e-01,9.86227e-01,9.99999e-01,9.98873e-01,9.87347e-01,9.99991e-01
5.902184868e-01,9.86232e-01,9.99999e-01,9.98639e-01,9.87596e-01,9.99978e-01
5.931695792e-01,9.86869e-01,9.99999e-01,9.99037e-01,9.87839e-01,9.99978e-01
5.961354271e-01,9.87025e-01,9.99999e-01,9.98946e-01,9.88078e-01,9.99987e-01
5.991161043e-01,9.87550e-01,9.99999e-01,9.99231e-01,9.88312e-01,9.99995e-01
6.021116848e-01,9.88111e-01,9.99999e-01,9.99564e-01,9.88541e-01,9.99999e-01
6.051222432e-01,9.88549e-01,9.99999e-01,9.99779e-01,9.88766e-01,9.99999e-01
6.081478544e-01,9.88893e-01,9.99999e-01,9.99904e-01,9.88987e-01,9.99999e-01
6.111885937e-01,9.89164e-01,9.99999e-01,9.99959e-01,9.89203e-01,9.99999e-01
6.142445367e-01,9.89398e-01,9.99999e-01,9.99981e-01,9.89416e-01,9.99999e-01
6.173157594e-01,9.89614e-01,9.99999e-01,9.99989e-01,9.89624e-01,9.99999e-01
6.204023382e-01,9.89819e-01,9.99999e-01,9.99991e-01,9.89827e-01,9.99999e-01
6.235043498e-01,9.89990e-01,9.99999e-01,9.99962e-01,9.90027e-01,9.99999e-01
6.266218716e-01,9.90028e-01,9.99999e-01,9.99803e-01,9.90223e-01,9.99998e-01
6.297549810e-01,9.90342e-01,9.99999e-01,9.99927e-01,9.90416e-01,9.99996e-01
6.329037559e-01,9.90461e-01,9.99999e-01,9.99857e-01,9.90604e-01,9.99997e-01
6.360682746e-01,9.90668e-01,9.99999e-01,9.99878e-01,9.90789e-01,9.99998e-01
6.392486160e-01,9.90814e-01,9.99999e-01,9.99843e-01,9.90970e-01,9.99998e-01
6.424448591e-01,9.90938e-01,9.99999e-01,9.99789e-01,9.91147e-01,9.99998e-01
6.456570834e-01,9.90349e-01,9.99999e-01,9.99023e-01,9.91321e-01,9.99994e-01
6.488853688e-01,9.90772e-01,9.99999e-01,9.99287e-01,9.91492e-01,9.99984e-01
6.521297956e-01,9.90928e-01,9.99999e-01,9.99273e-01,9.91659e-01,9.99987e-01
6.553904446e-01,9.91097e-01,9.99999e-01,9.99276e-01,9.91823e-01,9.99990e-01
6.586673968e-01,9.91368e-01,9.99999e-01,9.99381e-01,9.91984e-01,9.99996e-01
6.619607338e-01,9.91800e-01,9.99999e-01,9.99655e-01,9.92142e-01,9.99998e-01
6.652705375e-01,9.92091e-01,9.99999e-01,9.99792e-01,9.92297e-01,9.99999e-01
6.685968902e-01,9.92361e-01,9.99999e-01,9.99911e-01,9.92448e-01,9.99999e-01
6.719398746e-01,9.92553e-01,9.99999e-01,9.99955e-01,9.92597e-01,9.99999e-01
6.752995740e-01,9.92718e-01,9.99999e-01,9.99975e-01,9.92742e-01,9.99999e-01
6.786760719e-01,9.92851e-01,9.99999e-01,9.99964e-01,9.92885e-01,9.99999e-01
6.820694522e-01,9.92966e-01,9.99999e-01,9.99939e-01,9.93025e-01,9.99999e-01
6.854797995e-01,9.93085e-01,9.99999e-01,9.99922e-01,9.93163e-01,9.99998e-01
6.889071985e-01,9.93109e-01,9.99999e-01,9.99812e-01,9.93297e-01,9.99997e-01
6.923517345e-01,9.90381e-01,9.99999e-01,9.96946e-01,9.93429e-01,9.99984e-01
6.958134932e-01,9.91960e-01,9.99999e-01,9.98422e-01,9.93558e-01,9.99967e-01
6.992925606e-01,9.92158e-01,9.99999e-01,9.98491e-01,9.93685e-01,9.99970e-01
7.027890234e-01,9.91942e-01,9.99999e-01,9.98142e-01,9.93810e-01,9.99977e-01
7.063029686e-01,9.92369e-01,9.99999e-01,9.98438e-01,9.93931e-01,9.99988e-01
7.098344834e-01,9.92556e-01,9.99999e-01,9.98502e-01,9.94051e-01,9.99992e-01
7.133836558e-01,9.92161e-01,9.99999e-01,9.97993e-01,9.94168e-01,9.99986e-01
7.169505741e-01,9.78187e-01,9.99999e-01,9.83911e-01,9.94283e-01,9.99897e-01
7.205353270e-01,9.86423e-01,9.99999e-01,9.92160e-01,9.94396e-01,9.99819e-01
7.241380036e-01,9.84412e-01,9.99999e-01,9.90003e-01,9.94506e-01,9.99843e-01
7.277586936e-01,9.85515e-01,9.99999e-01,9.90977e-01,9.94614e-01,9.99872e-01
7.313974871e-01,9.85156e-01,9.99999e-01,9.90443e-01,9.94720e-01,9.99939e-01
7.350544745e-01,9.89603e-01,9.99999e-01,9.94772e-01,9.94824e-01,9.99978e-01
7.387297469e-01,9.91092e-01,9.99999e-01,9.96155e-01,9.94926e-01,9.99990e-01
7.424233956e-01,9.93154e-01,9.99999e-01,9.98119e-01,9.95026e-01,9.99997e-01
7.461355126e-01,9.93990e-01,9.99999e-01,9.98859e-01,9.95124e-01,9.99999e-01
7.498661902e-01,9.94693e-01,9.99999e-01,9.99469e-01,9.95220e-01,9.99999e-01
7.536155211e-01,9.95055e-01,9.99999e-01,9.99739e-01,9.95314e-01,9.99999e-01
7.573835987e-01,9.95273e-01,9.99999e-01,9.99865e-01,9.95407e-01,9.99999e-01
7.611705167e-01,9.95414e-01,9.99999e-01,9.99916e-01,9.95497e-01,9.99999e-01
7.649763693e-01,9.95534e-01,9.99999e-01,9.99947e-01,9.95586e-01,9.99999e-01
7.688012511e-01,9.95637e-01,9.99999e-01,9.99963e-01,9.95673e-01,9.99999e-01
7.726452574e-01,9.95728e-01,9.99999e-01,9.99969e-01,9.95758e-01,9.99999e-01
7.765084837e-01,9.95799e-01,9.99999e-01,9.99956e-01,9.95842e-01,9.99999e-01
7.803910261e-01,9.95740e-01,9.99999e-01,9.99815e-01,9.95924e-01,9.99999e-01
7.842929812e-01,9.95362e-01,9.99999e-01,9.99355e-01,9.96004e-01,9.99998e-01
7.882144461e-01,9.94756e-01,9.99999e-01,9.98677e-01,9.96083e-01,9.99990e-01
7.921555184e-01,9.95423e-01,9.99999e-01,9.99275e-01,9.96160e-01,9.99983e-01
7.961162960e-01,9.94941e-01,9.99999e-01,9.98714e-01,9.96236e-01,9.99984e-01
8.000968774e-01,9.94819e-01,9.99999e-01,9.98519e-01,9.96310e-01,9.99983e-01
8.040973618e-01,9.94894e-01,9.99999e-01,9.98517e-01,9.96383e-01,9.99987e-01
8.081178486e-01,9.93104e-01,9.99999e-01,9.96649e-01,9.96454e-01,9.99987e-01
8.121584379e-01,9.82599e-01,9.99999e-01,9.86072e-01,9.96524e-01,9.99952e-01
8.162192301e-01,9.80001e-01,9.99999e-01,9.83524e-01,9.96592e-01,9.99824e-01
8.203003262e-01,9.88135e-01,9.99999e-01,9.91650e-01,9.96659e-01,9.99794e-01
8.244018279e-01,9.85018e-01,9.99999e-01,9.88415e-01,9.96725e-01,9.99836e-01
8.285238370e-01,9.86832e-01,9.99999e-01,9.90136e-01,9.96790e-01,9.99871e-01
8.326664562e-01,9.86870e-01,9.99999e-01,9.90037e-01,9.96853e-01,9.99946e-01
8.368297885e-01,9.89821e-01,9.99999e-01,9.92895e-01,9.96915e-01,9.99987e-01
8.410139374e-01,9.92760e-01,9.99999e-01,9.95777e-01,9.96976e-01,9.99992e-01
8.452190071e-01,9.94968e-01,9.99999e-01,9.97929e-01,9.97036e-01,9.99995e-01
8.494451021e-01,9.95892e-01,9.99999e-01,9.98797e-01,9.97094e-01,9.99996e-01
8.536923276e-01,9.96441e-01,9.99999e-01,9.99289e-01,9.97151e-01,9.99997e-01
8.579607893e-01,9.96771e-01,9.99999e-01,9.99561e-01,9.97208e-01,9.99999e-01
8.622505932e-01,9.96986e-01,9.99999e-01,9.99721e-01,9.97263e-01,9.99999e-01
8.665618462e-01,9.97145e-01,9.99999e-01,9.99827e-01,9.97317e-01,9.99999e-01
8.708946554e-01,9.97173e-01,9.99999e-01,9.99802e-01,9.97370e-01,9.99999e-01
8.752491287e-01,9.97158e-01,9.99999e-01,9.99735e-01,9.97421e-01,9.99999e-01
8.796253743e-01,9.97107e-01,9.99999e-01,9.99633e-01,9.97472e-01,9.99998e-01
8.840235012e-01,9.97103e-01,9.99999e-01,9.99582e-01,9.97522e-01,9.99996e-01
8.884436187e-01,9.96033e-01,9.99999e-01,9.98464e-01,9.97571e-01,9.99992e-01
8.928858368e-01,9.81546e-01,9.99999e-01,9.83929e-01,9.97619e-01,9.99957e-01
8.973502660e-01,9.69300e-01,9.99999e-01,9.71774e-01,9.97666e-01,9.99786e-01
9.018370173e-01,9.82941e-01,9.99999e-01,9.85525e-01,9.97712e-01,9.99664e-01
9.063462024e-01,9.84698e-01,9.99999e-01,9.87202e-01,9.97757e-01,9.99704e-01
9.108779334e-01,9.77685e-01,9.99999e-01,9.80139e-01,9.97801e-01,9.99693e-01
9.154323231e-01,9.75159e-01,9.99999e-01,9.77512e-01,9.97845e-01,9.99746e-01
9.200094847e-01,9.80127e-01,9.99999e-01,9.82340e-01,9.97887e-01,9.99857e-01
9.246095321e-01,9.69746e-01,9.99999e-01,9.71917e-01,9.97929e-01,9.99836e-01
9.292325798e-01,8.22847e-01,9.99999e-01,8.25045e-01,9.97970e-01,9.99363e-01
9.338787427e-01,7.76177e-01,9.99999e-01,7.79774e-01,9.98010e-01,9.97371e-01
9.385481364e-01,9.00483e-01,9.99999e-01,9.05071e-01,9.98049e-01,9.96874e-01
9.432408771e-01,8.63814e-01,9.99999e-01,8.67809e-01,9.98087e-01,9.97302e-01
9.479570815e-01,8.15653e-01,9.99999e-01,8.18982e-01,9.98125e-01,9.97804e-01
9.526968669e-01,8.61380e-01,9.99999e-01,8.64123e-01,9.98162e-01,9.98659e-01
9.574603512e-01,8.75365e-01,9.99999e-01,8.77541e-01,9.98198e-01,9.99318e-01
9.622476530e-01,8.97847e-01,9.99999e-01,8.99858e-01,9.98234e-01,9.99528e-01
9.670588912e-01,9.39215e-01,9.99999e-01,9.41146e-01,9.98269e-01,9.99677e-01
9.718941857e-01,9.61184e-01,9.99999e-01,9.63045e-01,9.98303e-01,9.99762e-01
9.767536566e-01,9.67454e-01,9.99999e-01,9.69241e-01,9.98336e-01,9.99818e-01
9.816374249e-01,9.75516e-01,9.99999e-01,9.77170e-01,9.98369e-01,9.99936e-01
9.865456120e-01,9.84105e-01,9.99999e-01,9.85692e-01,9.98401e-01,9.99986e-01
9.914783401e-01,9.89582e-01,9.99999e-01,9.91138e-01,9.98433e-01,9.99995e-01
9.964357318e-01,9.93636e-01,9.99999e-01,9.95166e-01,9.98464e-01,9.99997e-01
1.001417910e+00,9.95597e-01,9.99999e-01,9.97101e-01,9.98494e-01,9.99996e-01
1.006425000e+00,9.96868e-01,9.99999e-01,9.98346e-01,9.98524e-01,9.99994e-01
1.011457125e+00,9.97525e-01,9.99999e-01,9.98974e-01,9.98553e-01,9.99995e-01
1.016514411e+00,9.97883e-01,9.99999e-01,9.99303e-01,9.98581e-01,9.99996e-01
1.021596983e+00,9.98052e-01,9.99999e-01,9.99444e-01,9.98609e-01,9.99996e-01
1.026704968e+00,9.98203e-01,9.99999e-01,9.99566e-01,9.98637e-01,9.99997e-01
1.031838492e+00,9.98349e-01,9.99999e-01,9.99685e-01,9.98664e-01,9.99998e-01
1.036997685e+00,9.98503e-01,9.99999e-01,9.99812e-01,9.98690e-01,9.99999e-01
1.042182673e+00,9.98493e-01,9.99999e-01,9.99776e-01,9.98716e-01,9.99999e-01
1.047393587e+00,9.98446e-01,9.99999e-01,9.99703e-01,9.98741e-01,9.99999e-01
1.052630555e+00,9.98361e-01,9.99999e-01,9.99593e-01,9.98766e-01,9.99999e-01
1.057893707e+00,9.98113e-01,9.99999e-01,9.99321e-01,9.98790e-01,9.99999e-01
1.063183176e+00,9.97699e-01,9.99999e-01,9.98883e-01,9.98814e-01,9.99998e-01
1.068499092e+00,9.96971e-01,9.99999e-01,9.98131e-01,9.98838e-01,9.99998e-01
1.073841587e+00,9.96672e-01,9.99999e-01,9.97811e-01,9.98861e-01,9.99996e-01
1.079210795e+00,9.96079e-01,9.99999e-01,9.97199e-01,9.98883e-01,9.99992e-01
1.084606849e+00,9.94651e-01,9.99999e-01,9.95758e-01,9.98905e-01,9.99981e-01
1.090029883e+00,9.92792e-01,9.99999e-01,9.93895e-01,9.98927e-01,9.99962e-01
1.095480033e+00,9.82357e-01,9.99999e-01,9.83457e-01,9.98948e-01,9.99932e-01
1.100957433e+00,9.57262e-01,9.99999e-01,9.58368e-01,9.98969e-01,9.99875e-01
1.106462220e+00,8.95380e-01,9.99999e-01,8.96473e-01,9.98989e-01,9.99789e-01
1.111994531e+00,7.92211e-01,9.99999e-01,7.93438e-01,9.99009e-01,9.99442e-01
1.117554504e+00,6.83643e-01,9.99999e-01,6.85685e-01,9.99028e-01,9.97989e-01
1.123142276e+00,7.48072e-01,9.99999e-01,7.52366e-01,9.99048e-01,9.95239e-01
1.128757988e+00,8.30784e-01,9.99999e-01,8.36163e-01,9.99066e-01,9.94494e-01
1.134401778e+00,6.37064e-01,9.99999e-01,6.40647e-01,9.99085e-01,9.95316e-01
1.140073787e+00,8.96421e-01,9.99999e-01,9.00596e-01,9.99103e-01,9.96256e-01
1.145774156e+00,7.97767e-01,9.99999e-01,8.01215e-01,9.99121e-01,9.96572e-01
1.151503026e+00,7.77102e-01,9.99999e-01,7.79260e-01,9.99138e-01,9.98088e-01
1.157260541e+00,8.15469e-01,9.99999e-01,8.16625e-01,9.99155e-01,9.99427e-01
1.163046844e+00,8.60750e-01,9.99999e-01,8.61602e-01,9.99172e-01,9.99837e-01
1.168862078e+00,9.01691e-01,9.99999e-01,9.02498e-01,9.99188e-01,9.99916e-01
1.174706389e+00,9.37827e-01,9.99999e-01,9.38677e-01,9.99204e-01,9.99888e-01
1.180579921e+00,9.61348e-01,9.99999e-01,9.62259e-01,9.99220e-01,9.99832e-01
1.186482820e+00,9.77617e-01,9.99999e-01,9.78532e-01,9.99235e-01,9.99827e-01
1.192415234e+00,9.86558e-01,9.99999e-01,9.87424e-01,9.99250e-01,9.99870e-01
1.198377311e+00,9.88536e-01,9.99999e-01,9.89382e-01,9.99265e-01,9.99878e-01
1.204369197e+00,9.89123e-01,9.99999e-01,9.89944e-01,9.99279e-01,9.99889e-01
1.210391043e+00,9.89623e-01,9.99999e-01,9.90388e-01,9.99294e-01,9.99932e-01
1.216442998e+00,9.91097e-01,9.99999e-01,9.91824e-01,9.99308e-01,9.99958e-01
1.222525213e+00,9.92932e-01,9.99999e-01,9.93631e-01,9.99321e-01,9.99974e-01
1.228637839e+00,9.94900e-01,9.99999e-01,9.95573e-01,9.99335e-01,9.99987e-01
1.234781029e+00,9.96060e-01,9.99999e-01,9.96713e-01,9.99348e-01,9.99996e-01
1.240954934e+00,9.97282e-01,9.99999e-01,9.97920e-01,9.99361e-01,9.99998e-01
1.247159708e+00,9.97755e-01,9.99999e-01,9.98380e-01,9.99373e-01,9.99998e-01
1.253395507e+00,9.97948e-01,9.99999e-01,9.98561e-01,9.99386e-01,9.99998e-01
1.259662485e+00,9.98030e-01,9.99999e-01,9.98632e-01,9.99398e-01,9.99998e-01
1.265960797e+00,9.97226e-01,9.99999e-01,9.97817e-01,9.99409e-01,9.99997e-01
1.272290601e+00,9.95988e-01,9.99999e-01,9.96567e-01,9.99421e-01,9.99995e-01
1.278652054e+00,9.92611e-01,9.99999e-01,9.93181e-01,9.99433e-01,9.99992e-01
1.285045314e+00,9.87083e-01,9.99999e-01,9.87644e-01,9.99444e-01,9.99987e-01
1.291470541e+00,9.78003e-01,9.99999e-01,9.78556e-01,9.99455e-01,9.99977e-01
1.297927893e+00,9.69027e-01,9.99999e-01,9.69583e-01,9.99465e-01,9.99959e-01
1.304417533e+00,9.63622e-01,9.99999e-01,9.64209e-01,9.99476e-01,9.99913e-01
1.310939621e+00,9.58357e-01,9.99999e-01,9.59018e-01,9.99486e-01,9.99823e-01
1.317494319e+00,9.54959e-01,9.99999e-01,9.55749e-01,9.99496e-01,9.99674e-01
1.324081790e+00,9.33180e-01,9.99999e-01,9.34136e-01,9.99506e-01,9.99469e-01
1.330702199e+00,7.33373e-01,9.99999e-01,7.34399e-01,9.99516e-01,9.99085e-01
1.337355710e+00,4.76065e-01,9.99999e-01,4.77130e-01,9.99526e-01,9.98239e-01
1.344042489e+00,1.21116e-01,9.99999e-01,1.21817e-01,9.99535e-01,9.94707e-01
1.350762701e+00,1.65320e-02,9.99999e-01,1.68427e-02,9.99544e-01,9.81997e-01
1.357516515e+00,4.80894e-03,9.99999e-01,5.07454e-03,9.99553e-01,9.48083e-01
1.364304097e+00,2.29119e-02,9.99999e-01,2.51669e-02,9.99562e-01,9.10797e-01
1.371125618e+00,8.17357e-02,9.99999e-01,8.93006e-02,9.99571e-01,9.15678e-01
1.377981246e+00,1.13651e-01,9.99999e-01,1.22616e-01,9.99579e-01,9.27270e-01
1.384871152e+00,1.94347e-02,9.99999e-01,2.08600e-02,9.99587e-01,9.32056e-01
1.391795508e+00,3.09547e-02,9.99999e-01,3.31154e-02,9.99595e-01,9.35129e-01
1.398754485e+00,4.58563e-02,9.99999e-01,4.84878e-02,9.99603e-01,9.46103e-01
1.405748258e+00,4.52030e-02,9.99999e-01,4.67091e-02,9.99611e-01,9.68130e-01
1.412776999e+00,5.35319e-02,9.99999e-01,5.43501e-02,9.99619e-01,9.85320e-01
1.419840884e+00,6.26224e-02,9.99999e-01,6.30533e-02,9.99626e-01,9.93536e-01
1.426940089e+00,1.19592e-01,9.99999e-01,1.20227e-01,9.99634e-01,9.95085e-01
1.434074789e+00,1.93854e-01,9.99999e-01,1.95054e-01,9.99641e-01,9.94203e-01
1.441245163e+00,3.05311e-01,9.99999e-01,3.07347e-01,9.99648e-01,9.93723e-01
1.448451389e+00,4.24199e-01,9.99999e-01,4.26690e-01,9.99655e-01,9.94501e-01
1.455693646e+00,5.81838e-01,9.99999e-01,5.84536e-01,9.99662e-01,9.95719e-01
1.462972114e+00,6.30561e-01,9.99999e-01,6.33355e-01,9.99668e-01,9.95916e-01
1.470286975e+00,5.82511e-01,9.99999e-01,5.85048e-01,9.99675e-01,9.95986e-01
1.477638409e+00,6.19927e-01,9.99999e-01,6.21810e-01,9.99681e-01,9.97288e-01
1.485026601e+00,6.81746e-01,9.99999e-01,6.82811e-01,9.99688e-01,9.98750e-01
1.492451734e+00,7.48832e-01,9.99999e-01,7.49470e-01,9.99694e-01,9.99453e-01
1.499913993e+00,8.26243e-01,9.99999e-01,8.26685e-01,9.99700e-01,9.99764e-01
1.507413563e+00,8.71690e-01,9.99999e-01,8.72042e-01,9.99706e-01,9.99888e-01
1.514950631e+00,9.17532e-01,9.99999e-01,9.17843e-01,9.99711e-01,9.99947e-01
1.522525384e+00,9.45929e-01,9.99999e-01,9.46213e-01,9.99717e-01,9.99980e-01
1.530138011e+00,9.60082e-01,9.99999e-01,9.60354e-01,9.99723e-01,9.99992e-01
1.537788701e+00,9.77213e-01,9.99999e-01,9.77480e-01,9.99728e-01,9.99996e-01
1.545477645e+00,9.85259e-01,9.99999e-01,9.85522e-01,9.99734e-01,9.99997e-01
1.553205033e+00,9.87930e-01,9.99999e-01,9.88188e-01,9.99739e-01,9.99998e-01
1.560971058e+00,9.92434e-01,9.99999e-01,9.92688e-01,9.99744e-01,9.99998e-01
1.568775913e+00,9.94916e-01,9.99999e-01,9.95166e-01,9.99749e-01,9.99998e-01
1.576619793e+00,9.96001e-01,9.99999e-01,9.96246e-01,9.99754e-01,9.99998e-01
1.584502892e+00,9.97475e-01,9.99999e-01,9.97716e-01,9.99759e-01,9.99998e-01
1.592425406e+00,9.97648e-01,9.99999e-01,9.97884e-01,9.99763e-01,9.99998e-01
1.600387533e+00,9.98308e-01,9.99999e-01,9.98540e-01,9.99768e-01,9.99998e-01
1.608389471e+00,9.98263e-01,9.99999e-01,9.98490e-01,9.99773e-01,9.99998e-01
1.616431418e+00,9.98231e-01,9.99999e-01,9.98454e-01,9.99777e-01,9.99998e-01
1.624513575e+00,9.98128e-01,9.99999e-01,9.98346e-01,9.99782e-01,9.99998e-01
1.632636143e+00,9.97194e-01,9.99999e-01,9.97408e-01,9.99786e-01,9.99998e-01
1.640799324e+00,9.96333e-01,9.99999e-01,9.96543e-01,9.99790e-01,9.99997e-01
1.649003321e+00,9.95386e-01,9.99999e-01,9.95593e-01,9.99794e-01,9.99996e-01
1.657248337e+00,9.93970e-01,9.99999e-01,9.94172e-01,9.99798e-01,9.99996e-01
1.665534579e+00,9.91867e-01,9.99999e-01,9.92065e-01,9.99802e-01,9.99996e-01
1.673862252e+00,9.89011e-01,9.99999e-01,9.89206e-01,9.99806e-01,9.99995e-01
1.682231563e+00,9.90358e-01,9.99999e-01,9.90552e-01,9.99810e-01,9.99993e-01
1.690642721e+00,9.83282e-01,9.99999e-01,9.83474e-01,9.99814e-01,9.99989e-01
1.699095934e+00,9.80740e-01,9.99999e-01,9.80933e-01,9.99817e-01,9.99984e-01
1.707591414e+00,9.79349e-01,9.99999e-01,9.79546e-01,9.99821e-01,9.99976e-01
1.716129371e+00,9.74487e-01,9.99999e-01,9.74691e-01,9.99824e-01,9.99965e-01
1.724710018e+00,9.61705e-01,9.99999e-01,9.61917e-01,9.99828e-01,9.99949e-01
1.733333568e+00,9.50323e-01,9.99999e-01,9.50556e-01,9.99831e-01,9.99921e-01
1.742000236e+00,9.26030e-01,9.99999e-01,9.26296e-01,9.99835e-01,9.99875e-01
1.750710237e+00,8.64543e-01,9.99999e-01,8.64854e-01,9.99838e-01,9.99800e-01
1.759463788e+00,7.60036e-01,9.99999e-01,7.60411e-01,9.99841e-01,9.99663e-01
1.768261107e+00,5.92968e-01,9.99999e-01,5.93404e-01,9.99844e-01,9.99420e-01
1.777102413e+00,4.15608e-01,9.99999e-01,4.16049e-01,9.99847e-01,9.99092e-01
1.785987925e+00,2.01808e-01,9.99999e-01,2.02134e-01,9.99850e-01,9.98538e-01
1.794917864e+00,1.07210e-01,9.99999e-01,1.07535e-01,9.99853e-01,9.97128e-01
1.803892454e+00,2.53327e-02,9.99999e-01,2.54897e-02,9.99856e-01,9.93982e-01
1.812911916e+00,1.13705e-02,9.99999e-01,1.15410e-02,9.99859e-01,9.85363e-01
1.821976476e+00,1.16008e-02,9.99999e-01,1.19705e-02,9.99862e-01,9.69244e-01
1.831086358e+00,6.02310e-03,9.99999e-01,6.41750e-03,9.99864e-01,9.38668e-01
1.840241790e+00,9.03197e-03,9.99999e-01,1.00513e-02,9.99867e-01,8.98705e-01
1.849442999e+00,2.19808e-02,9.99999e-01,2.49966e-02,9.99870e-01,8.79465e-01
1.858690214e+00,4.20766e-03,9.99999e-01,4.78437e-03,9.99872e-01,8.79570e-01
1.867983665e+00,8.55725e-04,9.99999e-01,9.63092e-04,9.99875e-01,8.88629e-01
1.877323583e+00,6.87184e-02,9.99999e-01,7.62792e-02,9.99877e-01,9.00988e-01
1.886710201e+00,1.00632e-01,9.99999e-01,1.10241e-01,9.99879e-01,9.12940e-01
1.896143752e+00,1.13873e-01,9.99999e-01,1.24513e-01,9.99882e-01,9.14650e-01
1.905624471e+00,2.97997e-02,9.99999e-01,3.23253e-02,9.99884e-01,9.21974e-01
1.915152593e+00,1.29376e-02,9.99999e-01,1.37124e-02,9.99886e-01,9.43601e-01
1.924728356e+00,8.46678e-03,9.99999e-01,8.75029e-03,9.99889e-01,9.67705e-01
1.934351998e+00,8.19589e-03,9.99999e-01,8.32656e-03,9.99891e-01,9.84412e-01
1.944023758e+00,3.30468e-02,9.99999e-01,3.32326e-02,9.99893e-01,9.94513e-01
1.953743877e+00,5.55584e-02,9.99999e-01,5.56922e-02,9.99895e-01,9.97700e-01
1.963512596e+00,1.70380e-01,9.99999e-01,1.70595e-01,9.99897e-01,9.98837e-01
1.973330159e+00,2.58254e-01,9.99999e-01,2.58437e-01,9.99899e-01,9.99391e-01
1.983196810e+00,5.07004e-01,9.99999e-01,5.07223e-01,9.99901e-01,9.99666e-01
1.993112794e+00,5.94575e-01,9.99999e-01,5.94740e-01,9.99903e-01,9.99817e-01
2.003078358e+00,7.40356e-01,9.99999e-01,7.40502e-01,9.99905e-01,9.99897e-01
2.013093750e+00,8.23014e-01,9.99999e-01,8.23140e-01,9.99907e-01,9.99938e-01
2.023159218e+00,8.94499e-01,9.99999e-01,8.94618e-01,9.99909e-01,9.99956e-01
2.033275015e+00,9.17264e-01,9.99999e-01,9.17377e-01,9.99910e-01,9.99964e-01
2.043441390e+00,9.47982e-01,9.99999e-01,9.48099e-01,9.99912e-01,9.99962e-01
2.053658597e+00,9.57994e-01,9.99999e-01,9.58124e-01,9.99914e-01,9.99949e-01
2.063926890e+00,9.71621e-01,9.99999e-01,9.71778e-01,9.99916e-01,9.99922e-01
2.074246524e+00,9.75335e-01,9.99998e-01,9.75537e-01,9.99917e-01,9.99875e-01
2.084617757e+00,9.83697e-01,9.99998e-01,9.83968e-01,9.99919e-01,9.99805e-01
2.095040845e+00,9.86975e-01,9.99997e-01,9.87340e-01,9.99920e-01,9.99709e-01
2.105516050e+00,9.88644e-01,9.99997e-01,9.89126e-01,9.99922e-01,9.99591e-01
2.116043630e+00,9.89030e-01,9.99997e-01,9.89605e-01,9.99923e-01,9.99496e-01
2.126623848e+00,9.93032e-01,9.99997e-01,9.93668e-01,9.99925e-01,9.99435e-01
2.137256967e+00,9.93282e-01,9.99998e-01,9.93979e-01,9.99926e-01,9.99371e-01
2.147943252e+00,9.93382e-01,9.99998e-01,9.94203e-01,9.99928e-01,9.99244e-01
2.158682968e+00,9.93756e-01,9.99995e-01,9.94702e-01,9.99929e-01,9.99123e-01
2.169476383e+00,9.93624e-01,9.99998e-01,9.94357e-01,9.99931e-01,9.99331e-01
2.180323765e+00,9.92979e-01,9.99998e-01,9.93541e-01,9.99932e-01,9.99501e-01
2.191225384e+00,9.91632e-01,9.99998e-01,9.92112e-01,9.99933e-01,9.99582e-01
2.202181511e+00,9.89824e-01,9.99998e-01,9.90206e-01,9.99935e-01,9.99678e-01
2.213192418e+00,9.89842e-01,9.99998e-01,9.90125e-01,9.99936e-01,9.99776e-01
2.224258381e+00,9.88113e-01,9.99999e-01,9.88315e-01,9.99937e-01,9.99857e-01
2.235379672e+00,9.89951e-01,9.99999e-01,9.90096e-01,9.99938e-01,9.99914e-01
2.246556571e+00,9.82317e-01,9.99999e-01,9.82429e-01,9.99940e-01,9.99945e-01
2.257789354e+00,9.86406e-01,9.99999e-01,9.86502e-01,9.99941e-01,9.99960e-01
2.269078300e+00,9.66768e-01,9.99999e-01,9.66855e-01,9.99942e-01,9.99967e-01
2.280423692e+00,9.72526e-01,9.99999e-01,9.72613e-01,9.99943e-01,9.99965e-01
2.291825810e+00,9.46484e-01,9.99999e-01,9.46573e-01,9.99944e-01,9.99960e-01
2.303284939e+00,9.51981e-01,9.99999e-01,9.52083e-01,9.99945e-01,9.99946e-01
2.314801364e+00,9.18804e-01,9.99999e-01,9.18922e-01,9.99946e-01,9.99924e-01
2.326375371e+00,9.15464e-01,9.99999e-01,9.15603e-01,9.99947e-01,9.99899e-01
2.338007248e+00,9.00919e-01,9.99999e-01,9.01088e-01,9.99948e-01,9.99862e-01
2.349697284e+00,8.39143e-01,9.99999e-01,8.39341e-01,9.99949e-01,9.99813e-01
2.361445770e+00,8.68202e-01,9.99999e-01,8.68467e-01,9.99950e-01,9.99742e-01
2.373252999e+00,8.24860e-01,9.99999e-01,8.25191e-01,9.99951e-01,9.99646e-01
2.385119264e+00,7.21128e-01,9.99999e-01,7.21504e-01,9.99952e-01,9.99524e-01
2.397044861e+00,8.11227e-01,9.99999e-01,8.11842e-01,9.99953e-01,9.99287e-01
2.409030085e+00,6.82468e-01,9.99999e-01,6.83206e-01,9.99954e-01,9.98964e-01
2.421075235e+00,6.78100e-01,9.99999e-01,6.79117e-01,9.99955e-01,9.98546e-01
2.433180612e+00,5.52149e-01,9.99999e-01,5.53286e-01,9.99956e-01,9.97988e-01
2.445346515e+00,3.82115e-01,9.99999e-01,3.83205e-01,9.99957e-01,9.97196e-01
2.457573247e+00,3.23348e-01,9.99999e-01,3.24695e-01,9.99957e-01,9.95892e-01
2.469861113e+00,9.51816e-02,9.99999e-01,9.57597e-02,9.99958e-01,9.94003e-01
2.482210419e+00,2.36875e-02,9.99999e-01,2.38960e-02,9.99959e-01,9.91314e-01
2.494621471e+00,1.87557e-03,9.99999e-01,1.89974e-03,9.99960e-01,9.87312e-01
2.507094578e+00,2.28034e-05,9.99999e-01,2.32668e-05,9.99961e-01,9.80116e-01
2.519630051e+00,7.16408e-08,9.99999e-01,7.41585e-08,9.99961e-01,9.66084e-01
2.532228202e+00,8.93794e-10,9.99999e-01,9.51968e-10,9.99962e-01,9.38925e-01
2.544889343e+00,6.01185e-13,9.99999e-01,6.81905e-13,9.99963e-01,8.81656e-01
2.557613789e+00,1.56006e-12,9.99999e-01,1.99490e-12,9.99964e-01,7.82052e-01
2.570401858e+00,6.27282e-20,9.99999e-01,9.94056e-20,9.99964e-01,6.31054e-01
2.583253867e+00,3.00629e-17,9.99999e-01,6.23511e-17,9.99965e-01,4.82170e-01
2.596170137e+00,5.93466e-15,9.99999e-01,1.48694e-14,9.99966e-01,3.99132e-01
2.609150988e+00,5.55387e-11,9.99999e-01,1.59244e-10,9.99966e-01,3.48777e-01
2.622196742e+00,1.80287e-09,9.99999e-01,5.28607e-09,9.99967e-01,3.41071e-01
2.635307726e+00,4.74643e-05,9.99999e-01,1.29729e-04,9.99968e-01,3.65884e-01
2.648484265e+00,7.80637e-06,9.99999e-01,2.08691e-05,9.99968e-01,3.74075e-01
2.661726686e+00,9.88276e-10,9.99999e-01,2.68250e-09,9.99969e-01,3.68427e-01
2.675035320e+00,3.04605e-29,9.99999e-01,8.19615e-29,9.99969e-01,3.71654e-01
2.688410496e+00,2.01329e-15,9.99999e-01,5.14013e-15,9.99970e-01,3.91692e-01
2.701852549e+00,2.56660e-13,9.99999e-01,6.36288e-13,9.99971e-01,4.03381e-01
2.715361811e+00,2.83650e-13,9.99999e-01,6.81894e-13,9.99971e-01,4.15985e-01
2.728938620e+00,1.06651e-09,9.99999e-01,2.35189e-09,9.99972e-01,4.53481e-01
2.742583314e+00,2.81379e-10,9.99999e-01,5.29139e-10,9.99972e-01,5.31781e-01
2.756296230e+00,4.74907e-11,9.99999e-01,7.40279e-11,9.99973e-01,6.41541e-01
2.770077711e+00,5.02674e-14,9.99999e-01,6.69395e-14,9.99973e-01,7.50957e-01
2.783928100e+00,4.00673e-14,9.99999e-01,4.89415e-14,9.99974e-01,8.18698e-01
2.797847740e+00,7.13990e-11,9.99999e-01,8.16340e-11,9.99974e-01,8.74644e-01
2.811836979e+00,2.14368e-11,9.99999e-01,2.32749e-11,9.99975e-01,9.21047e-01
2.825896164e+00,6.38088e-10,9.99999e-01,6.72877e-10,9.99975e-01,9.48319e-01
2.840025645e+00,4.89751e-08,9.99999e-01,5.08861e-08,9.99976e-01,9.62468e-01
2.854225773e+00,1.84082e-07,9.99999e-01,1.89486e-07,9.99976e-01,9.71504e-01
2.868496902e+00,6.62619e-07,9.99999e-01,6.75609e-07,9.99977e-01,9.80793e-01
2.882839386e+00,1.42954e-05,9.99999e-01,1.44839e-05,9.99977e-01,9.87008e-01
2.897253583e+00,8.32632e-05,9.99999e-01,8.40764e-05,9.99978e-01,9.90347e-01
2.911739851e+00,1.64405e-03,9.99999e-01,1.65646e-03,9.99978e-01,9.92529e-01
2.926298550e+00,3.64396e-03,9.99999e-01,3.66423e-03,9.99978e-01,9.94486e-01
2.940930043e+00,5.52944e-03,9.99999e-01,5.55411e-03,9.99979e-01,9.95578e-01
2.955634693e+00,1.41426e-02,9.99999e-01,1.41990e-02,9.99979e-01,9.96044e-01
2.970412867e+00,1.52756e-02,9.99999e-01,1.53290e-02,9.99980e-01,9.96537e-01
2.985264931e+00,5.73111e-02,9.99999e-01,5.74987e-02,9.99980e-01,9.96755e-01
3.000191256e+00,5.58239e-02,9.99999e-01,5.60112e-02,9.99980e-01,9.96672e-01
3.015192212e+00,1.17468e-01,9.99999e-01,1.17920e-01,9.99981e-01,9.96190e-01
3.030268173e+00,1.80689e-01,9.99999e-01,1.81535e-01,9.99981e-01,9.95357e-01
3.045419514e+00,9.04491e-02,9.99999e-01,9.09376e-02,9.99981e-01,9.94644e-01
3.060646612e+00,2.72024e-01,9.99999e-01,2.73790e-01,9.99982e-01,9.93565e-01
3.075949845e+00,2.82159e-01,9.99999e-01,2.84197e-01,9.99982e-01,9.92843e-01
3.091329594e+00,2.08451e-01,9.99999e-01,2.10046e-01,9.99982e-01,9.92420e-01
3.106786242e+00,3.57533e-01,9.99999e-01,3.60260e-01,9.99983e-01,9.92443e-01
3.122320173e+00,4.04954e-01,9.99999e-01,4.07858e-01,9.99983e-01,9.92895e-01
3.137931774e+00,4.29189e-01,9.99999e-01,4.31884e-01,9.99983e-01,9.93774e-01
3.153621433e+00,5.60747e-01,9.99999e-01,5.63920e-01,9.99984e-01,9.94388e-01
3.169389540e+00,5.93862e-01,9.99999e-01,5.97348e-01,9.99984e-01,9.94177e-01
3.185236488e+00,5.14375e-01,9.99999e-01,5.17866e-01,9.99984e-01,9.93273e-01
3.201162670e+00,2.65880e-01,9.99999e-01,2.67907e-01,9.99985e-01,9.92446e-01
3.217168483e+00,3.99960e-01,9.99999e-01,4.03278e-01,9.99985e-01,9.91785e-01
3.233254326e+00,5.23404e-01,9.99999e-01,5.27663e-01,9.99985e-01,9.91942e-01
3.249420598e+00,6.20725e-01,9.99999e-01,6.25248e-01,9.99985e-01,9.92779e-01
3.265667701e+00,5.30066e-01,9.99999e-01,5.33460e-01,9.99986e-01,9.93649e-01
3.281996039e+00,6.03278e-01,9.99999e-01,6.06521e-01,9.99986e-01,9.94665e-01
3.298406019e+00,3.97386e-01,9.99999e-01,3.99107e-01,9.99986e-01,9.95701e-01
3.314898049e+00,3.67980e-01,9.99999e-01,3.69170e-01,9.99986e-01,9.96787e-01
3.331472540e+00,4.99294e-01,9.99999e-01,5.00449e-01,9.99987e-01,9.97702e-01
3.348129902e+00,4.90786e-01,9.99999e-01,4.91604e-01,9.99987e-01,9.98347e-01
3.364870552e+00,5.61808e-01,9.99999e-01,5.63113e-01,9.99987e-01,9.97693e-01
3.381694905e+00,5.92152e-01,9.99999e-01,5.93087e-01,9.99987e-01,9.98434e-01
3.398603379e+00,6.92336e-01,9.99999e-01,6.93397e-01,9.99988e-01,9.98481e-01
3.415596396e+00,7.58836e-01,9.99999e-01,7.59929e-01,9.99988e-01,9.98571e-01
3.432674378e+00,7.78485e-01,9.99999e-01,7.79110e-01,9.99988e-01,9.99209e-01
3.449837750e+00,8.43616e-01,9.99999e-01,8.44076e-01,9.99988e-01,9.99464e-01
3.467086939e+00,8.88959e-01,9.99999e-01,8.89509e-01,9.99989e-01,9.99390e-01
3.484422373e+00,8.96528e-01,9.99999e-01,8.97147e-01,9.99989e-01,9.99319e-01
3.501844485e+00,9.38995e-01,9.99999e-01,9.39430e-01,9.99989e-01,9.99545e-01
3.519353708e+00,9.48868e-01,9.99999e-01,9.49035e-01,9.99989e-01,9.99833e-01
3.536950476e+00,9.53895e-01,9.99999e-01,9.53992e-01,9.99989e-01,9.99907e-01
3.554635228e+00,9.71310e-01,9.99999e-01,9.71464e-01,9.99990e-01,9.99850e-01
3.572408405e+00,9.72286e-01,9.99999e-01,9.72475e-01,9.99990e-01,9.99814e-01
3.590270447e+00,9.80599e-01,9.99999e-01,9.80812e-01,9.99990e-01,9.99792e-01
3.608221799e+00,9.84788e-01,9.99999e-01,9.85071e-01,9.99990e-01,9.99721e-01
3.626262908e+00,9.86896e-01,9.99999e-01,9.87241e-01,9.99990e-01,9.99659e-01
3.644394222e+00,9.91885e-01,9.99999e-01,9.92344e-01,9.99990e-01,9.99544e-01
3.662616193e+00,9.86715e-01,9.99999e-01,9.87291e-01,9.99991e-01,9.99424e-01
3.680929274e+00,9.78785e-01,9.99999e-01,9.79515e-01,9.99991e-01,9.99261e-01
3.699333921e+00,9.89437e-01,9.99999e-01,9.90367e-01,9.99991e-01,9.99068e-01
3.717830590e+00,9.91278e-01,9.99999e-01,9.92462e-01,9.99991e-01,9.98814e-01
3.736419743e+00,9.89663e-01,9.99999e-01,9.91198e-01,9.99991e-01,9.98458e-01
3.755101842e+00,9.88646e-01,9.99999e-01,9.90546e-01,9.99991e-01,9.98088e-01
3.773877351e+00,9.89790e-01,9.99999e-01,9.92200e-01,9.99992e-01,9.97578e-01
3.792746738e+00,9.87487e-01,9.99998e-01,9.90594e-01,9.99992e-01,9.96871e-01
3.811710472e+00,9.84530e-01,9.99998e-01,9.88452e-01,9.99992e-01,9.96040e-01
3.830769024e+00,9.82601e-01,9.99997e-01,9.87534e-01,9.99992e-01,9.95012e-01
3.849922869e+00,9.75516e-01,9.99996e-01,9.81716e-01,9.99992e-01,9.93694e-01
3.869172484e+00,9.70909e-01,9.99994e-01,9.78705e-01,9.99992e-01,9.92045e-01
3.888518346e+00,9.78115e-01,9.99990e-01,9.88180e-01,9.99992e-01,9.89828e-01
3.907960938e+00,9.73818e-01,9.99988e-01,9.86773e-01,9.99993e-01,9.86888e-01
3.927500742e+00,9.00269e-01,9.99981e-01,9.15788e-01,9.99993e-01,9.83076e-01
3.947138246e+00,9.28149e-01,9.99973e-01,9.48933e-01,9.99993e-01,9.78127e-01
3.966873937e+00,8.44854e-01,9.99970e-01,8.69470e-01,9.99993e-01,9.71720e-01
3.986708307e+00,9.41562e-01,9.99952e-01,9.77002e-01,9.99993e-01,9.63775e-01
4.006641849e+00,9.46267e-01,9.99937e-01,9.91763e-01,9.99993e-01,9.54190e-01
4.026675058e+00,9.34117e-01,9.99948e-01,9.90483e-01,9.99993e-01,9.43145e-01
4.046808433e+00,9.20614e-01,9.99945e-01,9.88471e-01,9.99993e-01,9.31406e-01
4.067042475e+00,9.07488e-01,9.99923e-01,9.86750e-01,9.99993e-01,9.19748e-01
4.087377688e+00,8.95944e-01,9.99909e-01,9.85786e-01,9.99994e-01,9.08948e-01
4.107814576e+00,8.82474e-01,9.99894e-01,9.80392e-01,9.99994e-01,9.00221e-01
4.128353649e+00,8.66917e-01,9.99893e-01,9.69311e-01,9.99994e-01,8.94462e-01
4.148995417e+00,8.57683e-01,9.99926e-01,9.61808e-01,9.99994e-01,8.91808e-01
4.169740394e+00,8.38653e-01,9.99931e-01,9.39934e-01,9.99994e-01,8.92310e-01
4.190589096e+00,8.29609e-01,9.99936e-01,9.27239e-01,9.99994e-01,8.94768e-01
4.211542042e+00,7.94834e-01,9.99941e-01,8.87716e-01,9.99994e-01,8.95424e-01
4.232599752e+00,7.81209e-01,9.99964e-01,8.76396e-01,9.99994e-01,8.91422e-01
4.253762751e+00,7.44114e-01,9.99974e-01,8.46553e-01,9.99994e-01,8.79017e-01
4.275031564e+00,6.80199e-01,9.99958e-01,7.94467e-01,9.99994e-01,8.56208e-01
4.296406722e+00,6.26193e-01,9.99602e-01,7.37933e-01,9.99995e-01,8.48907e-01
4.317888756e+00,6.67395e-01,9.99921e-01,7.68514e-01,9.99995e-01,8.68492e-01
4.339478200e+00,6.43413e-01,9.99953e-01,7.18466e-01,9.99995e-01,8.95580e-01
4.361175591e+00,6.15518e-01,9.99962e-01,6.75053e-01,9.99995e-01,9.11842e-01
4.382981469e+00,6.23582e-01,9.99960e-01,6.77762e-01,9.99995e-01,9.20097e-01
4.404896376e+00,6.13878e-01,9.99944e-01,6.63804e-01,9.99995e-01,9.24837e-01
4.426920858e+00,5.24972e-01,9.99943e-01,5.65192e-01,9.99995e-01,9.28886e-01
4.449055462e+00,6.30316e-01,9.99960e-01,6.75295e-01,9.99995e-01,9.33431e-01
4.471300739e+00,5.65400e-01,9.99958e-01,6.02203e-01,9.99995e-01,9.38924e-01
4.493657243e+00,6.35676e-01,9.99964e-01,6.72482e-01,9.99995e-01,9.45302e-01
4.516125529e+00,4.97103e-01,9.99966e-01,5.22158e-01,9.99995e-01,9.52046e-01
4.538706157e+00,5.73655e-01,9.99960e-01,5.98218e-01,9.99995e-01,9.58973e-01
4.561399688e+00,5.41774e-01,9.99971e-01,5.61070e-01,9.99996e-01,9.65632e-01
4.584206686e+00,6.40241e-01,9.99977e-01,6.58896e-01,9.99996e-01,9.71708e-01
4.607127720e+00,5.51348e-01,9.99978e-01,5.64280e-01,9.99996e-01,9.77101e-01
4.630163358e+00,3.91759e-01,9.99985e-01,3.99048e-01,9.99996e-01,9.81746e-01
4.653314175e+00,4.13719e-01,9.99986e-01,4.19808e-01,9.99996e-01,9.85511e-01
4.676580746e+00,1.87471e-01,9.99987e-01,1.89650e-01,9.99996e-01,9.88521e-01
4.699963650e+00,3.88221e-01,9.99992e-01,3.91783e-01,9.99996e-01,9.90916e-01
4.723463468e+00,1.96067e-01,9.99991e-01,1.97499e-01,9.99996e-01,9.92756e-01
4.747080785e+00,4.57969e-01,9.99995e-01,4.60684e-01,9.99996e-01,9.94111e-01
4.770816189e+00,2.23034e-01,9.99995e-01,2.24130e-01,9.99996e-01,9.95113e-01
4.794670270e+00,1.90134e-01,9.99995e-01,1.90927e-01,9.99996e-01,9.95849e-01
4.818643622e+00,2.01544e-01,9.99997e-01,2.02279e-01,9.99996e-01,9.96368e-01
4.842736840e+00,7.32815e-02,9.99997e-01,7.35274e-02,9.99996e-01,9.96659e-01
4.866950524e+00,2.64262e-01,9.99998e-01,2.65125e-01,9.99996e-01,9.96749e-01
4.891285276e+00,5.33724e-02,9.99998e-01,5.35521e-02,9.99996e-01,9.96646e-01
4.915741703e+00,1.76403e-01,9.99998e-01,1.77027e-01,9.99996e-01,9.96476e-01
4.940320411e+00,3.63632e-02,9.99999e-01,3.65066e-02,9.99996e-01,9.96073e-01
4.965022013e+00,4.16999e-02,9.99999e-01,4.18856e-02,9.99997e-01,9.95567e-01
4.989847123e+00,9.86140e-02,9.99999e-01,9.91036e-02,9.99997e-01,9.95061e-01
5.014796359e+00,6.69655e-03,9.99999e-01,6.73486e-03,9.99997e-01,9.94314e-01
5.039870341e+00,3.48156e-02,9.99999e-01,3.50464e-02,9.99997e-01,9.93417e-01
5.065069693e+00,4.94949e-02,9.99999e-01,4.98943e-02,9.99997e-01,9.91995e-01
5.090395041e+00,1.22020e-02,9.99999e-01,1.23189e-02,9.99997e-01,9.90508e-01
5.115847016e+00,1.02842e-02,9.99999e-01,1.04035e-02,9.99997e-01,9.88531e-01
5.141426251e+00,8.79270e-04,9.99999e-01,8.91921e-04,9.99997e-01,9.85817e-01
5.167133383e+00,1.38885e-03,9.99999e-01,1.41260e-03,9.99997e-01,9.83188e-01
5.192969049e+00,6.99277e-04,9.99999e-01,7.13463e-04,9.99997e-01,9.80118e-01
5.218933895e+00,2.19495e-05,9.99999e-01,2.24876e-05,9.99997e-01,9.76072e-01
5.245028564e+00,4.08388e-04,9.99999e-01,4.20676e-04,9.99997e-01,9.70792e-01
5.271253707e+00,5.75412e-05,9.99999e-01,5.97092e-05,9.99997e-01,9.63692e-01
5.297609976e+00,4.69295e-05,9.99999e-01,4.91285e-05,9.99997e-01,9.55241e-01
5.324098025e+00,3.28683e-05,9.99999e-01,3.47786e-05,9.99997e-01,9.45073e-01
5.350718516e+00,1.12700e-06,9.99999e-01,1.21026e-06,9.99997e-01,9.31204e-01
5.377472108e+00,3.04345e-06,9.99999e-01,3.31543e-06,9.99997e-01,9.17966e-01
5.404359469e+00,1.80544e-06,9.99999e-01,1.99967e-06,9.99997e-01,9.02872e-01
5.431381266e+00,1.60742e-10,9.99999e-01,1.80784e-10,9.99997e-01,8.89142e-01
5.458538172e+00,6.68863e-11,9.99999e-01,7.67655e-11,9.99997e-01,8.71308e-01
5.485830863e+00,4.15901e-11,9.99999e-01,4.90538e-11,9.99997e-01,8.47848e-01
5.513260018e+00,1.14184e-11,9.99999e-01,1.38646e-11,9.99997e-01,8.23564e-01
5.540826318e+00,1.41401e-12,9.99999e-01,1.77803e-12,9.99997e-01,7.95267e-01
5.568530449e+00,8.75312e-19,9.99999e-01,1.14443e-18,9.99997e-01,7.64847e-01
5.596373101e+00,3.50903e-18,9.99999e-01,4.78429e-18,9.99997e-01,7.33450e-01
5.624354967e+00,2.94971e-16,9.99999e-01,4.21294e-16,9.99997e-01,7.00156e-01
5.652476742e+00,3.33543e-18,9.99999e-01,5.01976e-18,9.99998e-01,6.64461e-01
5.680739126e+00,2.51431e-20,9.99999e-01,4.01425e-20,9.99998e-01,6.26345e-01
5.709142821e+00,2.32019e-22,9.99999e-01,3.94468e-22,9.99998e-01,5.88183e-01
5.737688535e+00,2.68751e-21,9.99999e-01,4.94463e-21,9.99998e-01,5.43521e-01
5.766376978e+00,3.78800e-17,9.99999e-01,7.64339e-17,9.99998e-01,4.95592e-01
5.795208863e+00,3.48416e-15,9.99999e-01,7.82230e-15,9.99998e-01,4.45414e-01
5.824184907e+00,6.92558e-19,9.99999e-01,1.73849e-18,9.99998e-01,3.98367e-01
5.853305832e+00,4.70438e-18,9.99999e-01,1.30974e-17,9.99998e-01,3.59185e-01
5.882572361e+00,1.89625e-22,9.99999e-01,5.76719e-22,9.99998e-01,3.28800e-01
5.911985223e+00,4.93790e-21,9.99999e-01,1.62720e-20,9.99998e-01,3.03460e-01
5.941545149e+00,2.85263e-22,9.99999e-01,1.01066e-21,9.99998e-01,2.82254e-01
5.971252874e+00,3.73398e-19,9.99999e-01,1.38178e-18,9.99998e-01,2.70230e-01
6.001109139e+00,2.63839e-13,9.99999e-01,9.89473e-13,9.99998e-01,2.66646e-01
6.031114685e+00,8.48777e-15,9.99999e-01,3.13319e-14,9.99998e-01,2.70899e-01
6.061270258e+00,4.37929e-15,9.99999e-01,1.54972e-14,9.99998e-01,2.82586e-01
6.091576609e+00,2.08575e-12,9.99999e-01,6.98013e-12,9.99998e-01,2.98812e-01
6.122034492e+00,1.73875e-08,9.99999e-01,5.42288e-08,9.99998e-01,3.20632e-01
6.152644665e+00,4.58783e-09,9.99999e-01,1.32310e-08,9.99998e-01,3.46748e-01
6.183407888e+00,6.59632e-07,9.99999e-01,1.77826e-06,9.99998e-01,3.70943e-01
6.214324928e+00,1.09315e-04,9.99999e-01,2.83232e-04,9.99998e-01,3.85955e-01
6.245396552e+00,1.79602e-03,9.99999e-01,4.65557e-03,9.99998e-01,3.85779e-01
6.276623535e+00,1.40397e-03,9.99999e-01,3.78816e-03,9.99998e-01,3.70621e-01
6.308006653e+00,8.99158e-04,9.99999e-01,2.59614e-03,9.99998e-01,3.46344e-01
6.339546686e+00,6.67888e-07,9.99999e-01,2.09392e-06,9.99998e-01,3.18965e-01
6.371244419e+00,2.35273e-12,9.99999e-01,8.03351e-12,9.99998e-01,2.92865e-01
6.403100641e+00,8.07818e-17,9.99999e-01,2.98576e-16,9.99998e-01,2.70557e-01
6.435116145e+00,5.34140e-34,9.99999e-01,2.07702e-33,9.99998e-01,2.57167e-01
6.467291725e+00,3.83457e-34,9.99999e-01,1.52607e-33,9.99998e-01,2.51271e-01
6.499628184e+00,7.23905e-39,9.99999e-01,2.86843e-38,9.99998e-01,2.52370e-01
6.532126325e+00,4.05024e-34,9.99999e-01,1.55488e-33,9.99998e-01,2.60486e-01
6.564786956e+00,4.17563e-41,9.99999e-01,1.49443e-40,9.99998e-01,2.79414e-01
6.597610891e+00,2.53330e-54,9.99999e-01,8.32020e-54,9.99998e-01,3.04476e-01
6.630598946e+00,1.26383e-36,9.99999e-01,3.78059e-36,9.99998e-01,3.34294e-01
6.663751940e+00,4.67055e-34,9.99999e-01,1.27293e-33,9.99998e-01,3.66914e-01
6.697070700e+00,2.31338e-27,9.99999e-01,5.75115e-27,9.99998e-01,4.02246e-01
6.730556054e+00,4.81969e-19,9.99999e-01,1.09751e-18,9.99998e-01,4.39148e-01
6.764208834e+00,2.32973e-19,9.99999e-01,4.86444e-19,9.99998e-01,4.78930e-01
6.798029878e+00,6.54372e-23,9.99999e-01,1.24973e-22,9.99998e-01,5.23609e-01
6.832020027e+00,2.70445e-23,9.99999e-01,4.79561e-23,9.99998e-01,5.63942e-01
6.866180128e+00,1.89338e-26,9.99999e-01,3.13980e-26,9.99998e-01,6.03025e-01
6.900511028e+00,5.31881e-16,9.99999e-01,8.29452e-16,9.99998e-01,6.41244e-01
6.935013583e+00,2.04274e-15,9.99999e-01,3.00675e-15,9.99998e-01,6.79383e-01
6.969688651e+00,1.74051e-19,9.99999e-01,2.42698e-19,9.99998e-01,7.17151e-01
7.004537095e+00,1.48272e-18,9.99999e-01,1.96606e-18,9.99998e-01,7.54156e-01
7.039559780e+00,1.00401e-20,9.99999e-01,1.27138e-20,9.99998e-01,7.89697e-01
7.074757579e+00,3.44652e-16,9.99999e-01,4.20679e-16,9.99998e-01,8.19275e-01
7.110131367e+00,5.23318e-16,9.99999e-01,6.18037e-16,9.99998e-01,8.46742e-01
7.145682024e+00,5.48775e-18,9.99999e-01,6.29322e-18,9.99998e-01,8.72009e-01
7.181410434e+00,5.08143e-22,9.99999e-01,5.68626e-22,9.99998e-01,8.93632e-01
7.217317486e+00,1.03881e-16,9.99999e-01,1.13918e-16,9.99998e-01,9.11890e-01
7.253404073e+00,4.53267e-17,9.99999e-01,4.88503e-17,9.99998e-01,9.27868e-01
7.289671094e+00,3.39447e-15,9.99999e-01,3.60721e-15,9.99998e-01,9.41023e-01
7.326119449e+00,5.22870e-15,9.99999e-01,5.49055e-15,9.99998e-01,9.52307e-01
7.362750046e+00,1.31313e-11,9.99999e-01,1.36489e-11,9.99998e-01,9.62078e-01
7.399563797e+00,5.19728e-09,9.99999e-01,5.35963e-09,9.99998e-01,9.69709e-01
7.436561616e+00,2.61811e-10,9.99999e-01,2.68371e-10,9.99999e-01,9.75557e-01
7.473744424e+00,3.93060e-10,9.99999e-01,4.00809e-10,9.99999e-01,9.80667e-01
7.511113146e+00,4.37878e-08,9.99999e-01,4.44560e-08,9.99999e-01,9.84968e-01
7.548668712e+00,5.31551e-09,9.99999e-01,5.38087e-09,9.99999e-01,9.87852e-01
7.586412055e+00,3.59612e-15,9.99999e-01,3.63144e-15,9.99999e-01,9.90272e-01
7.624344115e+00,3.05787e-08,9.99999e-01,3.08188e-08,9.99999e-01,9.92209e-01
7.662465836e+00,3.47078e-05,9.99999e-01,3.49300e-05,9.99999e-01,9.93640e-01
7.700778165e+00,1.97096e-05,9.99999e-01,1.98120e-05,9.99999e-01,9.94832e-01
7.739282056e+00,4.94661e-08,9.99999e-01,4.96802e-08,9.99999e-01,9.95690e-01
7.777978466e+00,1.42997e-05,9.99999e-01,1.43504e-05,9.99999e-01,9.96467e-01
7.816868359e+00,1.02028e-04,9.99999e-01,1.02319e-04,9.99999e-01,9.97159e-01
7.855952700e+00,2.90266e-05,9.99999e-01,2.90962e-05,9.99999e-01,9.97607e-01
7.895232464e+00,2.37422e-05,9.99999e-01,2.37906e-05,9.99999e-01,9.97966e-01
7.934708626e+00,6.20531e-04,9.99999e-01,6.21608e-04,9.99999e-01,9.98268e-01
7.974382169e+00,1.51709e-02,9.99999e-01,1.51941e-02,9.99999e-01,9.98477e-01
8.014254080e+00,5.89025e-03,9.99999e-01,5.89802e-03,9.99999e-01,9.98681e-01
8.054325351e+00,5.98637e-03,9.99999e-01,5.99308e-03,9.99999e-01,9.98878e-01
8.094596977e+00,4.10881e-02,9.99999e-01,4.11267e-02,9.99999e-01,9.99061e-01
8.135069962e+00,3.14658e-02,9.99999e-01,3.14901e-02,9.99999e-01,9.99228e-01
8.175745312e+00,1.44761e-02,9.99999e-01,1.44856e-02,9.99999e-01,9.99343e-01
8.216624039e+00,6.79100e-02,9.99999e-01,6.79482e-02,9.99999e-01,9.99436e-01
8.257707159e+00,9.15864e-02,9.99999e-01,9.16309e-02,9.99999e-01,9.99513e-01
8.298995695e+00,2.29752e-01,9.99999e-01,2.29853e-01,9.99999e-01,9.99560e-01
8.340490673e+00,1.62456e-01,9.99999e-01,1.62520e-01,9.99999e-01,9.99606e-01
8.382193126e+00,2.78355e-01,9.99999e-01,2.78452e-01,9.99999e-01,9.99653e-01
8.424104092e+00,1.76822e-01,9.99999e-01,1.76875e-01,9.99999e-01,9.99696e-01
8.466224613e+00,2.66962e-01,9.99999e-01,2.67033e-01,9.99999e-01,9.99736e-01
8.508555736e+00,1.61052e-01,9.99999e-01,1.61090e-01,9.99999e-01,9.99762e-01
8.551098514e+00,4.35043e-01,9.99999e-01,4.35137e-01,9.99999e-01,9.99785e-01
8.593854007e+00,5.95449e-01,9.99999e-01,5.95567e-01,9.99999e-01,9.99800e-01
8.636823277e+00,6.29512e-01,9.99999e-01,6.29627e-01,9.99999e-01,9.99817e-01
8.680007393e+00,4.70131e-01,9.99999e-01,4.70208e-01,9.99999e-01,9.99834e-01
8.723407430e+00,5.55088e-01,9.99999e-01,5.55170e-01,9.99999e-01,9.99851e-01
8.767024467e+00,4.93522e-01,9.99999e-01,4.93587e-01,9.99999e-01,9.99868e-01
8.810859590e+00,4.81262e-01,9.99999e-01,4.81320e-01,9.99999e-01,9.99878e-01
8.854913888e+00,7.45123e-01,9.99999e-01,7.45207e-01,9.99999e-01,9.99887e-01
8.899188457e+00,7.06194e-01,9.99999e-01,7.06269e-01,9.99999e-01,9.99893e-01
8.943684399e+00,6.46127e-01,9.99999e-01,6.46192e-01,9.99999e-01,9.99899e-01
8.988402821e+00,6.27049e-01,9.99999e-01,6.27109e-01,9.99999e-01,9.99904e-01
9.033344836e+00,5.49109e-01,9.99999e-01,5.49158e-01,9.99999e-01,9.99909e-01
9.078511560e+00,6.47493e-01,9.99999e-01,6.47548e-01,9.99999e-01,9.99914e-01
9.123904118e+00,7.37593e-01,9.99999e-01,7.37654e-01,9.99999e-01,9.99917e-01
9.169523638e+00,6.72297e-01,9.99999e-01,6.72351e-01,9.99999e-01,9.99919e-01
9.215371256e+00,8.21474e-01,9.99999e-01,8.21539e-01,9.99999e-01,9.99921e-01
9.261448113e+00,8.06451e-01,9.99999e-01,8.06513e-01,9.99999e-01,9.99922e-01
9.307755353e+00,7.28494e-01,9.99999e-01,7.28549e-01,9.99999e-01,9.99923e-01
9.354294130e+00,6.70883e-01,9.99999e-01,6.70934e-01,9.99999e-01,9.99924e-01
9.401065601e+00,5.62929e-01,9.99999e-01,5.62972e-01,9.99999e-01,9.99923e-01
9.448070929e+00,6.20085e-01,9.99999e-01,6.20133e-01,9.99999e-01,9.99922e-01
9.495311283e+00,7.92364e-01,9.99999e-01,7.92426e-01,9.99999e-01,9.99921e-01
9.542787840e+00,8.42511e-01,9.99999e-01,8.42579e-01,9.99999e-01,9.99918e-01
9.590501779e+00,7.52848e-01,9.99999e-01,7.52911e-01,9.99999e-01,9.99916e-01
9.638454288e+00,7.58988e-01,9.99999e-01,7.59053e-01,9.99999e-01,9.99914e-01
9.686646559e+00,7.75252e-01,9.99999e-01,7.75320e-01,9.99999e-01,9.99911e-01
9.735079792e+00,8.26436e-01,9.99999e-01,8.26511e-01,9.99999e-01,9.99908e-01
9.783755191e+00,7.86029e-01,9.99999e-01,7.86103e-01,9.99999e-01,9.99905e-01
9.832673967e+00,5.87367e-01,9.99999e-01,5.87424e-01,9.99999e-01,9.99901e-01
9.881837337e+00,4.29993e-01,9.99999e-01,4.30037e-01,9.99999e-01,9.99897e-01
9.931246523e+00,6.93697e-01,9.99999e-01,6.93771e-01,9.99999e-01,9.99892e-01
9.980902756e+00,7.96364e-01,9.99999e-01,7.96453e-01,9.99999e-01,9.99887e-01
1.003080727e+01,7.97813e-01,9.99999e-01,7.97906e-01,9.99999e-01,9.99882e-01
1.008096131e+01,8.21141e-01,9.99999e-01,8.21241e-01,9.99999e-01,9.99877e-01
1.013136611e+01,8.59351e-01,9.99999e-01,8.59461e-01,9.99999e-01,9.99871e-01
1.018202294e+01,8.74429e-01,9.99999e-01,8.74547e-01,9.99999e-01,9.99865e-01
1.023293306e+01,7.84322e-01,9.99999e-01,7.84433e-01,9.99999e-01,9.99858e-01
1.028409772e+01,6.53412e-01,9.99999e-01,6.53509e-01,9.99999e-01,9.99851e-01
1.033551821e+01,6.29549e-01,9.99999e-01,6.29647e-01,9.99999e-01,9.99843e-01
1.038719580e+01,4.58620e-01,9.99999e-01,4.58695e-01,9.99999e-01,9.99835e-01
1.043913178e+01,4.76829e-01,9.99999e-01,4.76912e-01,9.99999e-01,9.99827e-01
1.049132744e+01,6.48530e-01,9.99999e-01,6.48647e-01,9.99999e-01,9.99818e-01
1.054378408e+01,7.27058e-01,9.99999e-01,7.27196e-01,9.99999e-01,9.99808e-01
1.059650300e+01,7.15300e-01,9.99999e-01,7.15444e-01,9.99999e-01,9.99798e-01
1.064948551e+01,6.89177e-01,9.99999e-01,6.89322e-01,9.99999e-01,9.99788e-01
1.070273294e+01,5.86570e-01,9.99999e-01,5.86700e-01,9.99999e-01,9.99777e-01
1.075624661e+01,6.08135e-01,9.99999e-01,6.08278e-01,9.99999e-01,9.99765e-01
1.081002784e+01,6.09690e-01,9.99999e-01,6.09840e-01,9.99999e-01,9.99753e-01
1.086407798e+01,4.40196e-01,9.99999e-01,4.40310e-01,9.99999e-01,9.99741e-01
1.091839837e+01,2.84889e-01,9.99999e-01,2.84966e-01,9.99999e-01,9.99727e-01
1.097299036e+01,1.59416e-01,9.99999e-01,1.59462e-01,9.99999e-01,9.99713e-01
1.102785531e+01,1.34824e-01,9.99999e-01,1.34865e-01,9.99999e-01,9.99698e-01
1.108299459e+01,3.38104e-01,9.99999e-01,3.38211e-01,9.99999e-01,9.99682e-01
1.113840956e+01,5.78706e-01,9.99999e-01,5.78899e-01,9.99999e-01,9.99666e-01
1.119410161e+01,6.55748e-01,9.99999e-01,6.55978e-01,9.99999e-01,9.99649e-01
1.125007212e+01,5.60468e-01,9.99999e-01,5.60675e-01,9.99999e-01,9.99631e-01
1.130632248e+01,5.17107e-01,9.99999e-01,5.17308e-01,9.99999e-01,9.99611e-01
1.136285409e+01,6.14227e-01,9.99999e-01,6.14478e-01,9.99999e-01,9.99591e-01
1.141966836e+01,6.44070e-01,9.99999e-01,6.44346e-01,9.99999e-01,9.99570e-01
1.147676670e+01,5.84381e-01,9.99999e-01,5.84644e-01,9.99999e-01,9.99549e-01
1.153415054e+01,3.58199e-01,9.99999e-01,3.58369e-01,9.99999e-01,9.99526e-01
1.159182129e+01,2.90451e-01,9.99999e-01,2.90596e-01,9.99999e-01,9.99503e-01
1.164978039e+01,1.40636e-01,9.99999e-01,1.40709e-01,9.99999e-01,9.99478e-01
1.170802930e+01,6.47393e-02,9.99999e-01,6.47747e-02,9.99999e-01,9.99452e-01
1.176656944e+01,1.90934e-01,9.99999e-01,1.91044e-01,9.99999e-01,9.99425e-01
1.182540229e+01,3.79706e-01,9.99999e-01,3.79935e-01,9.99999e-01,9.99395e-01
1.188452930e+01,3.83211e-01,9.99999e-01,3.83454e-01,9.99999e-01,9.99364e-01
1.194395195e+01,4.43089e-01,9.99999e-01,4.43386e-01,9.99999e-01,9.99330e-01
1.200367171e+01,5.27185e-01,9.99999e-01,5.27556e-01,9.99999e-01,9.99294e-01
1.206369007e+01,3.91616e-01,9.99999e-01,3.91907e-01,9.99999e-01,9.99257e-01
1.212400852e+01,5.12468e-01,9.99999e-01,5.12869e-01,9.99999e-01,9.99217e-01
1.218462856e+01,5.08543e-01,9.99999e-01,5.08961e-01,9.99999e-01,9.99177e-01
1.224555170e+01,2.21305e-01,9.99999e-01,2.21496e-01,9.99999e-01,9.99136e-01
1.230677946e+01,1.82967e-01,9.99999e-01,1.83132e-01,9.99999e-01,9.99095e-01
1.236831336e+01,4.00271e-02,9.99999e-01,4.00650e-02,9.99999e-01,9.99053e-01
1.243015492e+01,2.67716e-02,9.99999e-01,2.67982e-02,9.99999e-01,9.99008e-01
1.249230570e+01,2.68764e-02,9.99999e-01,2.69043e-02,9.99999e-01,9.98962e-01
1.255476723e+01,4.84926e-02,9.99999e-01,4.85453e-02,9.99999e-01,9.98914e-01
1.261754106e+01,1.75549e-01,9.99999e-01,1.75748e-01,9.99999e-01,9.98864e-01
1.268062877e+01,3.24160e-01,9.99999e-01,3.24545e-01,9.99999e-01,9.98812e-01
1.274403191e+01,2.72111e-01,9.99999e-01,2.72450e-01,9.99999e-01,9.98755e-01
1.280775207e+01,3.67467e-01,9.99999e-01,3.67946e-01,9.99999e-01,9.98697e-01
1.287179083e+01,2.57855e-01,9.99999e-01,2.58208e-01,9.99999e-01,9.98634e-01
1.293614979e+01,3.03588e-01,9.99999e-01,3.04022e-01,9.99999e-01,9.98571e-01
1.300083054e+01,1.11891e-01,9.99999e-01,1.12059e-01,9.99999e-01,9.98506e-01
1.306583469e+01,1.33756e-01,9.99999e-01,1.33965e-01,9.99999e-01,9.98438e-01
1.313116386e+01,1.24766e-01,9.99999e-01,1.24970e-01,9.99999e-01,9.98370e-01
1.319681968e+01,8.80692e-02,9.99999e-01,8.82193e-02,9.99999e-01,9.98297e-01
1.326280378e+01,1.36193e-02,9.99999e-01,1.36436e-02,9.99999e-01,9.98221e-01
1.332911780e+01,2.32478e-02,9.99999e-01,2.32910e-02,9.99999e-01,9.98143e-01
1.339576339e+01,9.72690e-03,9.99999e-01,9.74588e-03,9.99999e-01,9.98052e-01
1.346274221e+01,1.70654e-03,9.99999e-01,1.71003e-03,9.99999e-01,9.97959e-01
1.353005592e+01,3.97580e-02,9.99999e-01,3.98432e-02,9.99999e-01,9.97860e-01
1.359770620e+01,6.54275e-02,9.99999e-01,6.55752e-02,9.99999e-01,9.97747e-01
1.366569473e+01,5.42293e-02,9.99999e-01,5.43579e-02,9.99999e-01,9.97633e-01
1.373402320e+01,1.25835e-01,9.99999e-01,1.26148e-01,9.99999e-01,9.97516e-01
1.380269332e+01,1.65776e-01,9.99999e-01,1.66208e-01,9.99999e-01,9.97397e-01
1.387170678e+01,8.29110e-02,9.99999e-01,8.31374e-02,9.99999e-01,9.97277e-01
1.394106532e+01,6.11069e-02,9.99999e-01,6.12812e-02,9.99999e-01,9.97156e-01
1.401077064e+01,2.36805e-02,9.99999e-01,2.37509e-02,9.99999e-01,9.97035e-01
1.408082450e+01,3.05601e-02,9.99999e-01,3.06547e-02,9.99999e-01,9.96913e-01
1.415122862e+01,2.97762e-03,9.99999e-01,2.98723e-03,9.99999e-01,9.96784e-01
1.422198476e+01,6.55665e-04,9.99999e-01,6.57866e-04,9.99999e-01,9.96653e-01
1.429309469e+01,1.50231e-03,9.99999e-01,1.50756e-03,9.99999e-01,9.96518e-01
1.436456016e+01,2.93223e-04,9.99999e-01,2.94292e-04,9.99999e-01,9.96365e-01
1.443638296e+01,9.96915e-05,9.99999e-01,1.00071e-04,9.99999e-01,9.96211e-01
1.450856487e+01,2.01179e-04,9.99999e-01,2.01976e-04,9.99999e-01,9.96053e-01
1.458110770e+01,8.74623e-03,9.99999e-01,8.78236e-03,9.99999e-01,9.95885e-01
1.465401324e+01,2.13583e-02,9.99999e-01,2.14502e-02,9.99999e-01,9.95717e-01
1.472728330e+01,2.10366e-02,9.99999e-01,2.11308e-02,9.99999e-01,9.95542e-01
1.480091972e+01,5.15242e-03,9.99999e-01,5.17644e-03,9.99999e-01,9.95357e-01
1.487492432e+01,1.41521e-04,9.99999e-01,1.42208e-04,9.99999e-01,9.95171e-01
1.494929894e+01,8.61901e-04,9.99999e-01,8.66254e-04,9.99999e-01,9.94973e-01
1.502404544e+01,6.71363e-03,9.99999e-01,6.74901e-03,9.99999e-01,9.94757e-01
1.509916566e+01,9.08189e-03,9.99999e-01,9.13174e-03,9.99999e-01,9.94541e-01
1.517466149e+01,2.72264e-03,9.99999e-01,2.73821e-03,9.99999e-01,9.94315e-01
1.525053480e+01,1.01925e-02,9.99999e-01,1.02532e-02,9.99999e-01,9.94077e-01
1.532678747e+01,1.52432e-03,9.99999e-01,1.53377e-03,9.99999e-01,9.93838e-01
1.540342141e+01,8.76385e-04,9.99999e-01,8.83232e-04,9.99999e-01,9.92247e-01
1.548043852e+01,3.10195e-04,9.99999e-01,3.12730e-04,9.99999e-01,9.91892e-01
1.555784071e+01,7.48862e-06,9.99999e-01,7.55219e-06,9.99999e-01,9.91581e-01
1.563562991e+01,2.62356e-07,9.99999e-01,2.64668e-07,9.99999e-01,9.91265e-01
1.571380806e+01,1.06010e-07,9.99999e-01,1.06980e-07,9.99999e-01,9.90935e-01
1.579237710e+01,4.08689e-06,9.99999e-01,4.12566e-06,9.99999e-01,9.90602e-01
1.587133899e+01,9.97947e-05,9.99999e-01,1.00776e-04,9.99999e-01,9.90262e-01
1.595069568e+01,1.02292e-05,9.99999e-01,1.03341e-05,9.99999e-01,9.89851e-01
1.603044916e+01,7.96454e-07,9.99999e-01,8.04955e-07,9.99999e-01,9.89437e-01
1.611060141e+01,3.90987e-07,9.99999e-01,3.95327e-07,9.99999e-01,9.89022e-01
1.619115441e+01,1.48745e-06,9.99999e-01,1.50462e-06,9.99999e-01,9.88589e-01
1.627211019e+01,3.17392e-07,9.99999e-01,3.21198e-07,9.99999e-01,9.88151e-01
1.635347074e+01,1.39123e-06,9.99999e-01,1.40854e-06,9.99999e-01,9.87710e-01
1.643523809e+01,1.15974e-06,9.99999e-01,1.17472e-06,9.99999e-01,9.87255e-01
1.651741428e+01,1.58881e-07,9.99999e-01,1.61008e-07,9.99999e-01,9.86789e-01
1.660000135e+01,2.27696e-09,9.99999e-01,2.30854e-09,9.99999e-01,9.86320e-01
1.668300136e+01,4.73359e-10,9.99999e-01,4.80152e-10,9.99999e-01,9.85851e-01
1.676641637e+01,4.15793e-08,9.99999e-01,4.21957e-08,9.99999e-01,9.85390e-01
1.685024845e+01,1.40609e-08,9.99999e-01,1.42760e-08,9.99999e-01,9.84927e-01
1.693449969e+01,3.27990e-10,9.99999e-01,3.33167e-10,9.99999e-01,9.84460e-01
1.701917219e+01,4.41089e-11,9.99999e-01,4.48277e-11,9.99999e-01,9.83965e-01
1.710426805e+01,3.05048e-14,9.99999e-01,3.10177e-14,9.99999e-01,9.83464e-01
1.718978939e+01,4.36154e-15,9.99999e-01,4.43714e-15,9.99999e-01,9.82960e-01
1.727573834e+01,4.38267e-15,9.99999e-01,4.46115e-15,9.99999e-01,9.82409e-01
1.736211703e+01,4.94557e-17,9.99999e-01,5.03721e-17,9.99999e-01,9.81807e-01
1.744892761e+01,2.05356e-14,9.99999e-01,2.09290e-14,9.99999e-01,9.81202e-01
1.753617225e+01,7.56320e-12,9.99999e-01,7.71288e-12,9.99999e-01,9.80594e-01
1.762385311e+01,3.91521e-11,9.99999e-01,3.99522e-11,9.99999e-01,9.79972e-01
1.771197238e+01,1.31265e-12,9.99999e-01,1.34033e-12,9.99999e-01,9.79348e-01
1.780053224e+01,8.04814e-13,9.99999e-01,8.22312e-13,9.99999e-01,9.78720e-01
1.788953490e+01,2.85826e-14,9.99999e-01,2.92249e-14,9.99999e-01,9.78020e-01
1.797898258e+01,1.45592e-15,9.99999e-01,1.48984e-15,9.99999e-01,9.77232e-01
1.806887749e+01,2.75314e-16,9.99999e-01,2.81957e-16,9.99999e-01,9.76439e-01
1.815922188e+01,1.05784e-21,9.99999e-01,1.08424e-21,9.99999e-01,9.75643e-01
1.825001799e+01,1.52844e-16,9.99999e-01,1.56790e-16,9.99999e-01,9.74836e-01
1.834126808e+01,1.53132e-15,9.99999e-01,1.57216e-15,9.99999e-01,9.74021e-01
1.843297442e+01,8.39711e-16,9.99999e-01,8.62833e-16,9.99999e-01,9.73202e-01
1.852513929e+01,3.15747e-21,9.99999e-01,3.24717e-21,9.99999e-01,9.72374e-01
1.861776499e+01,1.01316e-24,9.99999e-01,1.04286e-24,9.99999e-01,9.71524e-01
1.871085381e+01,2.12780e-20,9.99999e-01,2.19210e-20,9.99999e-01,9.70668e-01
1.880440808e+01,1.36616e-16,9.99999e-01,1.40869e-16,9.99999e-01,9.69809e-01
1.889843012e+01,1.71163e-17,9.99999e-01,1.76648e-17,9.99999e-01,9.68949e-01
1.899292227e+01,4.73089e-24,9.99999e-01,4.88683e-24,9.99999e-01,9.68089e-01
1.908788688e+01,3.38949e-22,9.99999e-01,3.50434e-22,9.99999e-01,9.67225e-01
1.918332632e+01,1.07571e-22,9.99999e-01,1.11316e-22,9.99999e-01,9.66357e-01
1.927924295e+01,3.21378e-28,9.99999e-01,3.32887e-28,9.99999e-01,9.65425e-01
1.937563916e+01,8.22550e-43,9.99999e-01,8.52872e-43,9.99999e-01,9.64446e-01
1.947251736e+01,2.94850e-43,9.99999e-01,3.06031e-43,9.99999e-01,9.63465e-01
1.956987994e+01,1.28131e-41,9.99999e-01,1.33126e-41,9.99999e-01,9.62478e-01
1.966772934e+01,1.22881e-34,9.99999e-01,1.27817e-34,9.99999e-01,9.61383e-01
1.976606799e+01,2.57437e-33,9.99999e-01,2.68096e-33,9.99999e-01,9.60241e-01
1.986489833e+01,3.39951e-36,9.99999e-01,3.54450e-36,9.99999e-01,9.59092e-01
1.996422282e+01,7.38161e-34,9.99999e-01,7.70572e-34,9.99999e-01,9.57939e-01
