#,Wave/freq,Total,N2,H2O,Rayleigh,CIA
4.000000000e-01,3.99471e-01,9.99999e-01,9.99896e-01,3.99512e-01,9.99999e-01
4.020000000e-01,4.06800e-01,9.99999e-01,9.99935e-01,4.06826e-01,9.99999e-01
4.040100000e-01,4.14107e-01,9.99999e-01,9.99972e-01,4.14118e-01,9.99999e-01
4.060300500e-01,4.21390e-01,9.99999e-01,9.99993e-01,4.21392e-01,9.99999e-01
4.080602003e-01,4.28646e-01,9.99999e-01,9.99997e-01,4.28647e-01,9.99999e-01
4.101005013e-01,4.35880e-01,9.99999e-01,9.99999e-01,4.35880e-01,9.99999e-01
4.121510038e-01,4.43087e-01,9.99999e-01,9.99995e-01,4.43088e-01,9.99999e-01
4.142117588e-01,4.50257e-01,9.99999e-01,9.99971e-01,4.50270e-01,9.99999e-01
4.162828176e-01,4.57364e-01,9.99999e-01,9.99871e-01,4.57423e-01,9.99999e-01
4.183642317e-01,4.64509e-01,9.99999e-01,9.99923e-01,4.64544e-01,9.99999e-01
4.204560528e-01,4.71611e-01,9.99999e-01,9.99952e-01,4.71633e-01,9.99999e-01
4.225583331e-01,4.78678e-01,9.99999e-01,9.99982e-01,4.78687e-01,9.99999e-01
4.246711247e-01,4.85697e-01,9.99999e-01,9.99985e-01,4.85703e-01,9.99999e-01
4.267944804e-01,4.92671e-01,9.99999e-01,9.99979e-01,4.92681e-01,9.99999e-01
4.289284528e-01,4.99611e-01,9.99999e-01,9.99983e-01,4.99619e-01,9.99999e-01
4.310730950e-01,5.06510e-01,9.99999e-01,9.99992e-01,5.06514e-01,9.99999e-01
4.332284605e-01,5.13364e-01,9.99999e-01,9.99997e-01,5.13365e-01,9.99999e-01
4.353946028e-01,5.20171e-01,9.99999e-01,9.99998e-01,5.20171e-01,9.99999e-01
4.375715758e-01,5.26923e-01,9.99999e-01,9.99986e-01,5.26930e-01,9.99999e-01
4.397594337e-01,5.33581e-01,9.99999e-01,9.99886e-01,5.33641e-01,9.99999e-01
4.419582309e-01,5.39993e-01,9.99999e-01,9.99427e-01,5.40302e-01,9.99999e-01
4.441680220e-01,5.46668e-01,9.99999e-01,9.99553e-01,5.46912e-01,9.99999e-01
4.463888621e-01,5.53213e-01,9.99999e-01,9.99535e-01,5.53470e-01,9.99999e-01
4.486208064e-01,5.59814e-01,9.99999e-01,9.99711e-01,5.59975e-01,9.99999e-01
4.508639105e-01,5.66350e-01,9.99999e-01,9.99864e-01,5.66426e-01,9.99999e-01
4.531182300e-01,5.72791e-01,9.99999e-01,9.99946e-01,5.72821e-01,9.99999e-01
4.553838212e-01,5.79140e-01,9.99999e-01,9.99963e-01,5.79160e-01,9.99999e-01
4.576607403e-01,5.85433e-01,9.99999e-01,9.99982e-01,5.85442e-01,9.99999e-01
4.599490440e-01,5.91660e-01,9.99999e-01,9.99987e-01,5.91666e-01,9.99999e-01
4.622487892e-01,5.97831e-01,9.99999e-01,9.99997e-01,5.97832e-01,9.99999e-01
4.645600332e-01,6.03933e-01,9.99999e-01,9.99991e-01,6.03938e-01,9.99999e-01
4.668828333e-01,6.09900e-01,9.99999e-01,9.99863e-01,6.09983e-01,9.99999e-01
4.692172475e-01,6.15789e-01,9.99999e-01,9.99708e-01,6.15969e-01,9.99999e-01
4.715633337e-01,6.21774e-01,9.99999e-01,9.99809e-01,6.21892e-01,9.99999e-01
4.739211504e-01,6.27640e-01,9.99999e-01,9.99817e-01,6.27755e-01,9.99999e-01
4.762907561e-01,6.33495e-01,9.99999e-01,9.99905e-01,6.33555e-01,9.99999e-01
4.786722099e-01,6.39267e-01,9.99999e-01,9.99960e-01,6.39292e-01,9.99999e-01
4.810655710e-01,6.44959e-01,9.99999e-01,9.99987e-01,6.44967e-01,9.99999e-01
4.834708988e-01,6.50505e-01,9.99999e-01,9.99887e-01,6.50578e-01,9.99999e-01
4.858882533e-01,6.55991e-01,9.99999e-01,9.99793e-01,6.56126e-01,9.99999e-01
4.883176946e-01,6.61496e-01,9.99999e-01,9.99827e-01,6.61610e-01,9.99999e-01
4.907592831e-01,6.66926e-01,9.99999e-01,9.99843e-01,6.67030e-01,9.99999e-01
4.932130795e-01,6.72312e-01,9.99999e-01,9.99888e-01,6.72387e-01,9.99999e-01
4.956791449e-01,6.77639e-01,9.99999e-01,9.99941e-01,6.77679e-01,9.99999e-01
4.981575406e-01,6.82707e-01,9.99999e-01,9.99706e-01,6.82907e-01,9.99999e-01
5.006483283e-01,6.87545e-01,9.99999e-01,9.99240e-01,6.88071e-01,9.99994e-01
5.031515699e-01,6.90481e-01,9.99999e-01,9.96158e-01,6.93171e-01,9.99959e-01
5.056673278e-01,6.96759e-01,9.99999e-01,9.97971e-01,6.98207e-01,9.99953e-01
5.081956644e-01,7.01359e-01,9.99999e-01,9.97441e-01,7.03179e-01,9.99969e-01
5.107366428e-01,7.06860e-01,9.99999e-01,9.98271e-01,7.08088e-01,9.99993e-01
5.132903260e-01,7.12228e-01,9.99999e-01,9.99012e-01,7.12932e-01,9.99998e-01
5.158567776e-01,7.17414e-01,9.99999e-01,9.99582e-01,7.17713e-01,9.99999e-01
5.184360615e-01,7.22310e-01,9.99999e-01,9.99832e-01,7.22430e-01,9.99999e-01
5.210282418e-01,7.27040e-01,9.99999e-01,9.99937e-01,7.27085e-01,9.99999e-01
5.236333830e-01,7.31492e-01,9.99999e-01,9.99748e-01,7.31677e-01,9.99997e-01
5.262515499e-01,7.36089e-01,9.99999e-01,9.99842e-01,7.36206e-01,9.99997e-01
5.288828077e-01,7.40565e-01,9.99999e-01,9.99855e-01,7.40673e-01,9.99997e-01
5.315272217e-01,7.44983e-01,9.99999e-01,9.99873e-01,7.45078e-01,9.99999e-01
5.341848578e-01,7.49359e-01,9.99999e-01,9.99916e-01,7.49421e-01,9.99999e-01
5.368557821e-01,7.53483e-01,9.99999e-01,9.99707e-01,7.53703e-01,9.99998e-01
5.395400610e-01,7.57119e-01,9.99999e-01,9.98945e-01,7.57924e-01,9.99990e-01
5.422377613e-01,7.61030e-01,9.99999e-01,9.98638e-01,7.62085e-01,9.99974e-01
5.449489501e-01,7.65196e-01,9.99999e-01,9.98732e-01,7.66186e-01,9.99973e-01
5.476736949e-01,7.69355e-01,9.99999e-01,9.98878e-01,7.70227e-01,9.99987e-01
5.504120634e-01,7.73577e-01,9.99999e-01,9.99186e-01,7.74210e-01,9.99996e-01
5.531641237e-01,7.77814e-01,9.99999e-01,9.99590e-01,7.78133e-01,9.99999e-01
5.559299443e-01,7.81844e-01,9.99999e-01,9.99802e-01,7.81998e-01,9.99999e-01
5.587095940e-01,7.85708e-01,9.99999e-01,9.99875e-01,7.85806e-01,9.99999e-01
5.615031420e-01,7.89447e-01,9.99999e-01,9.99861e-01,7.89556e-01,9.99999e-01
5.643106577e-01,7.93125e-01,9.99999e-01,9.99843e-01,7.93250e-01,9.99998e-01
5.671322110e-01,7.95357e-01,9.99999e-01,9.98095e-01,7.96887e-01,9.99982e-01
5.699678720e-01,7.98811e-01,9.99999e-01,9.97979e-01,8.00469e-01,9.99947e-01
5.728177114e-01,8.02268e-01,9.99999e-01,9.97893e-01,8.03996e-01,9.99956e-01
5.756818000e-01,8.05886e-01,9.99999e-01,9.98067e-01,8.07468e-01,9.99973e-01
5.785602090e-01,8.09514e-01,9.99999e-01,9.98315e-01,8.10886e-01,9.99991e-01
5.814530100e-01,8.12870e-01,9.99999e-01,9.98307e-01,8.14250e-01,9.99995e-01
5.843602750e-01,8.15903e-01,9.99999e-01,9.97982e-01,8.17562e-01,9.99988e-01
5.872820764e-01,8.06583e-01,9.99999e-01,9.82772e-01,8.20821e-01,9.99877e-01
5.902184868e-01,8.06565e-01,9.99999e-01,9.79132e-01,8.24029e-01,9.99666e-01
5.931695792e-01,8.14710e-01,9.99999e-01,9.85233e-01,8.27185e-01,9.99679e-01
5.961354271e-01,8.16699e-01,9.99999e-01,9.83810e-01,8.30291e-01,9.99815e-01
5.991161043e-01,8.23436e-01,9.99999e-01,9.88163e-01,8.33347e-01,9.99942e-01
6.021116848e-01,8.30718e-01,9.99999e-01,9.93267e-01,8.36353e-01,9.99993e-01
6.051222432e-01,8.36447e-01,9.99999e-01,9.96588e-01,8.39310e-01,9.99999e-01
6.081478544e-01,8.40979e-01,9.99999e-01,9.98527e-01,8.42219e-01,9.99999e-01
6.111885937e-01,8.44554e-01,9.99999e-01,9.99376e-01,8.45081e-01,9.99999e-01
6.142445367e-01,8.47659e-01,9.99999e-01,9.99721e-01,8.47895e-01,9.99999e-01
6.173157594e-01,8.50533e-01,9.99999e-01,9.99846e-01,8.50663e-01,9.99999e-01
6.204023382e-01,8.53274e-01,9.99999e-01,9.99869e-01,8.53385e-01,9.99999e-01
6.235043498e-01,8.55570e-01,9.99999e-01,9.99426e-01,8.56062e-01,9.99998e-01
6.266218716e-01,8.56076e-01,9.99999e-01,9.96971e-01,8.58694e-01,9.99978e-01
6.297549810e-01,8.60288e-01,9.99999e-01,9.98888e-01,8.61281e-01,9.99956e-01
6.329037559e-01,8.61900e-01,9.99999e-01,9.97804e-01,8.63826e-01,9.99965e-01
6.360682746e-01,8.64690e-01,9.99999e-01,9.98129e-01,8.66327e-01,9.99979e-01
6.392486160e-01,8.66673e-01,9.99999e-01,9.97576e-01,8.68786e-01,9.99990e-01
6.424448591e-01,8.68365e-01,9.99999e-01,9.96756e-01,8.71203e-01,9.99985e-01
6.456570834e-01,8.60434e-01,9.99999e-01,9.85034e-01,8.73579e-01,9.99916e-01
6.488853688e-01,8.66111e-01,9.99999e-01,9.89038e-01,8.75914e-01,9.99766e-01
6.521297956e-01,8.68236e-01,9.99999e-01,9.88833e-01,8.78210e-01,9.99806e-01
6.553904446e-01,8.70534e-01,9.99999e-01,9.88861e-01,8.80465e-01,9.99856e-01
6.586673968e-01,8.74222e-01,9.99999e-01,9.90462e-01,8.82682e-01,9.99951e-01
6.619607338e-01,8.80137e-01,9.99999e-01,9.94672e-01,8.84860e-01,9.99989e-01
6.652705375e-01,8.84157e-01,9.99999e-01,9.96798e-01,8.87001e-01,9.99994e-01
6.685968902e-01,8.87781e-01,9.99999e-01,9.98511e-01,8.89104e-01,9.99998e-01
6.719398746e-01,8.90557e-01,9.99999e-01,9.99310e-01,8.91171e-01,9.99999e-01
6.752995740e-01,8.92868e-01,9.99999e-01,9.99625e-01,8.93201e-01,9.99999e-01
6.786760719e-01,8.94712e-01,9.99999e-01,9.99459e-01,8.95196e-01,9.99998e-01
6.820694522e-01,8.96323e-01,9.99999e-01,9.99075e-01,8.97156e-01,9.99994e-01
6.854797995e-01,8.98000e-01,9.99999e-01,9.98807e-01,8.99081e-01,9.99989e-01
6.889071985e-01,8.98349e-01,9.99999e-01,9.97113e-01,9.00973e-01,9.99973e-01
6.923517345e-01,8.61118e-01,9.99999e-01,9.54013e-01,9.02830e-01,9.99773e-01
6.958134932e-01,8.82407e-01,9.99999e-01,9.75894e-01,9.04655e-01,9.99499e-01
6.992925606e-01,8.85176e-01,9.99999e-01,9.76972e-01,9.06447e-01,9.99549e-01
7.027890234e-01,8.82165e-01,9.99999e-01,9.71659e-01,9.08208e-01,9.99655e-01
7.063029686e-01,8.88033e-01,9.99999e-01,9.76094e-01,9.09936e-01,9.99828e-01
7.098344834e-01,8.90618e-01,9.99999e-01,9.77045e-01,9.11634e-01,9.99898e-01
7.133836558e-01,8.85346e-01,9.99999e-01,9.69585e-01,9.13302e-01,9.99798e-01
7.169505741e-01,7.16371e-01,9.99999e-01,7.84211e-01,9.14939e-01,9.98417e-01
7.205353270e-01,8.10903e-01,9.99999e-01,8.87211e-01,9.16547e-01,9.97209e-01
7.241380036e-01,7.86200e-01,9.99999e-01,8.58377e-01,9.18126e-01,9.97589e-01
7.277586936e-01,7.99781e-01,9.99999e-01,8.71348e-01,9.19677e-01,9.98029e-01
7.313974871e-01,7.94372e-01,9.99999e-01,8.63120e-01,9.21199e-01,9.99076e-01
7.350544745e-01,8.50901e-01,9.99999e-01,9.22488e-01,9.22694e-01,9.99678e-01
7.387297469e-01,8.70617e-01,9.99999e-01,9.42200e-01,9.24161e-01,9.99852e-01
7.424233956e-01,8.98975e-01,9.99999e-01,9.71259e-01,9.25602e-01,9.99971e-01
7.461355126e-01,9.10767e-01,9.99999e-01,9.82476e-01,9.27017e-01,9.99994e-01
7.498661902e-01,9.20795e-01,9.99999e-01,9.91804e-01,9.28405e-01,9.99997e-01
7.536155211e-01,9.26022e-01,9.99999e-01,9.95970e-01,9.29768e-01,9.99998e-01
7.573835987e-01,9.29174e-01,9.99999e-01,9.97924e-01,9.31107e-01,9.99999e-01
7.611705167e-01,9.31218e-01,9.99999e-01,9.98709e-01,9.32421e-01,9.99999e-01
7.649763693e-01,9.32955e-01,9.99999e-01,9.99190e-01,9.33710e-01,9.99999e-01
7.688012511e-01,9.34449e-01,9.99999e-01,9.99436e-01,9.34976e-01,9.99999e-01
7.726452574e-01,9.35784e-01,9.99999e-01,9.99536e-01,9.36218e-01,9.99999e-01
7.765084837e-01,9.36820e-01,9.99999e-01,9.99340e-01,9.37438e-01,9.99998e-01
7.803910261e-01,9.35961e-01,9.99999e-01,9.97153e-01,9.38635e-01,9.99996e-01
7.842929812e-01,9.30489e-01,9.99999e-01,9.90099e-01,9.39810e-01,9.99981e-01
7.882144461e-01,9.21746e-01,9.99999e-01,9.79713e-01,9.40963e-01,9.99859e-01
7.921555184e-01,9.31351e-01,9.99999e-01,9.88836e-01,9.42095e-01,9.99755e-01
7.961162960e-01,9.24448e-01,9.99999e-01,9.80340e-01,9.43205e-01,9.99767e-01
8.000968774e-01,9.22635e-01,9.99999e-01,9.77302e-01,9.44295e-01,9.99752e-01
8.040973618e-01,9.23729e-01,9.99999e-01,9.77304e-01,9.45365e-01,9.99803e-01
8.081178486e-01,8.98668e-01,9.99999e-01,9.49724e-01,9.46415e-01,9.99815e-01
8.121584379e-01,7.65406e-01,9.99999e-01,8.08447e-01,9.47445e-01,9.99277e-01
8.162192301e-01,7.35711e-01,9.99999e-01,7.77804e-01,9.48456e-01,9.97285e-01
8.203003262e-01,8.37812e-01,9.99999e-01,8.85233e-01,9.49447e-01,9.96821e-01
8.244018279e-01,8.01822e-01,9.99999e-01,8.45788e-01,9.50421e-01,9.97469e-01
8.285238370e-01,8.16173e-01,9.99999e-01,8.59595e-01,9.51376e-01,9.98012e-01
8.326664562e-01,8.16976e-01,9.99999e-01,8.58592e-01,9.52313e-01,9.99177e-01
8.368297885e-01,8.53946e-01,9.99999e-01,8.96010e-01,9.53233e-01,9.99811e-01
8.410139374e-01,8.93656e-01,9.99999e-01,9.36716e-01,9.54135e-01,9.99889e-01
8.452190071e-01,9.24788e-01,9.99999e-01,9.68407e-01,9.55020e-01,9.99933e-01
8.494451021e-01,9.38184e-01,9.99999e-01,9.81529e-01,9.55889e-01,9.99946e-01
8.536923276e-01,9.46226e-01,9.99999e-01,9.89041e-01,9.56741e-01,9.99967e-01
8.579607893e-01,9.51093e-01,9.99999e-01,9.93235e-01,9.57577e-01,9.99991e-01
8.622505932e-01,9.54274e-01,9.99999e-01,9.95698e-01,9.58397e-01,9.99998e-01
8.665618462e-01,9.56647e-01,9.99999e-01,9.97336e-01,9.59202e-01,9.99998e-01
8.708946554e-01,9.57063e-01,9.99999e-01,9.96950e-01,9.59991e-01,9.99997e-01
8.752491287e-01,9.56844e-01,9.99999e-01,9.95922e-01,9.60766e-01,9.99995e-01
8.796253743e-01,9.56087e-01,9.99999e-01,9.94355e-01,9.61526e-01,9.99986e-01
8.840235012e-01,9.56033e-01,9.99999e-01,9.93556e-01,9.62271e-01,9.99960e-01
8.884436187e-01,9.40569e-01,9.99999e-01,9.76813e-01,9.63002e-01,9.99887e-01
8.928858368e-01,7.55522e-01,9.99999e-01,7.84470e-01,9.63720e-01,9.99354e-01
8.973502660e-01,6.27915e-01,9.99999e-01,6.53234e-01,9.64423e-01,9.96698e-01
9.018370173e-01,7.72711e-01,9.99999e-01,8.04815e-01,9.65114e-01,9.94813e-01
9.063462024e-01,7.92943e-01,9.99999e-01,8.24787e-01,9.65791e-01,9.95442e-01
9.108779334e-01,7.12753e-01,9.99999e-01,7.41000e-01,9.66455e-01,9.95264e-01
9.154323231e-01,6.83934e-01,9.99999e-01,7.09975e-01,9.67107e-01,9.96084e-01
9.200094847e-01,7.39567e-01,9.99999e-01,7.65895e-01,9.67746e-01,9.97806e-01
9.246095321e-01,6.49494e-01,9.99999e-01,6.72404e-01,9.68373e-01,9.97472e-01
9.292325798e-01,9.18101e-02,9.99999e-01,9.56878e-02,9.68988e-01,9.90182e-01
9.338787427e-01,4.13951e-02,9.99999e-01,4.44706e-02,9.69591e-01,9.60033e-01
9.385481364e-01,2.59185e-01,9.99999e-01,2.80429e-01,9.70182e-01,9.52648e-01
9.432408771e-01,1.73643e-01,9.99999e-01,1.86517e-01,9.70763e-01,9.59013e-01
9.479570815e-01,8.76241e-02,9.99999e-01,9.33357e-02,9.71332e-01,9.66513e-01
9.526968669e-01,1.49463e-01,9.99999e-01,1.57014e-01,9.71890e-01,9.79439e-01
9.574603512e-01,1.63179e-01,9.99999e-01,1.69584e-01,9.72437e-01,9.89502e-01
9.622476530e-01,2.19840e-01,9.99999e-01,2.27601e-01,9.72974e-01,9.92729e-01
9.670588912e-01,4.07017e-01,9.99999e-01,4.20187e-01,9.73501e-01,9.95021e-01
9.718941857e-01,5.50526e-01,9.99999e-01,5.67291e-01,9.74018e-01,9.96332e-01
9.767536566e-01,6.06242e-01,9.99999e-01,6.23839e-01,9.74524e-01,9.97196e-01
9.816374249e-01,6.84527e-01,9.99999e-01,7.02745e-01,9.75021e-01,9.99028e-01
9.865456120e-01,7.81451e-01,9.99999e-01,8.01232e-01,9.75508e-01,9.99797e-01
9.914783401e-01,8.50526e-01,9.99999e-01,8.71501e-01,9.75986e-01,9.99943e-01
9.964357318e-01,9.05932e-01,9.99999e-01,9.27806e-01,9.76455e-01,9.99966e-01
1.001417910e+00,9.33924e-01,9.99999e-01,9.56041e-01,9.76915e-01,9.99949e-01
1.006425000e+00,9.52553e-01,9.99999e-01,9.74681e-01,9.77365e-01,9.99928e-01
1.011457125e+00,9.62311e-01,9.99999e-01,9.84216e-01,9.77807e-01,9.99933e-01
1.016514411e+00,9.67685e-01,9.99999e-01,9.89254e-01,9.78241e-01,9.99952e-01
1.021596983e+00,9.70232e-01,9.99999e-01,9.91428e-01,9.78666e-01,9.99952e-01
1.026704968e+00,9.72502e-01,9.99999e-01,9.93308e-01,9.79083e-01,9.99968e-01
1.031838492e+00,9.74718e-01,9.99999e-01,9.95133e-01,9.79492e-01,9.99990e-01
1.036997685e+00,9.77057e-01,9.99999e-01,9.97106e-01,9.79893e-01,9.99998e-01
1.042182673e+00,9.76904e-01,9.99999e-01,9.96549e-01,9.80286e-01,9.99998e-01
1.047393587e+00,9.76187e-01,9.99999e-01,9.95427e-01,9.80672e-01,9.99998e-01
1.052630555e+00,9.74897e-01,9.99999e-01,9.93729e-01,9.81050e-01,9.99997e-01
1.057893707e+00,9.71165e-01,9.99999e-01,9.89553e-01,9.81421e-01,9.99995e-01
1.063183176e+00,9.64963e-01,9.99999e-01,9.82875e-01,9.81784e-01,9.99990e-01
1.068499092e+00,9.54135e-01,9.99999e-01,9.71502e-01,9.82141e-01,9.99980e-01
1.073841587e+00,9.49817e-01,9.99999e-01,9.66785e-01,9.82490e-01,9.99956e-01
1.079210795e+00,9.41051e-01,9.99999e-01,9.57598e-01,9.82833e-01,9.99884e-01
1.084606849e+00,9.20586e-01,9.99999e-01,9.36605e-01,9.83169e-01,9.99721e-01
1.090029883e+00,8.94936e-01,9.99999e-01,9.10474e-01,9.83499e-01,9.99423e-01
1.095480033e+00,7.61565e-01,9.99999e-01,7.74894e-01,9.83822e-01,9.98958e-01
1.100957433e+00,5.20040e-01,9.99999e-01,5.29435e-01,9.84139e-01,9.98083e-01
1.106462220e+00,2.14192e-01,9.99999e-01,2.18284e-01,9.84450e-01,9.96751e-01
1.111994531e+00,4.42400e-02,9.99999e-01,4.53145e-02,9.84755e-01,9.91399e-01
1.117554504e+00,8.24115e-03,9.99999e-01,8.63119e-03,9.85054e-01,9.69296e-01
1.123142276e+00,3.75907e-02,9.99999e-01,4.10778e-02,9.85347e-01,9.28717e-01
1.128757988e+00,9.01578e-02,9.99999e-01,9.96416e-02,9.85634e-01,9.18007e-01
1.134401778e+00,4.19958e-02,9.99999e-01,4.58097e-02,9.85916e-01,9.29839e-01
1.140073787e+00,2.15422e-01,9.99999e-01,2.31510e-01,9.86192e-01,9.43535e-01
1.145774156e+00,5.97909e-02,9.99999e-01,6.39232e-02,9.86463e-01,9.48189e-01
1.151503026e+00,4.48243e-02,9.99999e-01,4.67936e-02,9.86729e-01,9.70797e-01
1.157260541e+00,5.85980e-02,9.99999e-01,5.98988e-02,9.86989e-01,9.91177e-01
1.163046844e+00,1.20153e-01,9.99999e-01,1.22011e-01,9.87244e-01,9.97491e-01
1.168862078e+00,2.14736e-01,9.99999e-01,2.17736e-01,9.87495e-01,9.98706e-01
1.174706389e+00,3.82423e-01,9.99999e-01,3.87834e-01,9.87740e-01,9.98285e-01
1.180579921e+00,5.50359e-01,9.99999e-01,5.58500e-01,9.87981e-01,9.97409e-01
1.186482820e+00,7.06212e-01,9.99999e-01,7.16536e-01,9.88217e-01,9.97341e-01
1.192415234e+00,8.11310e-01,9.99999e-01,8.22429e-01,9.88448e-01,9.98008e-01
1.198377311e+00,8.37003e-01,9.99999e-01,8.48185e-01,9.88675e-01,9.98118e-01
1.204369197e+00,8.45490e-01,9.99999e-01,8.56439e-01,9.88898e-01,9.98297e-01
1.210391043e+00,8.51570e-01,9.99999e-01,8.61832e-01,9.89116e-01,9.98963e-01
1.216442998e+00,8.71251e-01,9.99999e-01,8.81206e-01,9.89329e-01,9.99365e-01
1.222525213e+00,8.96135e-01,9.99999e-01,9.05964e-01,9.89539e-01,9.99605e-01
1.228637839e+00,9.23929e-01,9.99999e-01,9.33672e-01,9.89745e-01,9.99816e-01
1.234781029e+00,9.40730e-01,9.99999e-01,9.50333e-01,9.89946e-01,9.99947e-01
1.240954934e+00,9.58736e-01,9.99999e-01,9.68293e-01,9.90144e-01,9.99984e-01
1.247159708e+00,9.65782e-01,9.99999e-01,9.75213e-01,9.90337e-01,9.99990e-01
1.253395507e+00,9.68686e-01,9.99999e-01,9.77961e-01,9.90527e-01,9.99987e-01
1.259662485e+00,9.69939e-01,9.99999e-01,9.79048e-01,9.90714e-01,9.99980e-01
1.265960797e+00,9.57923e-01,9.99999e-01,9.66754e-01,9.90896e-01,9.99966e-01
1.272290601e+00,9.39786e-01,9.99999e-01,9.48303e-01,9.91075e-01,9.99941e-01
1.278652054e+00,8.92239e-01,9.99999e-01,9.00205e-01,9.91251e-01,9.99897e-01
1.285045314e+00,8.19956e-01,9.99999e-01,8.27207e-01,9.91423e-01,9.99808e-01
1.291470541e+00,7.12788e-01,9.99999e-01,7.19072e-01,9.91591e-01,9.99664e-01
1.297927893e+00,6.47293e-01,9.99999e-01,6.53081e-01,9.91757e-01,9.99374e-01
1.304417533e+00,5.74811e-01,9.99999e-01,5.80262e-01,9.91919e-01,9.98674e-01
1.310939621e+00,5.30723e-01,9.99999e-01,5.36419e-01,9.92078e-01,9.97281e-01
1.317494319e+00,5.04002e-01,9.99999e-01,5.10510e-01,9.92234e-01,9.94977e-01
1.324081790e+00,3.68910e-01,9.99999e-01,3.74808e-01,9.92387e-01,9.91812e-01
1.330702199e+00,7.32822e-02,9.99999e-01,7.48872e-02,9.92536e-01,9.85924e-01
1.337355710e+00,2.26716e-04,9.99999e-01,2.34707e-04,9.92683e-01,9.73070e-01
1.344042489e+00,1.70009e-06,9.99999e-01,1.85912e-06,9.92827e-01,9.21064e-01
1.350762701e+00,1.72207e-19,9.99999e-01,2.29813e-19,9.92968e-01,7.54638e-01
1.357516515e+00,2.94273e-29,9.99999e-01,6.76963e-29,9.93107e-01,4.37713e-01
1.364304097e+00,2.54747e-18,9.99999e-01,1.09118e-17,9.93242e-01,2.35048e-01
1.371125618e+00,1.96659e-11,9.99999e-01,7.75306e-11,9.93375e-01,2.55345e-01
1.377981246e+00,7.32824e-11,9.99999e-01,2.37703e-10,9.93506e-01,3.10308e-01
1.384871152e+00,3.19814e-15,9.99999e-01,9.57698e-15,9.93634e-01,3.36080e-01
1.391795508e+00,2.16813e-18,9.99999e-01,6.16889e-18,9.93759e-01,3.53669e-01
1.398754485e+00,3.11870e-14,9.99999e-01,7.40483e-14,9.93882e-01,4.23763e-01
1.405748258e+00,4.88510e-14,9.99999e-01,8.11834e-14,9.94002e-01,6.05366e-01
1.412776999e+00,1.27732e-13,9.99999e-01,1.61579e-13,9.94120e-01,7.95199e-01
1.419840884e+00,2.27397e-13,9.99998e-01,2.52891e-13,9.94236e-01,9.04402e-01
1.426940089e+00,3.89788e-09,9.99998e-01,4.23099e-09,9.94350e-01,9.26503e-01
1.434074789e+00,5.37452e-08,9.99998e-01,5.91388e-08,9.94461e-01,9.13857e-01
1.441245163e+00,1.08941e-06,9.99999e-01,1.20762e-06,9.94570e-01,9.07037e-01
1.448451389e+00,9.71571e-05,9.99998e-01,1.06389e-04,9.94677e-01,9.18114e-01
1.455693646e+00,1.84506e-03,9.99999e-01,1.98222e-03,9.94782e-01,9.35685e-01
1.462972114e+00,2.71964e-03,9.99999e-01,2.91254e-03,9.94885e-01,9.38568e-01
1.470286975e+00,1.17857e-03,9.99999e-01,1.26067e-03,9.94985e-01,9.39582e-01
1.477638409e+00,2.06179e-03,9.99999e-01,2.16101e-03,9.95084e-01,9.58800e-01
1.485026601e+00,4.81770e-03,9.99999e-01,4.93567e-03,9.95181e-01,9.80823e-01
1.492451734e+00,2.09715e-02,9.99999e-01,2.12501e-02,9.95276e-01,9.91573e-01
1.499913993e+00,6.59796e-02,9.99999e-01,6.65288e-02,9.95369e-01,9.96356e-01
1.507413563e+00,1.36501e-01,9.99999e-01,1.37358e-01,9.95460e-01,9.98287e-01
1.514950631e+00,2.79324e-01,9.99999e-01,2.80797e-01,9.95550e-01,9.99199e-01
1.522525384e+00,4.33712e-01,9.99999e-01,4.35740e-01,9.95638e-01,9.99705e-01
1.530138011e+00,5.37591e-01,9.99999e-01,5.39954e-01,9.95723e-01,9.99897e-01
1.537788701e+00,7.00942e-01,9.99999e-01,7.03925e-01,9.95808e-01,9.99953e-01
1.545477645e+00,7.96502e-01,9.99999e-01,7.99807e-01,9.95890e-01,9.99975e-01
1.553205033e+00,8.29469e-01,9.99999e-01,8.32834e-01,9.95971e-01,9.99985e-01
1.560971058e+00,8.89119e-01,9.99999e-01,8.92653e-01,9.96051e-01,9.99989e-01
1.568775913e+00,9.24141e-01,9.99999e-01,9.27739e-01,9.96129e-01,9.99991e-01
1.576619793e+00,9.39806e-01,9.99999e-01,9.43393e-01,9.96205e-01,9.99991e-01
1.584502892e+00,9.61598e-01,9.99999e-01,9.65199e-01,9.96280e-01,9.99987e-01
1.592425406e+00,9.64177e-01,9.99999e-01,9.67721e-01,9.96353e-01,9.99983e-01
1.600387533e+00,9.74117e-01,9.99999e-01,9.77627e-01,9.96425e-01,9.99983e-01
1.608389471e+00,9.73422e-01,9.99999e-01,9.76859e-01,9.96495e-01,9.99984e-01
1.616431418e+00,9.72974e-01,9.99999e-01,9.76341e-01,9.96564e-01,9.99985e-01
1.624513575e+00,9.71445e-01,9.99999e-01,9.74742e-01,9.96632e-01,9.99984e-01
1.632636143e+00,9.57468e-01,9.99999e-01,9.60660e-01,9.96699e-01,9.99977e-01
1.640799324e+00,9.44875e-01,9.99999e-01,9.47974e-01,9.96764e-01,9.99965e-01
1.649003321e+00,9.30954e-01,9.99999e-01,9.33959e-01,9.96827e-01,9.99953e-01
1.657248337e+00,9.10951e-01,9.99999e-01,9.13839e-01,9.96890e-01,9.99947e-01
1.665534579e+00,8.82096e-01,9.99999e-01,8.84840e-01,9.96951e-01,9.99945e-01
1.673862252e+00,8.43088e-01,9.99999e-01,8.45670e-01,9.97011e-01,9.99933e-01
1.682231563e+00,8.62397e-01,9.99999e-01,8.65014e-01,9.97070e-01,9.99901e-01
1.690642721e+00,7.72874e-01,9.99999e-01,7.75218e-01,9.97128e-01,9.99847e-01
1.699095934e+00,7.44890e-01,9.99999e-01,7.47168e-01,9.97185e-01,9.99763e-01
1.707591414e+00,7.29288e-01,9.99999e-01,7.31571e-01,9.97240e-01,9.99637e-01
1.716129371e+00,6.76215e-01,9.99999e-01,6.78407e-01,9.97295e-01,9.99471e-01
1.724710018e+00,5.64009e-01,9.99999e-01,5.65943e-01,9.97348e-01,9.99229e-01
1.733333568e+00,4.76752e-01,9.99999e-01,4.78573e-01,9.97400e-01,9.98789e-01
1.742000236e+00,3.19139e-01,9.99999e-01,3.20569e-01,9.97452e-01,9.98083e-01
1.750710237e+00,1.30961e-01,9.99999e-01,1.31693e-01,9.97502e-01,9.96927e-01
1.759463788e+00,2.56470e-02,9.99999e-01,2.58441e-02,9.97551e-01,9.94806e-01
1.768261107e+00,1.93756e-03,9.99999e-01,1.95974e-03,9.97599e-01,9.91061e-01
1.777102413e+00,4.68124e-05,9.99999e-01,4.75874e-05,9.97647e-01,9.86032e-01
1.785987925e+00,9.87656e-08,9.99999e-01,1.01262e-07,9.97693e-01,9.77601e-01
1.794917864e+00,2.33847e-09,9.99999e-01,2.45055e-09,9.97739e-01,9.56426e-01
1.803892454e+00,1.41053e-16,9.99999e-01,1.55225e-16,9.97783e-01,9.10715e-01
1.812911916e+00,3.79955e-22,9.99999e-01,4.78532e-22,9.97827e-01,7.95729e-01
1.821976476e+00,4.78204e-22,9.99999e-01,7.77642e-22,9.97870e-01,6.16252e-01
1.831086358e+00,2.50368e-24,9.99999e-01,6.69057e-24,9.97912e-01,3.74992e-01
1.840241790e+00,3.12133e-20,9.99999e-01,1.63691e-19,9.97953e-01,1.91075e-01
1.849442999e+00,2.57771e-19,9.99999e-01,1.89039e-18,9.97993e-01,1.36632e-01
1.858690214e+00,1.04588e-29,9.99999e-01,7.65562e-29,9.98033e-01,1.36885e-01
1.867983665e+00,1.24856e-30,9.99999e-01,7.79708e-30,9.98072e-01,1.60441e-01
1.877323583e+00,1.06878e-12,9.99999e-01,5.38804e-12,9.98110e-01,1.98737e-01
1.886710201e+00,8.78697e-11,9.99999e-01,3.61139e-10,9.98147e-01,2.43764e-01
1.896143752e+00,7.60925e-10,9.99999e-01,3.03781e-09,9.98184e-01,2.50940e-01
1.905624471e+00,2.55969e-18,9.99999e-01,9.03061e-18,9.98219e-01,2.83951e-01
1.915152593e+00,1.47538e-21,9.99999e-01,3.63385e-21,9.98255e-01,4.06719e-01
1.924728356e+00,9.53966e-24,9.99999e-01,1.58931e-23,9.98289e-01,6.01265e-01
1.934351998e+00,7.29579e-27,9.99999e-01,9.32247e-27,9.98323e-01,7.83915e-01
1.944023758e+00,1.58541e-14,9.99999e-01,1.72935e-14,9.98356e-01,9.18278e-01
1.953743877e+00,5.31024e-14,9.99999e-01,5.51192e-14,9.98388e-01,9.64964e-01
1.963512596e+00,1.27136e-09,9.99999e-01,1.29653e-09,9.98420e-01,9.82137e-01
1.973330159e+00,5.08423e-07,9.99999e-01,5.14034e-07,9.98451e-01,9.90617e-01
1.983196810e+00,3.52965e-04,9.99999e-01,3.55333e-04,9.98482e-01,9.94845e-01
1.993112794e+00,1.75663e-03,9.99999e-01,1.76421e-03,9.98512e-01,9.97186e-01
2.003078358e+00,1.61182e-02,9.99999e-01,1.61673e-02,9.98541e-01,9.98417e-01
2.013093750e+00,6.53050e-02,9.99999e-01,6.54603e-02,9.98570e-01,9.99055e-01
2.023159218e+00,1.97338e-01,9.99999e-01,1.97746e-01,9.98598e-01,9.99336e-01
2.033275015e+00,2.98247e-01,9.99999e-01,2.98818e-01,9.98626e-01,9.99462e-01
2.043441390e+00,4.66883e-01,9.99998e-01,4.67779e-01,9.98653e-01,9.99432e-01
2.053658597e+00,5.25709e-01,9.99997e-01,5.26815e-01,9.98679e-01,9.99220e-01
2.063926890e+00,6.43211e-01,9.99994e-01,6.44812e-01,9.98705e-01,9.98813e-01
2.074246524e+00,6.81984e-01,9.99989e-01,6.84157e-01,9.98731e-01,9.98098e-01
2.084617757e+00,7.76122e-01,9.99983e-01,7.79440e-01,9.98756e-01,9.96997e-01
2.095040845e+00,8.16891e-01,9.99974e-01,8.21589e-01,9.98781e-01,9.95517e-01
2.105516050e+00,8.38666e-01,9.99969e-01,8.45023e-01,9.98805e-01,9.93693e-01
2.116043630e+00,8.43535e-01,9.99971e-01,8.51137e-01,9.98828e-01,9.92256e-01
2.126623848e+00,8.97529e-01,9.99976e-01,9.06461e-01,9.98851e-01,9.91306e-01
2.137256967e+00,9.01000e-01,9.99979e-01,9.10857e-01,9.98874e-01,9.90311e-01
2.147943252e+00,9.02395e-01,9.99990e-01,9.14031e-01,9.98896e-01,9.88368e-01
2.158682968e+00,9.07603e-01,9.99932e-01,9.21078e-01,9.98918e-01,9.86502e-01
2.169476383e+00,9.05772e-01,9.99976e-01,9.16192e-01,9.98939e-01,9.89698e-01
2.180323765e+00,8.97043e-01,9.99986e-01,9.04942e-01,9.98960e-01,9.92314e-01
2.191225384e+00,8.78982e-01,9.99985e-01,8.85590e-01,9.98981e-01,9.93561e-01
2.202181511e+00,8.54192e-01,9.99988e-01,8.59315e-01,9.99001e-01,9.95041e-01
2.213192418e+00,8.55269e-01,9.99991e-01,8.59072e-01,9.99021e-01,9.96555e-01
2.224258381e+00,8.31715e-01,9.99992e-01,8.34356e-01,9.99040e-01,9.97797e-01
2.235379672e+00,8.56535e-01,9.99994e-01,8.58477e-01,9.99059e-01,9.98681e-01
2.246556571e+00,7.61141e-01,9.99996e-01,7.62483e-01,9.99077e-01,9.99163e-01
2.257789354e+00,8.10811e-01,9.99997e-01,8.12036e-01,9.99096e-01,9.99396e-01
2.269078300e+00,5.97541e-01,9.99998e-01,5.98372e-01,9.99113e-01,9.99496e-01
2.280423692e+00,6.51854e-01,9.99998e-01,6.52761e-01,9.99131e-01,9.99479e-01
2.291825810e+00,4.36455e-01,9.99999e-01,4.37092e-01,9.99148e-01,9.99391e-01
2.303284939e+00,4.76268e-01,9.99999e-01,4.77061e-01,9.99165e-01,9.99171e-01
2.314801364e+00,2.86399e-01,9.99999e-01,2.86969e-01,9.99181e-01,9.98833e-01
2.326375371e+00,2.72813e-01,9.99999e-01,2.73457e-01,9.99197e-01,9.98444e-01
2.338007248e+00,2.66862e-01,9.99999e-01,2.67639e-01,9.99213e-01,9.97877e-01
2.349697284e+00,9.77438e-02,9.99999e-01,9.81009e-02,9.99229e-01,9.97126e-01
2.361445770e+00,1.34329e-01,9.99999e-01,1.34966e-01,9.99244e-01,9.96031e-01
2.373252999e+00,7.57394e-02,9.99999e-01,7.62117e-02,9.99259e-01,9.94537e-01
2.385119264e+00,1.13566e-02,9.99999e-01,1.14488e-02,9.99273e-01,9.92667e-01
2.397044861e+00,6.00782e-02,9.99999e-01,6.07881e-02,9.99288e-01,9.89025e-01
2.409030085e+00,5.34406e-03,9.99999e-01,5.43432e-03,9.99302e-01,9.84076e-01
2.421075235e+00,9.83094e-03,9.99999e-01,1.00619e-02,9.99316e-01,9.77711e-01
2.433180612e+00,2.18537e-03,9.99999e-01,2.25615e-03,9.99329e-01,9.69280e-01
2.445346515e+00,1.30151e-04,9.99999e-01,1.36026e-04,9.99342e-01,9.57438e-01
2.457573247e+00,2.77926e-06,9.99999e-01,2.96421e-06,9.99355e-01,9.38211e-01
2.469861113e+00,1.01558e-09,9.99999e-01,1.11549e-09,9.99368e-01,9.11006e-01
2.482210419e+00,1.02018e-21,9.99999e-01,1.16858e-21,9.99380e-01,8.73554e-01
2.494621471e+00,1.99279e-30,9.99999e-01,2.43028e-30,9.99393e-01,8.20481e-01
2.507094578e+00,1.26710e-58,9.99999e-01,1.73077e-58,9.99405e-01,7.32540e-01
2.519630051e+00,1.23209e-91,9.99999e-01,2.10433e-91,9.99416e-01,5.85843e-01
2.532228202e+00,2.93013e-125,9.99999e-01,7.78530e-125,9.99428e-01,3.76581e-01
2.544889343e+00,1.51258e-169,9.99999e-01,1.06577e-168,9.99439e-01,1.42003e-01
2.557613789e+00,6.66712e-167,9.99999e-01,3.01107e-165,9.99450e-01,2.21542e-02
2.570401858e+00,1.87130e-279,9.99999e-01,2.34842e-276,9.99461e-01,7.97261e-04
2.583253867e+00,1.73746e-238,9.99999e-01,1.41137e-233,9.99472e-01,1.23169e-05
2.596170137e+00,4.30193e-204,9.99999e-01,6.48114e-198,9.99482e-01,6.64103e-07
2.609150988e+00,2.14624e-145,9.99999e-01,2.63705e-138,9.99492e-01,8.14289e-08
2.622196742e+00,2.50926e-123,9.99999e-01,4.35857e-116,9.99502e-01,5.75992e-08
2.635307726e+00,1.73171e-58,9.99999e-01,1.01304e-51,9.99512e-01,1.71025e-07
2.648484265e+00,2.59332e-69,9.99999e-01,1.07644e-62,9.99522e-01,2.41032e-07
2.661726686e+00,2.32653e-118,9.99999e-01,1.22247e-111,9.99531e-01,1.90403e-07
2.675035320e+00,0.00000e+00,9.99999e-01,0.00000e+00,9.99540e-01,2.17960e-07
2.688410496e+00,1.96537e-206,9.99999e-01,3.99801e-200,9.99549e-01,4.91809e-07
2.701852549e+00,1.26625e-180,9.99999e-01,1.63513e-174,9.99558e-01,7.74743e-07
2.715361811e+00,7.24937e-179,9.99999e-01,5.80362e-173,9.99567e-01,1.24965e-06
2.728938620e+00,2.54108e-128,9.99999e-01,5.34019e-123,9.99576e-01,4.76041e-06
2.742583314e+00,1.03403e-135,9.99999e-01,1.84110e-131,9.99584e-01,5.61872e-05
2.756296230e+00,6.67219e-139,9.99999e-01,6.48511e-136,9.99592e-01,1.02926e-03
2.770077711e+00,1.11770e-189,9.99999e-01,9.46464e-188,9.99600e-01,1.18139e-02
2.783928100e+00,7.73713e-189,9.99999e-01,1.72461e-187,9.99608e-01,4.48805e-02
2.797847740e+00,7.18696e-143,9.99999e-01,5.72998e-142,9.99616e-01,1.25475e-01
2.811836979e+00,2.73763e-152,9.99999e-01,9.79632e-152,9.99623e-01,2.79560e-01
2.825896164e+00,2.08976e-131,9.99999e-01,4.75762e-131,9.99631e-01,4.39407e-01
2.840025645e+00,1.70949e-99,9.99999e-01,3.09515e-99,9.99638e-01,5.52512e-01
2.854225773e+00,1.42357e-86,9.99999e-01,2.22895e-86,9.99645e-01,6.38897e-01
2.868496902e+00,1.64993e-81,9.99999e-01,2.22912e-81,9.99652e-01,7.40426e-01
2.882839386e+00,8.61189e-65,9.99999e-01,1.05501e-64,9.99659e-01,8.16563e-01
2.897253583e+00,2.98819e-55,9.99999e-01,3.47445e-55,9.99666e-01,8.60335e-01
2.911739851e+00,4.56703e-37,9.99999e-01,5.13142e-37,9.99672e-01,8.90304e-01
2.926298550e+00,1.48194e-25,9.99999e-01,1.61501e-25,9.99679e-01,9.17896e-01
2.940930043e+00,4.58900e-25,9.99999e-01,4.91682e-25,9.99685e-01,9.33619e-01
2.955634693e+00,3.19457e-25,9.99999e-01,3.39797e-25,9.99691e-01,9.40428e-01
2.970412867e+00,1.39643e-21,9.99999e-01,1.47398e-21,9.99697e-01,9.47674e-01
2.985264931e+00,4.72487e-17,9.99999e-01,4.96937e-17,9.99703e-01,9.51079e-01
3.000191256e+00,3.47613e-13,9.99999e-01,3.65999e-13,9.99709e-01,9.50038e-01
3.015192212e+00,1.15515e-12,9.99999e-01,1.22588e-12,9.99715e-01,9.42571e-01
3.030268173e+00,7.09154e-11,9.99999e-01,7.62362e-11,9.99720e-01,9.30465e-01
3.045419514e+00,2.95332e-12,9.99999e-01,3.21045e-12,9.99726e-01,9.20159e-01
3.060646612e+00,2.90854e-08,9.99999e-01,3.21538e-08,9.99731e-01,9.04813e-01
3.075949845e+00,5.62695e-08,9.99999e-01,6.29087e-08,9.99737e-01,8.94696e-01
3.091329594e+00,1.89292e-07,9.99999e-01,2.13032e-07,9.99742e-01,8.88789e-01
3.106786242e+00,7.92061e-07,9.99999e-01,8.91074e-07,9.99747e-01,8.89107e-01
3.122320173e+00,8.00719e-06,9.99999e-01,8.94497e-06,9.99752e-01,8.95382e-01
3.137931774e+00,9.15084e-06,9.99999e-01,1.00831e-05,9.99757e-01,9.07758e-01
3.153621433e+00,6.57414e-04,9.99999e-01,7.17486e-04,9.99762e-01,9.16491e-01
3.169389540e+00,1.27551e-03,9.99999e-01,1.39663e-03,9.99766e-01,9.13486e-01
3.185236488e+00,4.11035e-04,9.99999e-01,4.56440e-04,9.99771e-01,9.00729e-01
3.201162670e+00,2.66830e-07,9.99999e-01,3.00164e-07,9.99775e-01,8.89148e-01
3.217168483e+00,6.33685e-06,9.99999e-01,7.20249e-06,9.99780e-01,8.80006e-01
3.233254326e+00,3.80785e-04,9.99999e-01,4.31741e-04,9.99784e-01,8.82165e-01
3.249420598e+00,5.68802e-03,9.99999e-01,6.36532e-03,9.99788e-01,8.93782e-01
3.265667701e+00,3.72290e-04,9.99999e-01,4.11017e-04,9.99793e-01,9.05965e-01
3.281996039e+00,1.26261e-03,9.99999e-01,1.37199e-03,9.99797e-01,9.20463e-01
3.298406019e+00,7.67666e-05,9.99999e-01,8.20852e-05,9.99801e-01,9.35392e-01
3.314898049e+00,3.89991e-05,9.99999e-01,4.10008e-05,9.99805e-01,9.51362e-01
3.331472540e+00,1.69936e-04,9.99999e-01,1.76141e-04,9.99808e-01,9.64953e-01
3.348129902e+00,8.67078e-05,9.99999e-01,8.89742e-05,9.99812e-01,9.74709e-01
3.364870552e+00,4.40509e-04,9.99999e-01,4.56640e-04,9.99816e-01,9.64850e-01
3.381694905e+00,1.84390e-03,9.99999e-01,1.88966e-03,9.99819e-01,9.75955e-01
3.398603379e+00,5.73414e-03,9.99999e-01,5.87160e-03,9.99823e-01,9.76761e-01
3.415596396e+00,2.54544e-02,9.99999e-01,2.60298e-02,9.99826e-01,9.78066e-01
3.432674378e+00,2.92140e-02,9.99999e-01,2.95791e-02,9.99830e-01,9.87820e-01
3.449837750e+00,8.48586e-02,9.99999e-01,8.55798e-02,9.99833e-01,9.91737e-01
3.467086939e+00,1.80784e-01,9.99999e-01,1.82523e-01,9.99836e-01,9.90632e-01
3.484422373e+00,1.93127e-01,9.99999e-01,1.95203e-01,9.99840e-01,9.89522e-01
3.501844485e+00,3.86814e-01,9.99999e-01,3.89605e-01,9.99843e-01,9.92992e-01
3.519353708e+00,4.55365e-01,9.99999e-01,4.56608e-01,9.99846e-01,9.97429e-01
3.536950476e+00,4.88480e-01,9.99999e-01,4.89262e-01,9.99849e-01,9.98552e-01
3.554635228e+00,6.41720e-01,9.99999e-01,6.43294e-01,9.99852e-01,9.97700e-01
3.572408405e+00,6.50165e-01,9.99999e-01,6.52126e-01,9.99855e-01,9.97136e-01
3.590270447e+00,7.39165e-01,9.99999e-01,7.41650e-01,9.99858e-01,9.96789e-01
3.608221799e+00,7.89287e-01,9.99999e-01,7.92810e-01,9.99860e-01,9.95693e-01
3.626262908e+00,8.15501e-01,9.99999e-01,8.19927e-01,9.99863e-01,9.94736e-01
3.644394222e+00,8.81496e-01,9.99999e-01,8.87851e-01,9.99866e-01,9.92973e-01
3.662616193e+00,8.14577e-01,9.99999e-01,8.21976e-01,9.99868e-01,9.91127e-01
3.680929274e+00,7.18524e-01,9.99999e-01,7.26881e-01,9.99871e-01,9.88629e-01
3.699333921e+00,8.48555e-01,9.99999e-01,8.60995e-01,9.99874e-01,9.85675e-01
3.717830590e+00,8.73517e-01,9.99998e-01,8.89778e-01,9.99876e-01,9.81845e-01
3.736419743e+00,8.51516e-01,9.99998e-01,8.72189e-01,9.99878e-01,9.76415e-01
3.755101842e+00,8.38247e-01,9.99996e-01,8.63539e-01,9.99881e-01,9.70828e-01
3.773877351e+00,8.53355e-01,9.99994e-01,8.86050e-01,9.99883e-01,9.63216e-01
3.792746738e+00,8.23202e-01,9.99990e-01,8.64217e-01,9.99885e-01,9.52657e-01
3.811710472e+00,7.86190e-01,9.99980e-01,8.36141e-01,9.99888e-01,9.40381e-01
3.830769024e+00,7.62821e-01,9.99970e-01,8.24381e-01,9.99890e-01,9.25452e-01
3.849922869e+00,6.86158e-01,9.99946e-01,7.56941e-01,9.99892e-01,9.06630e-01
3.869172484e+00,6.41504e-01,9.99923e-01,7.26143e-01,9.99894e-01,8.83594e-01
3.888518346e+00,7.10075e-01,9.99866e-01,8.32164e-01,9.99896e-01,8.53486e-01
3.907960938e+00,6.64141e-01,9.99836e-01,8.15078e-01,9.99898e-01,8.15028e-01
3.927500742e+00,2.64765e-01,9.99717e-01,3.45028e-01,9.99900e-01,7.67589e-01
3.947138246e+00,3.25201e-01,9.99604e-01,4.58325e-01,9.99902e-01,7.09844e-01
3.966873937e+00,1.19422e-01,9.99547e-01,1.86340e-01,9.99904e-01,6.41111e-01
3.986708307e+00,3.98524e-01,9.99266e-01,7.06470e-01,9.99906e-01,5.64520e-01
4.006641849e+00,4.25435e-01,9.99036e-01,8.80784e-01,9.99908e-01,4.83509e-01
4.026675058e+00,3.48330e-01,9.99207e-01,8.62812e-01,9.99910e-01,4.04062e-01
4.046808433e+00,2.78202e-01,9.99166e-01,8.36696e-01,9.99911e-01,3.32798e-01
4.067042475e+00,2.22555e-01,9.98813e-01,8.13881e-01,9.99913e-01,2.73787e-01
4.087377688e+00,1.82556e-01,9.98609e-01,8.01988e-01,9.99915e-01,2.27952e-01
4.107814576e+00,1.44327e-01,9.98375e-01,7.36656e-01,9.99917e-01,1.96241e-01
4.128353649e+00,1.09908e-01,9.98361e-01,6.19425e-01,9.99918e-01,1.77719e-01
4.148995417e+00,9.39001e-02,9.98867e-01,5.54304e-01,9.99920e-01,1.69584e-01
4.169740394e+00,6.64923e-02,9.98951e-01,3.89153e-01,9.99921e-01,1.71033e-01
4.190589096e+00,5.69745e-02,9.99026e-01,3.19532e-01,9.99923e-01,1.78460e-01
4.211542042e+00,3.04161e-02,9.99098e-01,1.68595e-01,9.99924e-01,1.80550e-01
4.232599752e+00,2.34576e-02,9.99451e-01,1.39331e-01,9.99926e-01,1.68442e-01
4.253762751e+00,1.11458e-02,9.99615e-01,8.22513e-02,9.99927e-01,1.35560e-01
4.275031564e+00,2.89471e-03,9.99367e-01,3.21111e-02,9.99929e-01,9.01950e-02
4.296406722e+00,9.86577e-04,9.93858e-01,1.25390e-02,9.99930e-01,7.89865e-02
4.317888756e+00,2.14989e-03,9.98794e-01,1.91860e-02,9.99931e-01,1.12162e-01
4.339478200e+00,1.28898e-03,9.99287e-01,7.15267e-03,9.99933e-01,1.80312e-01
4.361175591e+00,1.02844e-03,9.99423e-01,4.30505e-03,9.99934e-01,2.38989e-01
4.382981469e+00,1.15669e-03,9.99387e-01,4.20583e-03,9.99935e-01,2.75130e-01
4.404896376e+00,1.11851e-03,9.99143e-01,3.75721e-03,9.99937e-01,2.97822e-01
4.426920858e+00,4.62752e-04,9.99134e-01,1.45315e-03,9.99938e-01,3.18556e-01
4.449055462e+00,1.01096e-03,9.99399e-01,2.94260e-03,9.99939e-01,3.43714e-01
4.471300739e+00,2.96593e-04,9.99371e-01,7.87873e-04,9.99940e-01,3.76580e-01
4.493657243e+00,1.04162e-03,9.99456e-01,2.49156e-03,9.99941e-01,4.18237e-01
4.516125529e+00,2.02014e-04,9.99483e-01,4.32748e-04,9.99943e-01,4.66946e-01
4.538706157e+00,1.42586e-03,9.99387e-01,2.72981e-03,9.99944e-01,5.22469e-01
4.561399688e+00,1.60066e-03,9.99570e-01,2.75272e-03,9.99945e-01,5.81611e-01
4.584206686e+00,2.72442e-03,9.99661e-01,4.25126e-03,9.99946e-01,6.40990e-01
4.607127720e+00,1.29434e-03,9.99666e-01,1.85362e-03,9.99947e-01,6.98392e-01
4.630163358e+00,1.50678e-05,9.99790e-01,2.00491e-05,9.99948e-01,7.51653e-01
4.653314175e+00,8.49046e-06,9.99801e-01,1.06465e-05,9.99949e-01,7.97584e-01
4.676580746e+00,6.62912e-07,9.99809e-01,7.92859e-07,9.99950e-01,8.36190e-01
4.699963650e+00,4.24420e-06,9.99897e-01,4.88927e-06,9.99951e-01,8.68146e-01
4.723463468e+00,1.30855e-07,9.99876e-01,1.46469e-07,9.99952e-01,8.93468e-01
4.747080785e+00,1.36223e-05,9.99936e-01,1.49288e-05,9.99953e-01,9.12556e-01
4.770816189e+00,6.84288e-07,9.99940e-01,7.38303e-07,9.99954e-01,9.26901e-01
4.794670270e+00,1.05173e-09,9.99937e-01,1.12181e-09,9.99955e-01,9.37590e-01
4.818643622e+00,2.00961e-10,9.99970e-01,2.12627e-10,9.99955e-01,9.45190e-01
4.842736840e+00,1.39377e-09,9.99972e-01,1.46801e-09,9.99956e-01,9.49482e-01
4.866950524e+00,8.80302e-09,9.99984e-01,9.25905e-09,9.99957e-01,9.50793e-01
4.891285276e+00,1.03306e-11,9.99986e-01,1.08833e-11,9.99958e-01,9.49263e-01
4.915741703e+00,4.67090e-11,9.99990e-01,4.93366e-11,9.99959e-01,9.46783e-01
4.940320411e+00,3.11834e-12,9.99992e-01,3.31445e-12,9.99960e-01,9.40870e-01
4.965022013e+00,1.15246e-16,9.99993e-01,1.23460e-16,9.99960e-01,9.33508e-01
4.989847123e+00,1.19034e-14,9.99996e-01,1.28528e-14,9.99961e-01,9.26169e-01
5.014796359e+00,2.12538e-17,9.99995e-01,2.32174e-17,9.99962e-01,9.15459e-01
5.039870341e+00,2.44673e-17,9.99997e-01,2.71039e-17,9.99963e-01,9.02753e-01
5.065069693e+00,3.34060e-17,9.99997e-01,3.78355e-17,9.99963e-01,8.82959e-01
5.090395041e+00,2.46000e-25,9.99999e-01,2.85174e-25,9.99964e-01,8.62662e-01
5.115847016e+00,1.14611e-25,9.99999e-01,1.37035e-25,9.99965e-01,8.36395e-01
5.141426251e+00,1.94555e-33,9.99998e-01,2.42739e-33,9.99965e-01,8.01525e-01
5.167133383e+00,1.36631e-38,9.99999e-01,1.77676e-38,9.99966e-01,7.69012e-01
5.192969049e+00,1.58957e-38,9.99999e-01,2.16963e-38,9.99967e-01,7.32668e-01
5.218933895e+00,3.77839e-61,9.99999e-01,5.49844e-61,9.99967e-01,6.87196e-01
5.245028564e+00,1.61676e-46,9.99999e-01,2.55891e-46,9.99968e-01,6.31836e-01
5.271253707e+00,4.02071e-48,9.99999e-01,7.12992e-48,9.99969e-01,5.63938e-01
5.297609976e+00,9.71708e-59,9.99999e-01,1.97509e-58,9.99969e-01,4.91994e-01
5.324098025e+00,4.16697e-59,9.99999e-01,9.99550e-59,9.99970e-01,4.16897e-01
5.350718516e+00,1.00019e-72,9.99999e-01,3.01703e-72,9.99970e-01,3.31525e-01
5.377472108e+00,5.69871e-76,9.99999e-01,2.14581e-75,9.99971e-01,2.65582e-01
5.404359469e+00,4.60501e-76,9.99999e-01,2.24211e-75,9.99971e-01,2.05392e-01
5.431381266e+00,2.48601e-141,9.99999e-01,1.53483e-140,9.99972e-01,1.61978e-01
5.458538172e+00,1.80837e-141,9.99999e-01,1.52801e-140,9.99973e-01,1.18351e-01
5.485830863e+00,3.11454e-152,9.99999e-01,4.01613e-151,9.99973e-01,7.75526e-02
5.513260018e+00,6.07275e-161,9.99999e-01,1.22847e-159,9.99974e-01,4.94348e-02
5.540826318e+00,1.67043e-168,9.99999e-01,5.80747e-167,9.99974e-01,2.87641e-02
5.568530449e+00,1.74900e-264,9.99999e-01,1.11278e-262,9.99975e-01,1.57178e-02
5.596373101e+00,9.47914e-253,9.99999e-01,1.15458e-250,9.99975e-01,8.21020e-03
5.624354967e+00,6.64794e-229,9.99999e-01,1.66305e-226,9.99976e-01,3.99753e-03
5.652476742e+00,1.45489e-249,9.99999e-01,8.18654e-247,9.99976e-01,1.77721e-03
5.680739126e+00,2.76922e-288,9.99999e-01,3.89185e-285,9.99976e-01,7.11559e-04
5.709142821e+00,1.44701e-314,9.99999e-01,5.38717e-311,9.99977e-01,2.68609e-04
5.737688535e+00,7.05576e-306,9.99999e-01,8.92551e-302,9.99977e-01,7.90532e-05
5.766376978e+00,3.64238e-233,9.99999e-01,1.92551e-228,9.99978e-01,1.89168e-05
5.795208863e+00,3.96909e-214,9.99999e-01,1.09650e-208,9.99978e-01,3.61985e-06
5.824184907e+00,3.09613e-260,9.99999e-01,4.82543e-254,9.99979e-01,6.41640e-07
5.853305832e+00,3.84443e-257,9.99999e-01,2.98333e-250,9.99979e-01,1.28866e-07
5.882572361e+00,2.33513e-315,9.99999e-01,7.13183e-308,9.99979e-01,3.27429e-08
5.911985223e+00,4.50394e-304,9.99999e-01,4.76711e-296,9.99980e-01,9.44812e-09
5.941545149e+00,7.60607e-313,9.99999e-01,2.47468e-304,9.99980e-01,3.07361e-09
5.971252874e+00,5.07129e-271,9.99999e-01,3.24426e-262,9.99981e-01,1.56319e-09
6.001109139e+00,3.08247e-185,9.99999e-01,2.42864e-176,9.99981e-01,1.26924e-09
6.031114685e+00,1.29785e-202,9.99999e-01,8.01262e-194,9.99981e-01,1.61978e-09
6.061270258e+00,3.24373e-201,9.99999e-01,1.04128e-192,9.99982e-01,3.11519e-09
6.091576609e+00,1.03212e-171,9.99999e-01,1.39473e-163,9.99982e-01,7.40026e-09
6.122034492e+00,6.65379e-110,9.99999e-01,3.01825e-102,9.99982e-01,2.20455e-08
6.152644665e+00,4.81071e-111,9.99999e-01,6.48677e-104,9.99983e-01,7.41630e-08
6.183407888e+00,3.56744e-75,9.99999e-01,1.68917e-68,9.99983e-01,2.11198e-07
6.214324928e+00,1.21329e-52,9.99999e-01,3.10077e-46,9.99983e-01,3.91293e-07
6.245396552e+00,1.89927e-38,9.99999e-01,4.88838e-32,9.99984e-01,3.88534e-07
6.276623535e+00,3.15986e-39,9.99999e-01,1.51125e-32,9.99984e-01,2.09092e-07
6.308006653e+00,1.61743e-39,9.99999e-01,2.20732e-32,9.99984e-01,7.32767e-08
6.339546686e+00,3.11952e-78,9.99999e-01,1.52503e-70,9.99984e-01,2.04557e-08
6.371244419e+00,2.13255e-163,9.99999e-01,3.91540e-155,9.99985e-01,5.44665e-09
6.403100641e+00,5.38479e-229,9.99999e-01,3.37494e-220,9.99985e-01,1.59554e-09
6.435116145e+00,0.00000e+00,9.99999e-01,0.00000e+00,9.99985e-01,7.25688e-10
6.467291725e+00,0.00000e+00,9.99999e-01,0.00000e+00,9.99986e-01,5.05810e-10
6.499628184e+00,0.00000e+00,9.99999e-01,0.00000e+00,9.99986e-01,5.40451e-10
6.532126325e+00,0.00000e+00,9.99999e-01,0.00000e+00,9.99986e-01,8.82681e-10
6.564786956e+00,0.00000e+00,9.99999e-01,0.00000e+00,9.99986e-01,2.61364e-09
6.597610891e+00,0.00000e+00,9.99999e-01,0.00000e+00,9.99987e-01,9.88555e-09
6.630598946e+00,0.00000e+00,9.99999e-01,0.00000e+00,9.99987e-01,4.20553e-08
6.663751940e+00,0.00000e+00,9.99999e-01,0.00000e+00,9.99987e-01,1.78020e-07
6.697070700e+00,0.00000e+00,9.99999e-01,0.00000e+00,9.99987e-01,7.40032e-07
6.730556054e+00,9.16191e-270,9.99999e-01,3.17614e-264,9.99988e-01,2.88463e-06
6.764208834e+00,3.51078e-269,9.99999e-01,3.17491e-264,9.99988e-01,1.10580e-05
6.798029878e+00,0.00000e+00,9.99999e-01,0.00000e+00,9.99988e-01,4.40510e-05
6.832020027e+00,0.00000e+00,9.99999e-01,0.00000e+00,9.99988e-01,1.39203e-04
6.866180128e+00,0.00000e+00,9.99999e-01,0.00000e+00,9.99988e-01,3.93381e-04
6.900511028e+00,1.64826e-215,9.99999e-01,1.61642e-212,9.99989e-01,1.01971e-03
6.935013583e+00,4.06547e-215,9.99999e-01,1.62853e-212,9.99989e-01,2.49643e-03
6.969688651e+00,3.55081e-270,9.99999e-01,6.14923e-268,9.99989e-01,5.77445e-03
7.004537095e+00,9.94345e-267,9.99999e-01,7.89388e-265,9.99989e-01,1.25965e-02
7.039559780e+00,1.30238e-288,9.99999e-01,5.06291e-287,9.99989e-01,2.57241e-02
7.074757579e+00,2.56286e-226,9.99999e-01,5.63527e-225,9.99990e-01,4.54794e-02
7.110131367e+00,3.13789e-224,9.99999e-01,4.13790e-223,9.99990e-01,7.58334e-02
7.145682024e+00,3.98967e-251,9.99999e-01,3.33492e-250,9.99990e-01,1.19634e-01
7.181410434e+00,3.51874e-320,9.99999e-01,2.01233e-319,9.99990e-01,1.74866e-01
7.217317486e+00,1.56881e-235,9.99999e-01,6.55620e-235,9.99990e-01,2.39288e-01
7.253404073e+00,2.03795e-235,9.99999e-01,6.50565e-235,9.99991e-01,3.13261e-01
7.289671094e+00,9.79350e-206,9.99999e-01,2.51353e-205,9.99991e-01,3.89634e-01
7.326119449e+00,4.22238e-205,9.99999e-01,9.00813e-205,9.99991e-01,4.68733e-01
7.362750046e+00,8.10244e-149,9.99999e-01,1.47549e-148,9.99991e-01,5.49140e-01
7.399563797e+00,3.48328e-122,9.99999e-01,5.61225e-122,9.99991e-01,6.20661e-01
7.436561616e+00,2.83553e-132,9.99999e-01,4.16175e-132,9.99991e-01,6.81336e-01
7.473744424e+00,2.07870e-124,9.99999e-01,2.81354e-124,9.99991e-01,7.38826e-01
7.511113146e+00,4.15158e-108,9.99999e-01,5.25071e-108,9.99992e-01,7.90674e-01
7.548668712e+00,2.30333e-112,9.99999e-01,2.78394e-112,9.99992e-01,8.27371e-01
7.586412055e+00,1.44740e-204,9.99999e-01,1.68427e-204,9.99992e-01,8.59370e-01
7.624344115e+00,2.64418e-99,9.99999e-01,2.98510e-99,9.99992e-01,8.85799e-01
7.662465836e+00,3.22656e-61,9.99999e-01,3.56204e-61,9.99992e-01,9.05825e-01
7.700778165e+00,1.71376e-61,9.99999e-01,1.85708e-61,9.99992e-01,9.22833e-01
7.739282056e+00,6.94235e-102,9.99999e-01,7.42312e-102,9.99992e-01,9.35239e-01
7.777978466e+00,1.44030e-69,9.99999e-01,1.52155e-69,9.99993e-01,9.46609e-01
7.816868359e+00,5.71225e-57,9.99999e-01,5.96983e-57,9.99993e-01,9.56859e-01
7.855952700e+00,2.74684e-57,9.99999e-01,2.85075e-57,9.99993e-01,9.63552e-01
7.895232464e+00,8.29563e-57,9.99999e-01,8.56156e-57,9.99993e-01,9.68944e-01
7.934708626e+00,7.41685e-34,9.99999e-01,7.61880e-34,9.99993e-01,9.73498e-01
7.974382169e+00,4.82934e-26,9.99999e-01,4.94475e-26,9.99993e-01,9.76664e-01
8.014254080e+00,1.33952e-26,9.99999e-01,1.36719e-26,9.99993e-01,9.79762e-01
8.054325351e+00,5.20106e-25,9.99999e-01,5.29228e-25,9.99993e-01,9.82767e-01
8.094596977e+00,1.64963e-20,9.99999e-01,1.67380e-20,9.99994e-01,9.85561e-01
8.135069962e+00,5.15562e-20,9.99999e-01,5.21765e-20,9.99994e-01,9.88117e-01
8.175745312e+00,1.11498e-20,9.99999e-01,1.12639e-20,9.99994e-01,9.89878e-01
8.216624039e+00,5.35276e-17,9.99999e-01,5.39970e-17,9.99994e-01,9.91311e-01
8.257707159e+00,4.18706e-11,9.99999e-01,4.21872e-11,9.99994e-01,9.92498e-01
8.298995695e+00,5.66137e-10,9.99999e-01,5.70002e-10,9.99994e-01,9.93223e-01
8.340490673e+00,2.02788e-11,9.99999e-01,2.04029e-11,9.99994e-01,9.93921e-01
8.382193126e+00,1.44526e-08,9.99999e-01,1.45304e-08,9.99994e-01,9.94650e-01
8.424104092e+00,2.73236e-09,9.99999e-01,2.74524e-09,9.99994e-01,9.95311e-01
8.466224613e+00,4.16155e-09,9.99999e-01,4.17859e-09,9.99994e-01,9.95925e-01
8.508555736e+00,4.86498e-08,9.99999e-01,4.88292e-08,9.99995e-01,9.96329e-01
8.551098514e+00,1.02502e-05,9.99999e-01,1.02843e-05,9.99995e-01,9.96684e-01
8.593854007e+00,5.80472e-04,9.99999e-01,5.82264e-04,9.99995e-01,9.96926e-01
8.636823277e+00,9.83126e-04,9.99999e-01,9.85911e-04,9.99995e-01,9.97178e-01
8.680007393e+00,3.12659e-05,9.99999e-01,3.13462e-05,9.99995e-01,9.97441e-01
8.723407430e+00,1.23579e-04,9.99999e-01,1.23863e-04,9.99995e-01,9.97708e-01
8.767024467e+00,3.25385e-05,9.99999e-01,3.26046e-05,9.99995e-01,9.97976e-01
8.810859590e+00,3.56190e-04,9.99999e-01,3.56862e-04,9.99995e-01,9.98122e-01
8.854913888e+00,1.24413e-02,9.99999e-01,1.24631e-02,9.99995e-01,9.98257e-01
8.899188457e+00,7.98624e-03,9.99999e-01,7.99937e-03,9.99995e-01,9.98361e-01
8.943684399e+00,1.33743e-03,9.99999e-01,1.33951e-03,9.99995e-01,9.98452e-01
8.988402821e+00,8.46143e-04,9.99999e-01,8.47394e-04,9.99995e-01,9.98527e-01
9.033344836e+00,3.91285e-04,9.99999e-01,3.91832e-04,9.99995e-01,9.98606e-01
9.078511560e+00,1.95406e-03,9.99999e-01,1.95663e-03,9.99996e-01,9.98689e-01
9.123904118e+00,1.06038e-02,9.99999e-01,1.06173e-02,9.99996e-01,9.98729e-01
9.169523638e+00,7.82655e-03,9.99999e-01,7.83629e-03,9.99996e-01,9.98759e-01
9.215371256e+00,4.85567e-02,9.99999e-01,4.86159e-02,9.99996e-01,9.98784e-01
9.261448113e+00,3.73944e-02,9.99999e-01,3.74391e-02,9.99996e-01,9.98809e-01
9.307755353e+00,8.86994e-03,9.99999e-01,8.88039e-03,9.99996e-01,9.98825e-01
9.354294130e+00,4.87923e-03,9.99999e-01,4.88493e-03,9.99996e-01,9.98834e-01
9.401065601e+00,1.92931e-04,9.99999e-01,1.93158e-04,9.99996e-01,9.98827e-01
9.448070929e+00,2.45891e-03,9.99999e-01,2.46184e-03,9.99996e-01,9.98812e-01
9.495311283e+00,3.06583e-02,9.99999e-01,3.06957e-02,9.99996e-01,9.98784e-01
9.542787840e+00,7.30599e-02,9.99999e-01,7.31514e-02,9.99996e-01,9.98751e-01
9.590501779e+00,1.65708e-02,9.99999e-01,1.65921e-02,9.99996e-01,9.98714e-01
9.638454288e+00,1.60549e-02,9.99999e-01,1.60761e-02,9.99996e-01,9.98678e-01
9.686646559e+00,2.03517e-02,9.99999e-01,2.03795e-02,9.99996e-01,9.98641e-01
9.735079792e+00,5.50090e-02,9.99999e-01,5.50864e-02,9.99996e-01,9.98596e-01
9.783755191e+00,3.21285e-02,9.99999e-01,3.21753e-02,9.99996e-01,9.98545e-01
9.832673967e+00,1.07354e-03,9.99999e-01,1.07517e-03,9.99996e-01,9.98485e-01
9.881837337e+00,8.70768e-06,9.99999e-01,8.72147e-06,9.99997e-01,9.98421e-01
9.931246523e+00,8.39888e-03,9.99999e-01,8.41279e-03,9.99997e-01,9.98348e-01
9.980902756e+00,3.08706e-02,9.99999e-01,3.09241e-02,9.99997e-01,9.98272e-01
1.003080727e+01,3.06441e-02,9.99999e-01,3.06998e-02,9.99997e-01,9.98189e-01
1.008096131e+01,4.90090e-02,9.99999e-01,4.91022e-02,9.99997e-01,9.98104e-01
1.013136611e+01,1.02126e-01,9.99999e-01,1.02330e-01,9.99997e-01,9.98013e-01
1.018202294e+01,1.26168e-01,9.99999e-01,1.26431e-01,9.99997e-01,9.97918e-01
1.023293306e+01,3.41191e-02,9.99999e-01,3.41939e-02,9.99997e-01,9.97814e-01
1.028409772e+01,2.18432e-03,9.99999e-01,2.18935e-03,9.99997e-01,9.97704e-01
1.033551821e+01,9.11074e-04,9.99999e-01,9.13278e-04,9.99997e-01,9.97588e-01
1.038719580e+01,7.33615e-05,9.99999e-01,7.35478e-05,9.99997e-01,9.97467e-01
1.043913178e+01,6.29674e-05,9.99999e-01,6.31357e-05,9.99997e-01,9.97336e-01
1.049132744e+01,3.03362e-03,9.99999e-01,3.04215e-03,9.99997e-01,9.97195e-01
1.054378408e+01,7.92909e-03,9.99999e-01,7.95256e-03,9.99997e-01,9.97049e-01
1.059650300e+01,6.03403e-03,9.99999e-01,6.05283e-03,9.99997e-01,9.96896e-01
1.064948551e+01,3.77952e-03,9.99999e-01,3.79190e-03,9.99997e-01,9.96736e-01
1.070273294e+01,5.48125e-04,9.99999e-01,5.50017e-04,9.99997e-01,9.96562e-01
1.075624661e+01,5.94007e-04,9.99999e-01,5.96162e-04,9.99997e-01,9.96385e-01
1.081002784e+01,8.26999e-04,9.99999e-01,8.30156e-04,9.99997e-01,9.96198e-01
1.086407798e+01,1.69689e-05,9.99999e-01,1.70369e-05,9.99997e-01,9.96011e-01
1.091839837e+01,2.61657e-07,9.99999e-01,2.62763e-07,9.99997e-01,9.95795e-01
1.097299036e+01,1.62108e-11,9.99999e-01,1.62828e-11,9.99997e-01,9.95578e-01
1.102785531e+01,3.21412e-13,9.99999e-01,3.22916e-13,9.99997e-01,9.95344e-01
1.108299459e+01,6.10942e-06,9.99999e-01,6.13947e-06,9.99997e-01,9.95105e-01
1.113840956e+01,4.04114e-04,9.99999e-01,4.06206e-04,9.99997e-01,9.94852e-01
1.119410161e+01,1.67405e-03,9.99999e-01,1.68316e-03,9.99998e-01,9.94588e-01
1.125007212e+01,1.96036e-04,9.99999e-01,1.97158e-04,9.99998e-01,9.94310e-01
1.130632248e+01,1.20664e-04,9.99999e-01,1.21391e-04,9.99998e-01,9.94006e-01
1.136285409e+01,7.46313e-04,9.99999e-01,7.51045e-04,9.99998e-01,9.93700e-01
1.141966836e+01,1.26881e-03,9.99999e-01,1.27727e-03,9.99998e-01,9.93377e-01
1.147676670e+01,3.03051e-04,9.99999e-01,3.05171e-04,9.99998e-01,9.93053e-01
1.153415054e+01,1.53728e-05,9.99999e-01,1.54858e-05,9.99998e-01,9.92702e-01
1.159182129e+01,2.85355e-08,9.99999e-01,2.87557e-08,9.99998e-01,9.92342e-01
1.164978039e+01,6.99362e-11,9.99999e-01,7.05029e-11,9.99998e-01,9.91962e-01
1.170802930e+01,2.26456e-14,9.99999e-01,2.28384e-14,9.99998e-01,9.91558e-01
1.176656944e+01,6.48435e-09,9.99999e-01,6.54229e-09,9.99998e-01,9.91145e-01
1.182540229e+01,1.34090e-06,9.99999e-01,1.35352e-06,9.99998e-01,9.90679e-01
1.188452930e+01,1.65778e-06,9.99999e-01,1.67416e-06,9.99998e-01,9.90211e-01
1.194395195e+01,5.59414e-06,9.99999e-01,5.65245e-06,9.99998e-01,9.89685e-01
1.200367171e+01,6.34636e-05,9.99999e-01,6.41606e-05,9.99998e-01,9.89137e-01
1.206369007e+01,6.41250e-06,9.99999e-01,6.48667e-06,9.99998e-01,9.88566e-01
1.212400852e+01,6.07881e-05,9.99999e-01,6.15294e-05,9.99998e-01,9.87952e-01
1.218462856e+01,5.23458e-05,9.99999e-01,5.30172e-05,9.99998e-01,9.87336e-01
1.224555170e+01,5.01009e-07,9.99999e-01,5.07755e-07,9.99998e-01,9.86713e-01
1.230677946e+01,2.10345e-11,9.99999e-01,2.13313e-11,9.99998e-01,9.86088e-01
1.236831336e+01,2.71468e-13,9.99999e-01,2.75480e-13,9.99998e-01,9.85434e-01
1.243015492e+01,3.75688e-23,9.99999e-01,3.81507e-23,9.99998e-01,9.84745e-01
1.249230570e+01,9.02296e-22,9.99999e-01,9.16917e-22,9.99998e-01,9.84054e-01
1.255476723e+01,5.67102e-19,9.99999e-01,5.76727e-19,9.99998e-01,9.83311e-01
1.261754106e+01,1.42170e-09,9.99999e-01,1.44694e-09,9.99998e-01,9.82562e-01
1.268062877e+01,3.67885e-08,9.99999e-01,3.74720e-08,9.99998e-01,9.81760e-01
1.274403191e+01,3.30336e-08,9.99999e-01,3.36772e-08,9.99998e-01,9.80890e-01
1.280775207e+01,3.34100e-07,9.99999e-01,3.40913e-07,9.99998e-01,9.80016e-01
1.287179083e+01,1.36047e-08,9.99999e-01,1.38956e-08,9.99998e-01,9.79062e-01
1.293614979e+01,2.77998e-08,9.99999e-01,2.84224e-08,9.99998e-01,9.78095e-01
1.300083054e+01,1.28801e-10,9.99999e-01,1.31819e-10,9.99998e-01,9.77109e-01
1.306583469e+01,4.36898e-13,9.99999e-01,4.47602e-13,9.99998e-01,9.76086e-01
1.313116386e+01,1.12796e-13,9.99999e-01,1.15681e-13,9.99998e-01,9.75060e-01
1.319681968e+01,1.17861e-14,9.99999e-01,1.21014e-14,9.99998e-01,9.73948e-01
1.326280378e+01,9.19379e-22,9.99999e-01,9.45092e-22,9.99998e-01,9.72793e-01
1.332911780e+01,4.64394e-24,9.99999e-01,4.77953e-24,9.99998e-01,9.71630e-01
1.339576339e+01,1.08383e-24,9.99999e-01,1.11707e-24,9.99998e-01,9.70246e-01
1.346274221e+01,1.24677e-36,9.99999e-01,1.28685e-36,9.99998e-01,9.68857e-01
1.353005592e+01,2.26232e-19,9.99999e-01,2.33865e-19,9.99998e-01,9.67363e-01
1.359770620e+01,5.14400e-18,9.99999e-01,5.32690e-18,9.99998e-01,9.65663e-01
1.366569473e+01,1.66002e-17,9.99999e-01,1.72209e-17,9.99998e-01,9.63958e-01
1.373402320e+01,4.89264e-13,9.99999e-01,5.08481e-13,9.99998e-01,9.62207e-01
1.380269332e+01,2.48458e-12,9.99999e-01,2.58696e-12,9.99998e-01,9.60424e-01
1.387170678e+01,1.48578e-15,9.99999e-01,1.54989e-15,9.99998e-01,9.58636e-01
1.394106532e+01,1.65891e-18,9.99999e-01,1.73373e-18,9.99998e-01,9.56843e-01
1.401077064e+01,1.31601e-21,9.99999e-01,1.37796e-21,9.99998e-01,9.55045e-01
1.408082450e+01,4.44712e-22,9.99999e-01,4.66528e-22,9.99998e-01,9.53238e-01
1.415122862e+01,7.67620e-31,9.99999e-01,8.06901e-31,9.99998e-01,9.51318e-01
1.422198476e+01,1.06943e-41,9.99999e-01,1.12643e-41,9.99998e-01,9.49393e-01
1.429309469e+01,4.54044e-41,9.99999e-01,4.79251e-41,9.99998e-01,9.47402e-01
1.436456016e+01,2.15494e-50,9.99999e-01,2.28000e-50,9.99998e-01,9.45149e-01
1.443638296e+01,1.15959e-58,9.99999e-01,1.22983e-58,9.99998e-01,9.42891e-01
1.450856487e+01,9.57452e-39,9.99999e-01,1.01795e-38,9.99998e-01,9.40571e-01
1.458110770e+01,3.33608e-28,9.99999e-01,3.55613e-28,9.99998e-01,9.38121e-01
1.465401324e+01,5.95987e-26,9.99999e-01,6.36966e-26,9.99998e-01,9.35665e-01
1.472728330e+01,1.25789e-25,9.99999e-01,1.34804e-25,9.99999e-01,9.33123e-01
1.480091972e+01,9.15690e-28,9.99999e-01,9.84145e-28,9.99999e-01,9.30441e-01
1.487492432e+01,7.41456e-48,9.99999e-01,7.99194e-48,9.99999e-01,9.27753e-01
1.494929894e+01,1.92631e-37,9.99999e-01,2.08273e-37,9.99999e-01,9.24895e-01
1.502404544e+01,8.10662e-32,9.99999e-01,8.79442e-32,9.99999e-01,9.21791e-01
1.509916566e+01,6.89506e-31,9.99999e-01,7.50538e-31,9.99999e-01,9.18682e-01
1.517466149e+01,4.22299e-33,9.99999e-01,4.61296e-33,9.99999e-01,9.15461e-01
1.525053480e+01,8.80886e-31,9.99999e-01,9.65811e-31,9.99999e-01,9.12069e-01
1.532678747e+01,1.60196e-35,9.99999e-01,1.76297e-35,9.99999e-01,9.08672e-01
1.540342141e+01,1.70650e-45,9.99999e-01,1.92521e-45,9.99999e-01,8.86398e-01
1.548043852e+01,1.19074e-50,9.99999e-01,1.35083e-50,9.99999e-01,8.81490e-01
1.555784071e+01,1.79499e-63,9.99999e-01,2.04622e-63,9.99999e-01,8.77224e-01
1.563562991e+01,1.13854e-95,9.99999e-01,1.30432e-95,9.99999e-01,8.72897e-01
1.571380806e+01,1.06551e-96,9.99999e-01,1.22698e-96,9.99999e-01,8.68403e-01
1.579237710e+01,2.32291e-69,9.99999e-01,2.68887e-69,9.99999e-01,8.63895e-01
1.587133899e+01,3.84156e-61,9.99999e-01,4.47051e-61,9.99999e-01,8.59309e-01
1.595069568e+01,6.20479e-66,9.99999e-01,7.26723e-66,9.99999e-01,8.53803e-01
1.603044916e+01,1.63127e-91,9.99999e-01,1.92301e-91,9.99999e-01,8.48289e-01
1.611060141e+01,4.85798e-88,9.99999e-01,5.76420e-88,9.99999e-01,8.42784e-01
1.619115441e+01,4.40202e-86,9.99999e-01,5.25868e-86,9.99999e-01,8.37096e-01
1.627211019e+01,1.91276e-96,9.99999e-01,2.30073e-96,9.99999e-01,8.31372e-01
1.635347074e+01,1.05690e-88,9.99999e-01,1.28010e-88,9.99999e-01,8.25634e-01
1.643523809e+01,1.55951e-90,9.99999e-01,1.90242e-90,9.99999e-01,8.19750e-01
1.651741428e+01,5.00866e-95,9.99999e-01,6.15483e-95,9.99999e-01,8.13776e-01
1.660000135e+01,1.58509e-120,9.99999e-01,1.96223e-120,9.99999e-01,8.07799e-01
1.668300136e+01,2.10305e-123,9.99999e-01,2.62266e-123,9.99999e-01,8.01874e-01
1.676641637e+01,6.61686e-110,9.99999e-01,8.31180e-110,9.99999e-01,7.96080e-01
1.685024845e+01,1.18253e-112,9.99999e-01,1.49630e-112,9.99999e-01,7.90303e-01
1.693449969e+01,4.45480e-140,9.99999e-01,5.67835e-140,9.99999e-01,7.84523e-01
1.701917219e+01,6.57823e-150,9.99999e-01,8.45068e-150,9.99999e-01,7.78425e-01
1.710426805e+01,4.85737e-193,9.99999e-01,6.28941e-193,9.99999e-01,7.72309e-01
1.718978939e+01,3.86450e-211,9.99999e-01,5.04374e-211,9.99999e-01,7.66196e-01
1.727573834e+01,3.80660e-217,9.99999e-01,5.01155e-217,9.99999e-01,7.59564e-01
1.736211703e+01,1.67142e-231,9.99999e-01,2.22150e-231,9.99999e-01,7.52384e-01
1.744892761e+01,1.17488e-198,9.99999e-01,1.57651e-198,9.99999e-01,7.45237e-01
1.753617225e+01,2.04782e-158,9.99999e-01,2.77441e-158,9.99999e-01,7.38108e-01
1.762385311e+01,1.61448e-156,9.99999e-01,2.20892e-156,9.99999e-01,7.30893e-01
1.771197238e+01,4.29618e-166,9.99999e-01,5.93634e-166,9.99999e-01,7.23709e-01
1.780053224e+01,2.55368e-181,9.99999e-01,3.56387e-181,9.99999e-01,7.16548e-01
1.788953490e+01,1.27393e-195,9.99999e-01,1.79769e-195,9.99999e-01,7.08651e-01
1.797898258e+01,4.56114e-225,9.99999e-01,6.51724e-225,9.99999e-01,6.99857e-01
1.806887749e+01,6.68648e-229,9.99999e-01,9.67474e-229,9.99999e-01,6.91127e-01
1.815922188e+01,1.60810e-305,9.99999e-01,2.35636e-305,9.99999e-01,6.82450e-01
1.825001799e+01,4.46690e-228,9.99999e-01,6.63010e-228,9.99999e-01,6.73730e-01
1.834126808e+01,5.31758e-220,9.99999e-01,7.99565e-220,9.99999e-01,6.65059e-01
1.843297442e+01,3.93886e-222,9.99999e-01,6.00033e-222,9.99999e-01,6.56440e-01
1.852513929e+01,1.77891e-298,9.99999e-01,2.74588e-298,9.99999e-01,6.47846e-01
1.861776499e+01,0.00000e+00,9.99999e-01,0.00000e+00,9.99999e-01,6.39121e-01
1.871085381e+01,4.94685e-284,9.99999e-01,7.84653e-284,9.99999e-01,6.30451e-01
1.880440808e+01,7.96190e-243,9.99999e-01,1.28033e-242,9.99999e-01,6.21861e-01
1.889843012e+01,2.82181e-243,9.99999e-01,4.60052e-243,9.99999e-01,6.13366e-01
1.899292227e+01,0.00000e+00,9.99999e-01,0.00000e+00,9.99999e-01,6.04984e-01
1.908788688e+01,0.00000e+00,9.99999e-01,0.00000e+00,9.99999e-01,5.96675e-01
1.918332632e+01,0.00000e+00,9.99999e-01,0.00000e+00,9.99999e-01,5.88428e-01
1.927924295e+01,0.00000e+00,9.99999e-01,0.00000e+00,9.99999e-01,5.79694e-01
1.937563916e+01,0.00000e+00,9.99999e-01,0.00000e+00,9.99999e-01,5.70655e-01
1.947251736e+01,0.00000e+00,9.99999e-01,0.00000e+00,9.99999e-01,5.61723e-01
1.956987994e+01,0.00000e+00,9.99999e-01,0.00000e+00,9.99999e-01,5.52870e-01
1.966772934e+01,0.00000e+00,9.99999e-01,0.00000e+00,9.99999e-01,5.43210e-01
1.976606799e+01,0.00000e+00,9.99999e-01,0.00000e+00,9.99999e-01,5.33292e-01
1.986489833e+01,0.00000e+00,9.99999e-01,0.00000e+00,9.99999e-01,5.23494e-01
1.996422282e+01,0.00000e+00,9.99999e-01,0.00000e+00,9.99999e-01,5.13820e-01
