#,Wave/freq,Total,O2,CO2,H2O,Rayleigh,CIA
4.000000000e-01,1.08014e-04,9.99999e-01,9.99999e-01,9.99981e-01,1.08016e-04,9.99999e-01
4.020000000e-01,1.29393e-04,9.99999e-01,9.99999e-01,9.99988e-01,1.29395e-04,9.99999e-01
4.040100000e-01,1.54424e-04,9.99999e-01,9.99999e-01,9.99994e-01,1.54424e-04,9.99999e-01
4.060300500e-01,1.83653e-04,9.99999e-01,9.99999e-01,9.99998e-01,1.83653e-04,9.99999e-01
4.080602003e-01,2.17667e-04,9.99999e-01,9.99999e-01,9.99999e-01,2.17668e-04,9.99999e-01
4.101005013e-01,2.57117e-04,9.99999e-01,9.99999e-01,9.99999e-01,2.57117e-04,9.99999e-01
4.121510038e-01,3.02719e-04,9.99999e-01,9.99999e-01,9.99998e-01,3.02719e-04,9.99999e-01
4.142117588e-01,3.55260e-04,9.99999e-01,9.99999e-01,9.99994e-01,3.55262e-04,9.99999e-01
4.162828176e-01,4.15598e-04,9.99999e-01,9.99999e-01,9.99977e-01,4.15608e-04,9.99999e-01
4.183642317e-01,4.84693e-04,9.99999e-01,9.99999e-01,9.99986e-01,4.84700e-04,9.99999e-01
4.204560528e-01,5.63559e-04,9.99999e-01,9.99999e-01,9.99991e-01,5.63564e-04,9.99999e-01
4.225583331e-01,6.53309e-04,9.99999e-01,9.99999e-01,9.99996e-01,6.53311e-04,9.99999e-01
4.246711247e-01,7.55141e-04,9.99999e-01,9.99999e-01,9.99997e-01,7.55143e-04,9.99999e-01
4.267944804e-01,8.70351e-04,9.99999e-01,9.99999e-01,9.99995e-01,8.70354e-04,9.99999e-01
4.289284528e-01,1.00033e-03,9.99999e-01,9.99999e-01,9.99996e-01,1.00033e-03,9.99999e-01
4.310730950e-01,1.14656e-03,9.99999e-01,9.99999e-01,9.99998e-01,1.14657e-03,9.99999e-01
4.332284605e-01,1.31064e-03,9.99999e-01,9.99999e-01,9.99999e-01,1.31064e-03,9.99999e-01
4.353946028e-01,1.49424e-03,9.99999e-01,9.99999e-01,9.99999e-01,1.49424e-03,9.99999e-01
4.375715758e-01,1.69915e-03,9.99999e-01,9.99999e-01,9.99997e-01,1.69915e-03,9.99999e-01
4.397594337e-01,1.92723e-03,9.99999e-01,9.99999e-01,9.99979e-01,1.92727e-03,9.99999e-01
4.419582309e-01,2.18036e-03,9.99999e-01,9.99999e-01,9.99899e-01,2.18058e-03,9.99999e-01
4.441680220e-01,2.46098e-03,9.99999e-01,9.99999e-01,9.99922e-01,2.46117e-03,9.99999e-01
4.463888621e-01,2.77101e-03,9.99999e-01,9.99999e-01,9.99919e-01,2.77123e-03,9.99999e-01
4.486208064e-01,3.11289e-03,9.99999e-01,9.99999e-01,9.99949e-01,3.11305e-03,9.99999e-01
4.508639105e-01,3.48892e-03,9.99999e-01,9.99999e-01,9.99976e-01,3.48901e-03,9.99999e-01
4.531182300e-01,3.90153e-03,9.99999e-01,9.99999e-01,9.99990e-01,3.90157e-03,9.99999e-01
4.553838212e-01,4.35327e-03,9.99999e-01,9.99999e-01,9.99993e-01,4.35330e-03,9.99999e-01
4.576607403e-01,4.84681e-03,9.99999e-01,9.99999e-01,9.99996e-01,4.84683e-03,9.99999e-01
4.599490440e-01,5.38486e-03,9.99999e-01,9.99999e-01,9.99997e-01,5.38487e-03,9.99999e-01
4.622487892e-01,5.97022e-03,9.99999e-01,9.99999e-01,9.99999e-01,5.97022e-03,9.99999e-01
4.645600332e-01,6.60571e-03,9.99999e-01,9.99999e-01,9.99998e-01,6.60572e-03,9.99999e-01
4.668828333e-01,7.29410e-03,9.99999e-01,9.99999e-01,9.99975e-01,7.29427e-03,9.99999e-01
4.692172475e-01,8.03844e-03,9.99999e-01,9.99999e-01,9.99949e-01,8.03884e-03,9.99999e-01
4.715633337e-01,8.84213e-03,9.99999e-01,9.99999e-01,9.99966e-01,8.84242e-03,9.99999e-01
4.739211504e-01,9.70773e-03,9.99999e-01,9.99999e-01,9.99968e-01,9.70804e-03,9.99999e-01
4.762907561e-01,1.06386e-02,9.99999e-01,9.99999e-01,9.99983e-01,1.06387e-02,9.99999e-01
4.786722099e-01,1.16375e-02,9.99999e-01,9.99999e-01,9.99992e-01,1.16376e-02,9.99999e-01
4.810655710e-01,1.27077e-02,9.99999e-01,9.99999e-01,9.99997e-01,1.27077e-02,9.99999e-01
4.834708988e-01,1.38519e-02,9.99999e-01,9.99999e-01,9.99979e-01,1.38522e-02,9.99999e-01
4.858882533e-01,1.50734e-02,9.99999e-01,9.99999e-01,9.99964e-01,1.50740e-02,9.99999e-01
4.883176946e-01,1.63757e-02,9.99999e-01,9.99999e-01,9.99969e-01,1.63761e-02,9.99999e-01
4.907592831e-01,1.77613e-02,9.99999e-01,9.99999e-01,9.99972e-01,1.77617e-02,9.99999e-01
4.932130795e-01,1.92333e-02,9.99999e-01,9.99999e-01,9.99980e-01,1.92337e-02,9.99999e-01
4.956791449e-01,2.07947e-02,9.99999e-01,9.99999e-01,9.99989e-01,2.07949e-02,9.99999e-01
4.981575406e-01,2.24470e-02,9.99999e-01,9.99999e-01,9.99948e-01,2.24482e-02,9.99999e-01
5.006483283e-01,2.41931e-02,9.99999e-01,9.99999e-01,9.99867e-01,2.41963e-02,9.99999e-01
5.031515699e-01,2.60246e-02,9.99999e-01,9.99999e-01,9.99333e-01,2.60420e-02,9.99999e-01
5.056673278e-01,2.79780e-02,9.99999e-01,9.99999e-01,9.99649e-01,2.79878e-02,9.99999e-01
5.081956644e-01,3.00229e-02,9.99999e-01,9.99999e-01,9.99557e-01,3.00362e-02,9.99999e-01
5.107366428e-01,3.21800e-02,9.99999e-01,9.99999e-01,9.99701e-01,3.21896e-02,9.99999e-01
5.132903260e-01,3.44443e-02,9.99999e-01,9.99999e-01,9.99829e-01,3.44502e-02,9.99999e-01
5.158567776e-01,3.68175e-02,9.99999e-01,9.99999e-01,9.99927e-01,3.68201e-02,9.99999e-01
5.184360615e-01,3.93003e-02,9.99999e-01,9.99999e-01,9.99970e-01,3.93015e-02,9.99999e-01
5.210282418e-01,4.18956e-02,9.99999e-01,9.99999e-01,9.99988e-01,4.18960e-02,9.99999e-01
5.236333830e-01,4.46035e-02,9.99999e-01,9.99999e-01,9.99956e-01,4.46055e-02,9.99999e-01
5.262515499e-01,4.74301e-02,9.99999e-01,9.99999e-01,9.99972e-01,4.74314e-02,9.99999e-01
5.288828077e-01,5.03740e-02,9.99999e-01,9.99999e-01,9.99974e-01,5.03752e-02,9.99999e-01
5.315272217e-01,5.34370e-02,9.99999e-01,9.99999e-01,9.99977e-01,5.34382e-02,9.99999e-01
5.341848578e-01,5.66205e-02,9.99999e-01,9.99999e-01,9.99985e-01,5.66213e-02,9.99999e-01
5.368557821e-01,5.99224e-02,9.99999e-01,9.99999e-01,9.99948e-01,5.99255e-02,9.99999e-01
5.395400610e-01,6.33398e-02,9.99999e-01,9.99999e-01,9.99815e-01,6.33514e-02,9.99999e-01
5.422377613e-01,6.68841e-02,9.99999e-01,9.99999e-01,9.99764e-01,6.68998e-02,9.99999e-01
5.449489501e-01,7.05554e-02,9.99999e-01,9.99999e-01,9.99779e-01,7.05709e-02,9.99999e-01
5.476736949e-01,7.43505e-02,9.99999e-01,9.99999e-01,9.99806e-01,7.43649e-02,9.99999e-01
5.504120634e-01,7.82709e-02,9.99999e-01,9.99999e-01,9.99859e-01,7.82819e-02,9.99999e-01
5.531641237e-01,8.23159e-02,9.99999e-01,9.99999e-01,9.99928e-01,8.23217e-02,9.99999e-01
5.559299443e-01,8.64810e-02,9.99999e-01,9.99999e-01,9.99965e-01,8.64839e-02,9.99999e-01
5.587095940e-01,9.07662e-02,9.99999e-01,9.99999e-01,9.99978e-01,9.07682e-02,9.99999e-01
5.615031420e-01,9.51715e-02,9.99999e-01,9.99999e-01,9.99975e-01,9.51737e-02,9.99999e-01
5.643106577e-01,9.96970e-02,9.99999e-01,9.99999e-01,9.99972e-01,9.96997e-02,9.99999e-01
5.671322110e-01,1.04310e-01,9.99999e-01,9.99999e-01,9.99665e-01,1.04345e-01,9.99999e-01
5.699678720e-01,1.09071e-01,9.99999e-01,9.99999e-01,9.99652e-01,1.09109e-01,9.99999e-01
5.728177114e-01,1.13948e-01,9.99999e-01,9.99999e-01,9.99634e-01,1.13989e-01,9.99999e-01
5.756818000e-01,1.18946e-01,9.99999e-01,9.99999e-01,9.99665e-01,1.18985e-01,9.99999e-01
5.785602090e-01,1.24059e-01,9.99999e-01,9.99999e-01,9.99708e-01,1.24095e-01,9.99999e-01
5.814530100e-01,1.29279e-01,9.99999e-01,9.99999e-01,9.99706e-01,1.29317e-01,9.99999e-01
5.843602750e-01,1.34602e-01,9.99999e-01,9.99999e-01,9.99648e-01,1.34649e-01,9.99999e-01
5.872820764e-01,1.39665e-01,9.99999e-01,9.99999e-01,9.96977e-01,1.40089e-01,9.99999e-01
5.902184868e-01,1.45105e-01,9.99999e-01,9.99999e-01,9.96365e-01,1.45634e-01,9.99999e-01
5.931695792e-01,1.50894e-01,9.99999e-01,9.99999e-01,9.97425e-01,1.51283e-01,9.99999e-01
5.961354271e-01,1.56591e-01,9.99999e-01,9.99999e-01,9.97183e-01,1.57033e-01,9.99999e-01
5.991161043e-01,1.62548e-01,9.99999e-01,9.99999e-01,9.97947e-01,1.62882e-01,9.99999e-01
6.021116848e-01,1.68630e-01,9.99999e-01,9.99999e-01,9.98835e-01,1.68827e-01,9.99999e-01
6.051222432e-01,1.74761e-01,9.99999e-01,9.99999e-01,9.99410e-01,1.74864e-01,9.99999e-01
6.081478544e-01,1.80946e-01,9.99999e-01,9.99999e-01,9.99745e-01,1.80992e-01,9.99999e-01
6.111885937e-01,1.87187e-01,9.99999e-01,9.99999e-01,9.99892e-01,1.87207e-01,9.99999e-01
6.142445367e-01,1.93497e-01,9.99999e-01,9.99999e-01,9.99951e-01,1.93507e-01,9.99999e-01
6.173157594e-01,1.99882e-01,9.99999e-01,9.99999e-01,9.99973e-01,1.99887e-01,9.99999e-01
6.204023382e-01,2.06342e-01,9.99999e-01,9.99999e-01,9.99977e-01,2.06346e-01,9.99999e-01
6.235043498e-01,2.12859e-01,9.99999e-01,9.99999e-01,9.99899e-01,2.12880e-01,9.99999e-01
6.266218716e-01,2.19371e-01,9.99999e-01,9.99999e-01,9.99475e-01,2.19486e-01,9.99999e-01
6.297549810e-01,2.26116e-01,9.99999e-01,9.99999e-01,9.99807e-01,2.26159e-01,9.99999e-01
6.329037559e-01,2.32810e-01,9.99999e-01,9.99999e-01,9.99620e-01,2.32899e-01,9.99999e-01
6.360682746e-01,2.39622e-01,9.99999e-01,9.99999e-01,9.99675e-01,2.39699e-01,9.99999e-01
6.392486160e-01,2.46455e-01,9.99999e-01,9.99999e-01,9.99580e-01,2.46558e-01,9.99999e-01
6.424448591e-01,2.53329e-01,9.99999e-01,9.99999e-01,9.99434e-01,2.53473e-01,9.99999e-01
6.456570834e-01,2.59756e-01,9.99999e-01,9.99999e-01,9.97379e-01,2.60438e-01,9.99999e-01
6.488853688e-01,2.66943e-01,9.99999e-01,9.99999e-01,9.98097e-01,2.67452e-01,9.99999e-01
6.521297956e-01,2.73979e-01,9.99999e-01,9.99999e-01,9.98060e-01,2.74511e-01,9.99999e-01
6.553904446e-01,2.81065e-01,9.99999e-01,9.99999e-01,9.98063e-01,2.81611e-01,9.99999e-01
6.586673968e-01,2.88271e-01,9.99999e-01,9.99999e-01,9.98346e-01,2.88749e-01,9.99999e-01
6.619607338e-01,2.95649e-01,9.99999e-01,9.99999e-01,9.99078e-01,2.95921e-01,9.99999e-01
6.652705375e-01,3.02957e-01,9.99999e-01,9.99999e-01,9.99446e-01,3.03125e-01,9.99999e-01
6.685968902e-01,3.10284e-01,9.99999e-01,9.99999e-01,9.99764e-01,3.10356e-01,9.99999e-01
6.719398746e-01,3.17575e-01,9.99999e-01,9.99999e-01,9.99880e-01,3.17613e-01,9.99999e-01
6.752995740e-01,3.24870e-01,9.99999e-01,9.99999e-01,9.99936e-01,3.24890e-01,9.99999e-01
6.786760719e-01,3.32155e-01,9.99999e-01,9.99999e-01,9.99905e-01,3.32186e-01,9.99999e-01
6.820694522e-01,3.39442e-01,9.99999e-01,9.99999e-01,9.99839e-01,3.39496e-01,9.99999e-01
6.854797995e-01,3.46747e-01,9.99999e-01,9.99999e-01,9.99793e-01,3.46818e-01,9.99999e-01
6.889071985e-01,3.53970e-01,9.99999e-01,9.99999e-01,9.99493e-01,3.54149e-01,9.99999e-01
6.923517345e-01,3.58530e-01,9.99999e-01,9.99999e-01,9.91822e-01,3.61485e-01,9.99999e-01
6.958134932e-01,3.67280e-01,9.99999e-01,9.99999e-01,9.95811e-01,3.68824e-01,9.99999e-01
6.992925606e-01,3.74642e-01,9.99999e-01,9.99999e-01,9.95955e-01,3.76163e-01,9.99999e-01
7.027890234e-01,3.81596e-01,9.99999e-01,9.99999e-01,9.95040e-01,3.83498e-01,9.99999e-01
7.063029686e-01,3.89197e-01,9.99999e-01,9.99999e-01,9.95826e-01,3.90827e-01,9.99999e-01
7.098344834e-01,3.96554e-01,9.99999e-01,9.99999e-01,9.95995e-01,3.98148e-01,9.99999e-01
7.133836558e-01,4.03272e-01,9.99999e-01,9.99999e-01,9.94610e-01,4.05457e-01,9.99999e-01
7.169505741e-01,3.95229e-01,9.99999e-01,9.99999e-01,9.57546e-01,4.12751e-01,9.99999e-01
7.205353270e-01,4.11344e-01,9.99999e-01,9.99999e-01,9.79321e-01,4.20029e-01,9.99998e-01
7.241380036e-01,4.15956e-01,9.99999e-01,9.99999e-01,9.73479e-01,4.27288e-01,9.99998e-01
7.277586936e-01,4.24121e-01,9.99999e-01,9.99999e-01,9.76055e-01,4.34525e-01,9.99999e-01
7.313974871e-01,4.30562e-01,9.99999e-01,9.99999e-01,9.74700e-01,4.41738e-01,9.99999e-01
7.350544745e-01,4.42681e-01,9.99999e-01,9.99999e-01,9.86090e-01,4.48925e-01,9.99999e-01
7.387297469e-01,4.51412e-01,9.99999e-01,9.99999e-01,9.89756e-01,4.56083e-01,9.99999e-01
7.424233956e-01,4.60889e-01,9.99999e-01,9.99999e-01,9.94986e-01,4.63211e-01,9.99999e-01
7.461355126e-01,4.68875e-01,9.99999e-01,9.99999e-01,9.96955e-01,4.70306e-01,9.99999e-01
7.498661902e-01,4.76691e-01,9.99999e-01,9.99999e-01,9.98585e-01,4.77367e-01,9.99999e-01
7.536155211e-01,4.84053e-01,9.99999e-01,9.99999e-01,9.99304e-01,4.84390e-01,9.99999e-01
7.573835987e-01,4.91200e-01,9.99999e-01,9.99999e-01,9.99641e-01,4.91376e-01,9.99999e-01
7.611705167e-01,4.98210e-01,9.99999e-01,9.99999e-01,9.99777e-01,4.98321e-01,9.99999e-01
7.649763693e-01,5.05153e-01,9.99999e-01,9.99999e-01,9.99859e-01,5.05224e-01,9.99999e-01
7.688012511e-01,5.12034e-01,9.99999e-01,9.99999e-01,9.99902e-01,5.12084e-01,9.99999e-01
7.726452574e-01,5.18857e-01,9.99999e-01,9.99999e-01,9.99919e-01,5.18898e-01,9.99999e-01
7.765084837e-01,5.25606e-01,9.99999e-01,9.99999e-01,9.99885e-01,5.25666e-01,9.99999e-01
7.803910261e-01,5.15580e-01,9.99999e-01,9.68899e-01,9.99504e-01,5.32386e-01,9.99999e-01
7.842929812e-01,4.71090e-01,9.99999e-01,8.75366e-01,9.98269e-01,5.39056e-01,9.99999e-01
7.882144461e-01,4.71128e-01,9.99999e-01,8.66339e-01,9.96462e-01,5.45676e-01,9.99999e-01
7.921555184e-01,5.07088e-01,9.99999e-01,9.19971e-01,9.98066e-01,5.52244e-01,9.99999e-01
7.961162960e-01,5.26816e-01,9.99999e-01,9.46067e-01,9.96553e-01,5.58759e-01,9.99999e-01
8.000968774e-01,5.46296e-01,9.99999e-01,9.70351e-01,9.96038e-01,5.65220e-01,9.99999e-01
8.040973618e-01,5.60587e-01,9.99999e-01,9.84585e-01,9.96032e-01,5.71626e-01,9.99999e-01
8.081178486e-01,5.68714e-01,9.99999e-01,9.92872e-01,9.91027e-01,5.77976e-01,9.99999e-01
8.121584379e-01,5.61501e-01,9.99999e-01,9.97811e-01,9.63120e-01,5.84269e-01,9.99999e-01
8.162192301e-01,5.64660e-01,9.99999e-01,9.99516e-01,9.56688e-01,5.90504e-01,9.99998e-01
8.203003262e-01,5.83451e-01,9.99999e-01,9.99992e-01,9.77835e-01,5.96680e-01,9.99998e-01
8.244018279e-01,5.84554e-01,9.99999e-01,9.99999e-01,9.69736e-01,6.02797e-01,9.99998e-01
8.285238370e-01,5.92915e-01,9.99999e-01,9.99999e-01,9.73821e-01,6.08854e-01,9.99999e-01
8.326664562e-01,5.98631e-01,9.99999e-01,9.99999e-01,9.73619e-01,6.14851e-01,9.99999e-01
8.368297885e-01,6.09073e-01,9.99999e-01,9.99999e-01,9.81131e-01,6.20786e-01,9.99999e-01
8.410139374e-01,6.19614e-01,9.99999e-01,9.99999e-01,9.88756e-01,6.26660e-01,9.99999e-01
8.452190071e-01,6.28980e-01,9.99999e-01,9.99999e-01,9.94479e-01,6.32472e-01,9.99999e-01
8.494451021e-01,6.36169e-01,9.99999e-01,9.99999e-01,9.96785e-01,6.38221e-01,9.99999e-01
8.536923276e-01,6.42686e-01,9.99999e-01,9.99999e-01,9.98102e-01,6.43907e-01,9.99999e-01
8.579607893e-01,6.48770e-01,9.99999e-01,9.99999e-01,9.98828e-01,6.49530e-01,9.99999e-01
8.622505932e-01,6.54604e-01,9.99999e-01,9.99999e-01,9.99257e-01,6.55090e-01,9.99999e-01
8.665618462e-01,6.13420e-01,9.99999e-01,9.29010e-01,9.99538e-01,6.60586e-01,9.99999e-01
8.708946554e-01,4.73469e-01,9.99999e-01,7.11258e-01,9.99471e-01,6.66019e-01,9.99999e-01
8.752491287e-01,5.10716e-01,9.99999e-01,7.61210e-01,9.99293e-01,6.71387e-01,9.99999e-01
8.796253743e-01,5.82235e-01,9.99999e-01,8.61236e-01,9.99019e-01,6.76691e-01,9.99999e-01
8.840235012e-01,6.30459e-01,9.99999e-01,9.25541e-01,9.98880e-01,6.81932e-01,9.99999e-01
8.884436187e-01,6.63823e-01,9.99999e-01,9.70094e-01,9.95858e-01,6.87108e-01,9.99999e-01
8.928858368e-01,6.54772e-01,9.99999e-01,9.87757e-01,9.57535e-01,6.92220e-01,9.99998e-01
8.973502660e-01,6.44191e-01,9.99999e-01,9.97027e-01,9.26583e-01,6.97268e-01,9.99998e-01
9.018370173e-01,6.75395e-01,9.99999e-01,9.99672e-01,9.62062e-01,7.02252e-01,9.99998e-01
9.063462024e-01,6.77487e-01,9.99999e-01,9.91379e-01,9.66124e-01,7.07172e-01,9.99998e-01
9.108779334e-01,6.62030e-01,9.99999e-01,9.80708e-01,9.47871e-01,7.12028e-01,9.99998e-01
9.154323231e-01,6.71612e-01,9.99999e-01,9.95479e-01,9.41107e-01,7.16821e-01,9.99998e-01
9.200094847e-01,6.44316e-01,9.99999e-01,9.34287e-01,9.53651e-01,7.21550e-01,9.99997e-01
9.246095321e-01,6.12891e-01,9.99999e-01,9.08937e-01,9.27050e-01,7.26217e-01,9.99996e-01
9.292325798e-01,4.13337e-01,9.99999e-01,9.27217e-01,6.05516e-01,7.30820e-01,9.99992e-01
9.338787427e-01,3.62252e-01,9.99999e-01,9.30181e-01,5.25936e-01,7.35361e-01,9.99990e-01
9.385481364e-01,5.43096e-01,9.99999e-01,9.48210e-01,7.72048e-01,7.39840e-01,9.99990e-01
9.432408771e-01,5.01854e-01,9.99999e-01,9.68050e-01,6.95434e-01,7.44256e-01,9.99988e-01
9.479570815e-01,4.46420e-01,9.99999e-01,9.83453e-01,6.05858e-01,7.48611e-01,9.99990e-01
9.526968669e-01,5.14659e-01,9.99999e-01,9.92002e-01,6.88639e-01,7.52905e-01,9.99992e-01
9.574603512e-01,5.35510e-01,9.99999e-01,9.96575e-01,7.09571e-01,7.57137e-01,9.99994e-01
9.622476530e-01,5.75704e-01,9.99999e-01,9.98931e-01,7.56970e-01,7.61309e-01,9.99996e-01
9.670588912e-01,6.51630e-01,9.99999e-01,9.99680e-01,8.51596e-01,7.65422e-01,9.99997e-01
9.718941857e-01,6.95915e-01,9.99999e-01,9.99977e-01,9.04423e-01,7.69474e-01,9.99998e-01
9.767536566e-01,7.11575e-01,9.99999e-01,9.99999e-01,9.19981e-01,7.73467e-01,9.99998e-01
9.816374249e-01,7.30916e-01,9.99999e-01,9.99999e-01,9.40203e-01,7.77402e-01,9.99998e-01
9.865456120e-01,7.51769e-01,9.99999e-01,9.99999e-01,9.62230e-01,7.81278e-01,9.99999e-01
9.914783401e-01,7.66630e-01,9.99999e-01,9.99999e-01,9.76479e-01,7.85096e-01,9.99999e-01
9.964357318e-01,7.78703e-01,9.99999e-01,9.99999e-01,9.87127e-01,7.88857e-01,9.99999e-01
1.001417910e+00,7.86434e-01,9.99999e-01,9.99999e-01,9.92269e-01,7.92561e-01,9.99999e-01
1.006425000e+00,7.92690e-01,9.99999e-01,9.99999e-01,9.95579e-01,7.96209e-01,9.99999e-01
1.011457125e+00,7.97610e-01,9.99999e-01,9.99999e-01,9.97259e-01,7.99801e-01,9.99999e-01
1.016514411e+00,8.01842e-01,9.99999e-01,9.99999e-01,9.98137e-01,8.03338e-01,9.99999e-01
1.021596983e+00,8.05582e-01,9.99999e-01,9.99949e-01,9.98514e-01,8.06821e-01,9.99999e-01
1.026704968e+00,8.06578e-01,9.99999e-01,9.96623e-01,9.98840e-01,8.10249e-01,9.99999e-01
1.031838492e+00,7.77850e-01,9.99999e-01,9.56811e-01,9.99158e-01,8.13623e-01,9.99999e-01
1.036997685e+00,1.38521e-01,9.99999e-01,1.69627e-01,9.99499e-01,8.16945e-01,9.99999e-01
1.042182673e+00,1.24567e-01,9.99999e-01,1.51953e-01,9.99401e-01,8.20214e-01,9.99999e-01
1.047393587e+00,1.37545e-01,9.99999e-01,1.67156e-01,9.99207e-01,8.23431e-01,9.99999e-01
1.052630555e+00,5.55318e-03,9.99999e-01,6.72357e-03,9.98911e-01,8.26597e-01,9.99999e-01
1.057893707e+00,1.35226e-02,9.99999e-01,1.63186e-02,9.98180e-01,8.29712e-01,9.99999e-01
1.063183176e+00,4.02224e-02,9.99999e-01,4.84051e-02,9.97010e-01,8.32777e-01,9.99999e-01
1.068499092e+00,1.02547e-01,9.99999e-01,1.23220e-01,9.95003e-01,8.35793e-01,9.99999e-01
1.073841587e+00,2.23114e-01,9.99999e-01,2.67359e-01,9.94143e-01,8.38759e-01,9.99999e-01
1.079210795e+00,3.62612e-01,9.99999e-01,4.33808e-01,9.92521e-01,8.41677e-01,9.99999e-01
1.084606849e+00,5.28265e-01,9.99999e-01,6.32368e-01,9.88681e-01,8.44548e-01,9.99999e-01
1.090029883e+00,6.57277e-01,9.99999e-01,7.88207e-01,9.83697e-01,8.47371e-01,9.99998e-01
1.095480033e+00,7.23437e-01,9.99999e-01,8.89505e-01,9.56255e-01,8.50147e-01,9.99998e-01
1.100957433e+00,7.19827e-01,9.99999e-01,9.45148e-01,8.92516e-01,8.52878e-01,9.99997e-01
1.106462220e+00,6.26191e-01,9.99999e-01,9.76974e-01,7.48592e-01,8.55563e-01,9.99995e-01
1.111994531e+00,4.64541e-01,9.99999e-01,9.91403e-01,5.45688e-01,8.58203e-01,9.99991e-01
1.117554504e+00,3.23130e-01,9.99999e-01,9.97903e-01,3.76044e-01,8.60799e-01,9.99987e-01
1.123142276e+00,4.22360e-01,9.99999e-01,9.99862e-01,4.89251e-01,8.63352e-01,9.99985e-01
1.128757988e+00,5.46181e-01,9.99999e-01,9.99999e-01,6.30805e-01,8.65861e-01,9.99984e-01
1.134401778e+00,3.23168e-01,9.99999e-01,9.99999e-01,3.72179e-01,8.68328e-01,9.99982e-01
1.140073787e+00,6.61027e-01,9.99999e-01,9.99999e-01,7.59154e-01,8.70753e-01,9.99985e-01
1.145774156e+00,4.92775e-01,9.99999e-01,9.99999e-01,5.64380e-01,8.73137e-01,9.99987e-01
1.151503026e+00,4.62771e-01,9.99999e-01,9.99999e-01,5.28597e-01,8.75479e-01,9.99989e-01
1.157260541e+00,5.15305e-01,9.99999e-01,9.99999e-01,5.87058e-01,8.77782e-01,9.99991e-01
1.163046844e+00,5.93994e-01,9.99999e-01,9.99999e-01,6.74962e-01,8.80045e-01,9.99994e-01
1.168862078e+00,6.71399e-01,9.99999e-01,9.99999e-01,7.60993e-01,8.82269e-01,9.99997e-01
1.174706389e+00,7.47235e-01,9.99999e-01,9.99999e-01,8.44854e-01,8.84455e-01,9.99998e-01
1.180579921e+00,8.00133e-01,9.99999e-01,9.99999e-01,9.02470e-01,8.86602e-01,9.99998e-01
1.186482820e+00,8.38622e-01,9.99999e-01,9.99992e-01,9.43643e-01,8.88713e-01,9.99998e-01
1.192415234e+00,8.50830e-01,9.99999e-01,9.87928e-01,9.66700e-01,8.90786e-01,9.99998e-01
1.198377311e+00,4.91635e-01,9.99999e-01,5.63963e-01,9.71821e-01,8.92823e-01,9.99999e-01
1.204369197e+00,3.54052e-10,9.99999e-01,4.01888e-10,9.73331e-01,8.94825e-01,9.99999e-01
1.210391043e+00,2.75678e-36,9.99999e-01,3.11845e-36,9.74489e-01,8.96791e-01,9.99999e-01
1.216442998e+00,1.28603e-31,9.99999e-01,1.45053e-31,9.78294e-01,8.98723e-01,9.99999e-01
1.222525213e+00,3.65261e-31,9.99999e-01,4.09155e-31,9.83052e-01,9.00620e-01,9.99999e-01
1.228637839e+00,3.94642e-24,9.99999e-01,4.40910e-24,9.88197e-01,9.02484e-01,9.99999e-01
1.234781029e+00,8.60778e-16,9.99999e-01,9.55489e-16,9.91231e-01,9.04315e-01,9.99999e-01
1.240954934e+00,1.14151e-10,9.99999e-01,1.26437e-10,9.94443e-01,9.06114e-01,9.99999e-01
1.247159708e+00,4.48464e-06,9.99999e-01,4.95284e-06,9.95674e-01,9.07880e-01,9.99999e-01
1.253395507e+00,6.93375e-04,9.99999e-01,7.64508e-04,9.96154e-01,9.09615e-01,9.99999e-01
1.259662485e+00,1.48960e-02,9.99999e-01,1.63945e-02,9.96340e-01,9.11318e-01,9.99999e-01
1.265960797e+00,8.44031e-02,9.99999e-01,9.28894e-02,9.94166e-01,9.12991e-01,9.99999e-01
1.272290601e+00,3.33542e-01,9.99999e-01,3.67789e-01,9.90825e-01,9.14634e-01,9.99999e-01
1.278652054e+00,2.81874e-01,9.99999e-01,3.12223e-01,9.81838e-01,9.16248e-01,9.99999e-01
1.285045314e+00,6.84270e-03,9.99999e-01,7.56463e-03,9.67256e-01,9.17832e-01,9.99998e-01
1.291470541e+00,5.75051e-05,9.99999e-01,6.49966e-05,9.43629e-01,9.19388e-01,9.99998e-01
1.297927893e+00,1.27459e-02,9.99999e-01,1.44757e-02,9.20751e-01,9.20916e-01,9.99997e-01
1.304417533e+00,1.36602e-01,9.99999e-01,1.61735e-01,9.07380e-01,9.22415e-01,9.99995e-01
1.310939621e+00,2.32079e-02,9.99999e-01,2.68330e-02,8.84356e-01,9.23888e-01,9.99993e-01
1.317494319e+00,4.85403e-13,9.99999e-01,5.63876e-13,8.86439e-01,9.25334e-01,9.99989e-01
1.324081790e+00,4.31458e-09,9.99999e-01,5.08276e-09,8.34541e-01,9.26753e-01,9.99982e-01
1.330702199e+00,1.61364e-05,9.99999e-01,2.53100e-05,4.83747e-01,9.28147e-01,9.99970e-01
1.337355710e+00,8.14424e-06,9.99999e-01,2.87914e-05,1.59038e-01,9.29515e-01,9.99944e-01
1.344042489e+00,1.27824e-06,9.99999e-01,8.30618e-06,1.11048e-02,9.30858e-01,9.99882e-01
1.350762701e+00,5.18630e-09,9.99999e-01,1.65133e-05,9.41378e-05,9.32176e-01,9.99811e-01
1.357516515e+00,7.38716e-09,9.99999e-01,8.39506e-04,2.47160e-06,9.33470e-01,9.99767e-01
1.364304097e+00,4.28691e-06,9.99999e-01,1.02472e-02,2.36334e-04,9.34740e-01,9.99750e-01
1.371125618e+00,4.77484e-04,9.99999e-01,9.15469e-02,3.61862e-03,9.35987e-01,9.99748e-01
1.377981246e+00,1.34618e-03,9.99999e-01,1.41441e-01,8.13882e-03,9.37211e-01,9.99729e-01
1.384871152e+00,1.03023e-04,9.99999e-01,3.20636e-01,2.79835e-04,9.38412e-01,9.99737e-01
1.391795508e+00,1.27253e-04,9.99999e-01,3.49751e-01,3.18374e-04,9.39591e-01,9.99777e-01
1.398754485e+00,6.38934e-04,9.99999e-01,5.22999e-01,1.22351e-03,9.40748e-01,9.99808e-01
1.405748258e+00,6.78271e-04,9.99999e-01,6.20697e-01,1.06883e-03,9.41884e-01,9.99828e-01
1.412776999e+00,8.45060e-04,9.99999e-01,7.40042e-01,1.14073e-03,9.42999e-01,9.99861e-01
1.419840884e+00,1.38813e-03,9.99999e-01,6.64063e-01,1.82434e-03,9.44092e-01,9.99896e-01
1.426940089e+00,2.08460e-03,9.99999e-01,6.57414e-02,7.13431e-03,9.45166e-01,9.99935e-01
1.434074789e+00,0.00000e+00,9.99999e-01,0.00000e+00,2.29908e-02,9.46219e-01,9.99959e-01
1.441245163e+00,0.00000e+00,9.99999e-01,0.00000e+00,5.41573e-02,9.47253e-01,9.99968e-01
1.448451389e+00,0.00000e+00,9.99999e-01,0.00000e+00,1.26420e-01,9.48267e-01,9.99973e-01
1.455693646e+00,9.40969e-290,9.99999e-01,2.02360e-289,2.54683e-01,9.49263e-01,9.99978e-01
1.462972114e+00,1.08873e-140,9.99999e-01,2.33896e-140,3.06467e-01,9.50240e-01,9.99981e-01
1.470286975e+00,2.01863e-59,9.99999e-01,4.58447e-59,2.52009e-01,9.51198e-01,9.99983e-01
1.477638409e+00,5.42504e-38,9.99999e-01,1.23105e-37,2.90562e-01,9.52139e-01,9.99985e-01
1.485026601e+00,8.11207e-22,9.99999e-01,1.69031e-21,3.66539e-01,9.53061e-01,9.99988e-01
1.492451734e+00,1.46417e-18,9.99999e-01,2.54143e-18,4.71412e-01,9.53967e-01,9.99992e-01
1.499913993e+00,7.20026e-09,9.99999e-01,1.01342e-08,6.04643e-01,9.54855e-01,9.99995e-01
1.507413563e+00,1.03782e-07,9.99999e-01,1.46533e-07,6.95580e-01,9.55727e-01,9.99997e-01
1.514950631e+00,4.89963e-09,9.99999e-01,5.93296e-09,7.96115e-01,9.56582e-01,9.99998e-01
1.522525384e+00,3.21237e-27,9.99999e-01,3.70475e-27,8.62983e-01,9.57421e-01,9.99998e-01
1.530138011e+00,5.87607e-63,9.99999e-01,6.50651e-63,8.97720e-01,9.58244e-01,9.99999e-01
1.537788701e+00,6.19878e-47,9.99999e-01,6.73395e-47,9.40920e-01,9.59052e-01,9.99999e-01
1.545477645e+00,5.00467e-11,9.99999e-01,5.35257e-11,9.61794e-01,9.59844e-01,9.99999e-01
1.553205033e+00,1.11052e-07,9.99999e-01,1.18433e-07,9.68679e-01,9.60622e-01,9.99999e-01
1.560971058e+00,3.01609e-08,9.99999e-01,3.17855e-08,9.80598e-01,9.61384e-01,9.99999e-01
1.568775913e+00,1.97239e-157,9.99999e-01,2.06822e-157,9.87114e-01,9.62132e-01,9.99999e-01
1.576619793e+00,0.00000e+00,9.99999e-01,0.00000e+00,9.89992e-01,9.62866e-01,9.99999e-01
1.584502892e+00,4.49504e-201,9.99999e-01,4.68696e-201,9.93901e-01,9.63586e-01,9.99999e-01
1.592425406e+00,2.11802e-140,9.99999e-01,2.20404e-140,9.94347e-01,9.64293e-01,9.99999e-01
1.600387533e+00,1.00250e-225,9.99999e-01,1.04193e-225,9.96095e-01,9.64985e-01,9.99999e-01
1.608389471e+00,0.00000e+00,9.99999e-01,0.00000e+00,9.95962e-01,9.65665e-01,9.99999e-01
1.616431418e+00,0.00000e+00,9.99999e-01,0.00000e+00,9.95861e-01,9.66332e-01,9.99999e-01
1.624513575e+00,4.06112e-178,9.99999e-01,4.21168e-178,9.95573e-01,9.66985e-01,9.99999e-01
1.632636143e+00,1.50257e-132,9.99999e-01,1.55797e-132,9.93069e-01,9.67627e-01,9.99999e-01
1.640799324e+00,7.60180e-55,9.99999e-01,7.88933e-55,9.90764e-01,9.68256e-01,9.99999e-01
1.649003321e+00,7.75145e-55,9.99999e-01,8.06481e-55,9.88248e-01,9.68873e-01,9.99999e-01
1.657248337e+00,1.16335e-42,9.99999e-01,1.21009e-42,9.84443e-01,9.69479e-01,9.99999e-01
1.665534579e+00,5.99185e-43,9.99999e-01,6.26500e-43,9.78868e-01,9.70072e-01,9.99999e-01
1.673862252e+00,8.25375e-28,9.99999e-01,8.61648e-28,9.71387e-01,9.70655e-01,9.99999e-01
1.682231563e+00,1.13907e-19,9.99999e-01,1.18590e-19,9.74906e-01,9.71226e-01,9.99999e-01
1.690642721e+00,1.53448e-11,9.99999e-01,1.61312e-11,9.56341e-01,9.71786e-01,9.99999e-01
1.699095934e+00,1.61036e-07,9.99999e-01,1.70222e-07,9.49992e-01,9.72336e-01,9.99998e-01
1.707591414e+00,2.40337e-04,9.99999e-01,2.55438e-04,9.46204e-01,9.72875e-01,9.99998e-01
1.716129371e+00,9.19758e-03,9.99999e-01,9.95000e-03,9.33803e-01,9.73403e-01,9.99997e-01
1.724710018e+00,7.21126e-02,9.99999e-01,8.07164e-02,9.01869e-01,9.73922e-01,9.99996e-01
1.733333568e+00,1.68256e-01,9.99999e-01,1.95200e-01,8.73715e-01,9.74430e-01,9.99995e-01
1.742000236e+00,3.00073e-01,9.99999e-01,3.71212e-01,8.15183e-01,9.74929e-01,9.99993e-01
1.750710237e+00,9.17156e-03,9.99999e-01,1.20428e-02,6.81286e-01,9.75418e-01,9.99990e-01
1.759463788e+00,1.05059e-26,9.99999e-01,1.55176e-26,4.86228e-01,9.75897e-01,9.99984e-01
1.768261107e+00,3.36606e-28,9.99999e-01,7.05231e-28,2.58456e-01,9.76368e-01,9.99975e-01
1.777102413e+00,2.03888e-27,9.99999e-01,9.57237e-27,1.05891e-01,9.76829e-01,9.99961e-01
1.785987925e+00,1.69156e-26,9.99999e-01,1.74866e-25,2.25772e-02,9.77282e-01,9.99939e-01
1.794917864e+00,1.16809e-25,9.99999e-01,2.92986e-24,5.37015e-03,9.77725e-01,9.99894e-01
1.803892454e+00,4.74878e-26,9.99999e-01,1.43679e-23,1.82099e-04,9.78160e-01,9.99840e-01
1.812911916e+00,4.73779e-26,9.99999e-01,1.54295e-22,3.56550e-05,9.78587e-01,9.99782e-01
1.821976476e+00,3.80297e-26,9.99999e-01,1.06904e-22,4.98461e-05,9.79006e-01,9.99744e-01
1.831086358e+00,2.87872e-22,9.99999e-01,1.70958e-18,9.23077e-06,9.79416e-01,9.99712e-01
1.840241790e+00,7.48800e-19,9.99999e-01,1.04060e-15,7.10401e-05,9.79818e-01,9.99681e-01
1.849442999e+00,4.83161e-14,9.99999e-01,4.99450e-11,2.21825e-04,9.80213e-01,9.99657e-01
1.858690214e+00,2.57239e-15,9.99999e-01,3.62836e-10,2.74974e-06,9.80600e-01,9.99603e-01
1.867983665e+00,6.19467e-16,9.99999e-01,5.43217e-11,5.56096e-07,9.80979e-01,9.99558e-01
1.877323583e+00,1.73620e-51,9.99999e-01,9.32176e-50,3.45477e-03,9.81352e-01,9.99579e-01
1.886710201e+00,2.28402e-66,9.99999e-01,5.44656e-65,5.30077e-03,9.81717e-01,9.99644e-01
1.896143752e+00,3.03525e-75,9.99999e-01,6.03518e-74,1.09030e-02,9.82074e-01,9.99678e-01
1.905624471e+00,1.96846e-88,9.99999e-01,1.14564e-85,3.75126e-04,9.82425e-01,9.99701e-01
1.915152593e+00,6.99987e-70,9.99999e-01,1.69757e-66,4.78921e-05,9.82769e-01,9.99721e-01
1.924728356e+00,3.11354e-83,9.99999e-01,1.50733e-79,1.26075e-05,9.83107e-01,9.99753e-01
1.934351998e+00,0.00000e+00,9.99999e-01,0.00000e+00,7.83769e-06,9.83438e-01,9.99797e-01
1.944023758e+00,0.00000e+00,9.99999e-01,0.00000e+00,3.90245e-04,9.83762e-01,9.99853e-01
1.953743877e+00,0.00000e+00,9.99999e-01,0.00000e+00,1.44794e-03,9.84080e-01,9.99903e-01
1.963512596e+00,0.00000e+00,9.99999e-01,0.00000e+00,1.32842e-02,9.84392e-01,9.99939e-01
1.973330159e+00,0.00000e+00,9.99999e-01,0.00000e+00,3.53085e-02,9.84698e-01,9.99963e-01
1.983196810e+00,0.00000e+00,9.99999e-01,0.00000e+00,1.86669e-01,9.84998e-01,9.99976e-01
1.993112794e+00,0.00000e+00,9.99999e-01,0.00000e+00,2.71584e-01,9.85292e-01,9.99984e-01
2.003078358e+00,0.00000e+00,9.99999e-01,0.00000e+00,4.53808e-01,9.85581e-01,9.99989e-01
2.013093750e+00,0.00000e+00,9.99999e-01,0.00000e+00,5.98685e-01,9.85863e-01,9.99993e-01
2.023159218e+00,0.00000e+00,9.99999e-01,0.00000e+00,7.44432e-01,9.86141e-01,9.99995e-01
2.033275015e+00,0.00000e+00,9.99999e-01,0.00000e+00,7.96446e-01,9.86413e-01,9.99996e-01
2.043441390e+00,0.00000e+00,9.99999e-01,0.00000e+00,8.68449e-01,9.86679e-01,9.99997e-01
2.053658597e+00,0.00000e+00,9.99999e-01,0.00000e+00,8.92363e-01,9.86941e-01,9.99998e-01
2.063926890e+00,0.00000e+00,9.99999e-01,0.00000e+00,9.26266e-01,9.87197e-01,9.99998e-01
2.074246524e+00,0.00000e+00,9.99999e-01,0.00000e+00,9.35933e-01,9.87448e-01,9.99998e-01
2.084617757e+00,0.00000e+00,9.99999e-01,0.00000e+00,9.57712e-01,9.87695e-01,9.99999e-01
2.095040845e+00,0.00000e+00,9.99999e-01,0.00000e+00,9.66462e-01,9.87936e-01,9.99999e-01
2.105516050e+00,0.00000e+00,9.99999e-01,0.00000e+00,9.71192e-01,9.88173e-01,9.99999e-01
2.116043630e+00,0.00000e+00,9.99999e-01,0.00000e+00,9.72457e-01,9.88405e-01,9.99999e-01
2.126623848e+00,0.00000e+00,9.99999e-01,0.00000e+00,9.83147e-01,9.88633e-01,9.99999e-01
2.137256967e+00,0.00000e+00,9.99999e-01,0.00000e+00,9.83952e-01,9.88856e-01,9.99999e-01
2.147943252e+00,1.16144e-180,9.99999e-01,1.18679e-180,9.84558e-01,9.89075e-01,9.99999e-01
2.158682968e+00,5.86737e-109,9.99999e-01,5.99819e-109,9.85869e-01,9.89290e-01,9.99999e-01
2.169476383e+00,1.71272e-53,9.99999e-01,1.75025e-53,9.84959e-01,9.89500e-01,9.99999e-01
2.180323765e+00,8.08650e-34,9.99999e-01,8.26449e-34,9.82777e-01,9.89706e-01,9.99999e-01
2.191225384e+00,9.17458e-18,9.99999e-01,9.37270e-18,9.79010e-01,9.89909e-01,9.99999e-01
2.202181511e+00,7.95891e-12,9.99999e-01,8.16713e-12,9.74031e-01,9.90107e-01,9.99999e-01
2.213192418e+00,8.32123e-07,9.99999e-01,8.52462e-07,9.73752e-01,9.90301e-01,9.99999e-01
2.224258381e+00,1.92270e-04,9.99999e-01,1.98296e-04,9.69082e-01,9.90492e-01,9.99998e-01
2.235379672e+00,3.59835e-03,9.99999e-01,3.71463e-03,9.73612e-01,9.90679e-01,9.99998e-01
2.246556571e+00,2.06561e-02,9.99999e-01,2.16754e-02,9.53785e-01,9.90862e-01,9.99998e-01
2.257789354e+00,9.15602e-02,9.99999e-01,9.55628e-02,9.64163e-01,9.91042e-01,9.99998e-01
2.269078300e+00,1.12864e-01,9.99999e-01,1.24250e-01,9.13957e-01,9.91218e-01,9.99998e-01
2.280423692e+00,1.23461e-01,9.99999e-01,1.33680e-01,9.28270e-01,9.91391e-01,9.99997e-01
2.291825810e+00,2.29896e-01,9.99999e-01,2.67340e-01,8.63590e-01,9.91560e-01,9.99997e-01
2.303284939e+00,3.08227e-01,9.99999e-01,3.53461e-01,8.77033e-01,9.91726e-01,9.99996e-01
2.314801364e+00,3.14748e-01,9.99999e-01,3.95921e-01,7.98220e-01,9.91889e-01,9.99995e-01
2.326375371e+00,4.25512e-01,9.99999e-01,5.39774e-01,7.91138e-01,9.92048e-01,9.99994e-01
2.338007248e+00,3.88091e-01,9.99999e-01,5.11071e-01,7.61355e-01,9.92205e-01,9.99992e-01
2.349697284e+00,3.54915e-01,9.99999e-01,5.58510e-01,6.32818e-01,9.92358e-01,9.99989e-01
2.361445770e+00,4.29881e-01,9.99999e-01,6.27091e-01,6.88371e-01,9.92508e-01,9.99985e-01
2.373252999e+00,3.96858e-01,9.99999e-01,6.55525e-01,6.03270e-01,9.92656e-01,9.99979e-01
2.385119264e+00,3.54143e-01,9.99999e-01,8.30810e-01,4.24037e-01,9.92800e-01,9.99972e-01
2.397044861e+00,5.34117e-01,9.99999e-01,9.26415e-01,5.79084e-01,9.92942e-01,9.99958e-01
2.409030085e+00,3.23669e-01,9.99999e-01,8.75884e-01,3.69816e-01,9.93081e-01,9.99939e-01
2.421075235e+00,3.12995e-01,9.99999e-01,7.87724e-01,3.82296e-01,9.93217e-01,9.99917e-01
2.433180612e+00,8.58923e-02,9.99999e-01,2.87269e-01,2.39497e-01,9.93351e-01,9.99888e-01
2.445346515e+00,6.47133e-02,9.99999e-01,5.51493e-01,1.00998e-01,9.93482e-01,9.99851e-01
2.457573247e+00,4.77966e-03,9.99999e-01,3.47916e-02,6.20289e-02,9.93610e-01,9.99799e-01
2.469861113e+00,2.39776e-09,9.99999e-01,4.70069e-08,5.21173e-03,9.93736e-01,9.99729e-01
2.482210419e+00,2.35723e-35,9.99999e-01,6.01584e-32,8.91488e-05,9.93859e-01,9.99619e-01
2.494621471e+00,4.73663e-54,9.99999e-01,4.02312e-49,5.94851e-07,9.93980e-01,9.99460e-01
2.507094578e+00,1.18383e-57,9.99999e-01,1.18754e-47,6.74990e-12,9.94099e-01,9.99211e-01
2.519630051e+00,1.43870e-78,9.99999e-01,3.72089e-63,1.17696e-17,9.94215e-01,9.98848e-01
2.532228202e+00,4.95201e-106,9.99999e-01,7.69027e-85,2.95209e-23,9.94329e-01,9.98459e-01
2.544889343e+00,1.38634e-111,9.99999e-01,1.73079e-83,2.91162e-30,9.94440e-01,9.98030e-01
2.557613789e+00,3.76923e-153,9.99999e-01,5.68322e-125,2.51782e-30,9.94550e-01,9.97682e-01
2.570401858e+00,8.94115e-239,9.99999e-01,8.42864e-199,3.20776e-42,9.94657e-01,9.97492e-01
2.583253867e+00,0.00000e+00,9.99999e-01,0.00000e+00,3.49333e-42,9.94762e-01,9.97258e-01
2.596170137e+00,0.00000e+00,9.99999e-01,0.00000e+00,5.97913e-36,9.94866e-01,9.97217e-01
2.609150988e+00,0.00000e+00,9.99999e-01,0.00000e+00,1.61037e-25,9.94967e-01,9.97028e-01
2.622196742e+00,0.00000e+00,9.99999e-01,0.00000e+00,1.55428e-21,9.95066e-01,9.96946e-01
2.635307726e+00,0.00000e+00,9.99999e-01,0.00000e+00,2.97463e-10,9.95163e-01,9.96808e-01
2.648484265e+00,0.00000e+00,9.99999e-01,0.00000e+00,3.10955e-12,9.95258e-01,9.96355e-01
2.661726686e+00,0.00000e+00,9.99999e-01,0.00000e+00,3.76737e-21,9.95352e-01,9.95940e-01
2.675035320e+00,0.00000e+00,9.99999e-01,0.00000e+00,1.03951e-73,9.95443e-01,9.96146e-01
2.688410496e+00,0.00000e+00,9.99999e-01,0.00000e+00,1.89809e-36,9.95533e-01,9.96364e-01
2.701852549e+00,0.00000e+00,9.99999e-01,0.00000e+00,7.75113e-32,9.95621e-01,9.96710e-01
2.715361811e+00,0.00000e+00,9.99999e-01,0.00000e+00,1.24849e-31,9.95707e-01,9.96939e-01
2.728938620e+00,0.00000e+00,9.99999e-01,0.00000e+00,1.18832e-22,9.95792e-01,9.97287e-01
2.742583314e+00,0.00000e+00,9.99999e-01,0.00000e+00,3.09863e-24,9.95875e-01,9.97387e-01
2.756296230e+00,0.00000e+00,9.99999e-01,0.00000e+00,2.37353e-25,9.95956e-01,9.97491e-01
2.770077711e+00,0.00000e+00,9.99999e-01,0.00000e+00,3.24749e-34,9.96036e-01,9.97844e-01
2.783928100e+00,0.00000e+00,9.99999e-01,0.00000e+00,2.97186e-34,9.96114e-01,9.98029e-01
2.797847740e+00,0.00000e+00,9.99999e-01,0.00000e+00,3.49809e-26,9.96191e-01,9.98306e-01
2.811836979e+00,0.00000e+00,9.99999e-01,0.00000e+00,8.53478e-28,9.96266e-01,9.98651e-01
2.825896164e+00,0.00000e+00,9.99999e-01,0.00000e+00,4.11036e-24,9.96339e-01,9.98959e-01
2.840025645e+00,0.00000e+00,9.99999e-01,0.00000e+00,8.91584e-19,9.96412e-01,9.99178e-01
2.854225773e+00,0.00000e+00,9.99999e-01,0.00000e+00,9.25683e-17,9.96482e-01,9.99348e-01
2.868496902e+00,0.00000e+00,9.99999e-01,0.00000e+00,8.62804e-16,9.96552e-01,9.99531e-01
2.882839386e+00,0.00000e+00,9.99999e-01,0.00000e+00,1.19538e-12,9.96620e-01,9.99655e-01
2.897253583e+00,0.00000e+00,9.99999e-01,0.00000e+00,8.45438e-11,9.96686e-01,9.99723e-01
2.911739851e+00,0.00000e+00,9.99999e-01,0.00000e+00,1.53044e-07,9.96752e-01,9.99779e-01
2.926298550e+00,0.00000e+00,9.99999e-01,0.00000e+00,6.58508e-06,9.96816e-01,9.99833e-01
2.940930043e+00,0.00000e+00,9.99999e-01,0.00000e+00,9.60128e-06,9.96878e-01,9.99867e-01
2.955634693e+00,0.00000e+00,9.99999e-01,0.00000e+00,2.22651e-05,9.96940e-01,9.99889e-01
2.970412867e+00,0.00000e+00,9.99999e-01,0.00000e+00,3.13467e-05,9.97000e-01,9.99913e-01
2.985264931e+00,5.07270e-303,9.99999e-01,2.03306e-300,6.81101e-04,9.97059e-01,9.99932e-01
3.000191256e+00,6.38947e-237,9.99999e-01,5.16893e-235,1.04260e-03,9.97117e-01,9.99942e-01
3.015192212e+00,2.07129e-252,9.99999e-01,1.55385e-250,4.69595e-03,9.97174e-01,9.99951e-01
3.030268173e+00,4.33078e-204,9.99999e-01,1.72980e-202,1.21401e-02,9.97230e-01,9.99958e-01
3.045419514e+00,1.92936e-125,9.99999e-01,1.14238e-123,3.22975e-03,9.97285e-01,9.99962e-01
3.060646612e+00,2.17137e-58,9.99999e-01,2.98077e-57,3.60185e-02,9.97338e-01,9.99966e-01
3.075949845e+00,4.56127e-47,9.99999e-01,1.77107e-45,4.04781e-02,9.97391e-01,3.30975e-01
3.091329594e+00,2.28855e-45,9.99999e-01,3.01742e-43,2.70723e-02,9.97442e-01,6.94909e-02
3.106786242e+00,4.59143e-47,9.99999e-01,5.11582e-43,7.07022e-02,9.97493e-01,7.28258e-04
3.122320173e+00,1.11704e-39,9.99999e-01,2.74166e-30,9.91620e-02,9.97542e-01,2.16942e-09
3.137931774e+00,3.45538e-34,9.99999e-01,2.50109e-29,1.11330e-01,9.97590e-01,8.47662e-05
3.153621433e+00,3.94232e-32,9.99999e-01,1.06844e-30,2.30486e-01,9.97638e-01,8.65852e-02
3.169389540e+00,1.80285e-45,9.99999e-01,8.62761e-41,2.61933e-01,9.97685e-01,4.86343e-05
3.185236488e+00,1.73062e-40,9.99999e-01,5.83232e-33,1.91445e-01,9.97730e-01,8.45892e-08
3.201162670e+00,1.11476e-39,9.99999e-01,2.46297e-26,3.57756e-02,9.97775e-01,4.30483e-13
3.217168483e+00,1.17682e-43,9.99999e-01,6.22109e-25,9.59864e-02,9.97819e-01,1.44052e-18
3.233254326e+00,3.53752e-49,9.99999e-01,1.22131e-21,1.98550e-01,9.97862e-01,8.72847e-28
3.249420598e+00,1.10103e-57,9.99999e-01,6.55277e-13,3.19571e-01,9.97904e-01,3.41107e-45
3.265667701e+00,5.99120e-83,9.99999e-01,7.96736e-11,1.98910e-01,9.97945e-01,2.62644e-72
3.281996039e+00,3.32596e-121,9.99999e-01,1.72442e-08,2.77267e-01,9.97986e-01,5.30835e-113
3.298406019e+00,9.03970e-170,9.99999e-01,4.69938e-07,1.08159e-01,9.98026e-01,1.19478e-162
3.314898049e+00,2.52800e-235,9.99999e-01,8.34111e-07,9.17974e-02,9.98065e-01,2.65991e-228
3.331472540e+00,1.13223e-192,9.99999e-01,1.37078e-06,1.71496e-01,9.98103e-01,3.85708e-186
3.348129902e+00,4.28864e-140,9.99999e-01,2.25368e-05,1.57862e-01,9.98140e-01,9.28674e-135
3.364870552e+00,8.92358e-97,9.99999e-01,4.43188e-05,2.25637e-01,9.98177e-01,8.05301e-92
3.381694905e+00,4.26588e-61,9.99999e-01,1.28130e-04,2.61213e-01,9.98213e-01,9.39232e-57
3.398603379e+00,2.15610e-37,9.99999e-01,1.42964e-03,3.82493e-01,9.98248e-01,3.57703e-34
3.415596396e+00,4.81475e-23,9.99999e-01,2.36009e-03,4.90882e-01,9.98283e-01,3.95086e-20
3.432674378e+00,7.26475e-16,9.99999e-01,6.11274e-04,5.17084e-01,9.98316e-01,2.07754e-12
3.449837750e+00,4.94208e-11,9.99999e-01,1.19398e-05,6.37595e-01,9.98350e-01,5.70752e-06
3.467086939e+00,6.13389e-10,9.99999e-01,6.42243e-09,7.33476e-01,9.98382e-01,1.21154e-01
3.484422373e+00,3.32534e-12,9.99999e-01,5.65967e-12,7.48462e-01,9.98414e-01,7.08105e-01
3.501844485e+00,6.01642e-17,9.99999e-01,1.68779e-16,8.46409e-01,9.98445e-01,4.03700e-01
3.519353708e+00,5.76653e-20,9.99999e-01,6.31597e-20,8.70017e-01,9.98476e-01,9.99456e-01
3.536950476e+00,7.14681e-24,9.99999e-01,7.97414e-24,8.81580e-01,9.98506e-01,9.98450e-01
3.554635228e+00,4.53758e-24,9.99999e-01,4.84047e-24,9.25696e-01,9.98536e-01,9.96514e-01
3.572408405e+00,1.15992e-19,9.99999e-01,1.23015e-19,9.28141e-01,9.98565e-01,9.94116e-01
3.590270447e+00,9.38224e-19,9.99999e-01,9.77530e-19,9.49484e-01,9.98593e-01,9.96654e-01
3.608221799e+00,1.18423e-13,9.99999e-01,1.22322e-13,9.60566e-01,9.98621e-01,9.98325e-01
3.626262908e+00,4.89273e-08,9.99999e-01,5.01767e-08,9.66246e-01,9.98648e-01,9.99654e-01
3.644394222e+00,2.20243e-06,9.99999e-01,2.24573e-06,9.79619e-01,9.98674e-01,9.99863e-01
3.662616193e+00,9.11603e-04,9.99999e-01,9.35633e-04,9.66240e-01,9.98701e-01,9.99211e-01
3.680929274e+00,3.92964e-02,9.99999e-01,4.13310e-02,9.46202e-01,9.98726e-01,9.96124e-01
3.699333921e+00,2.34082e-01,9.99999e-01,2.42320e-01,9.74455e-01,9.98751e-01,9.91356e-01
3.717830590e+00,1.54081e-01,9.99999e-01,1.59807e-01,9.79935e-01,9.98776e-01,9.82801e-01
3.736419743e+00,6.31705e-03,9.99999e-01,6.61819e-03,9.76619e-01,9.98800e-01,9.73561e-01
3.755101842e+00,3.12568e-07,9.99999e-01,3.26091e-07,9.74881e-01,9.98824e-01,9.76680e-01
3.773877351e+00,2.16343e-15,9.99999e-01,2.23079e-15,9.79242e-01,9.98847e-01,9.86568e-01
3.792746738e+00,4.73989e-37,9.99999e-01,4.85116e-37,9.75042e-01,9.98870e-01,9.94663e-01
3.811710472e+00,1.53112e-24,9.99999e-01,1.56297e-24,9.69389e-01,9.98892e-01,9.97599e-01
3.830769024e+00,3.28892e-24,9.99999e-01,3.36520e-24,9.66979e-01,9.98914e-01,9.99081e-01
3.849922869e+00,2.47802e-33,9.99999e-01,2.54721e-33,9.51704e-01,9.98935e-01,9.99762e-01
3.869172484e+00,4.10048e-21,9.99999e-01,4.23250e-21,9.44427e-01,9.98956e-01,9.97955e-01
3.888518346e+00,9.31706e-10,9.99999e-01,9.60081e-10,9.68657e-01,9.98977e-01,9.95060e-01
3.907960938e+00,2.91568e-07,9.99999e-01,3.02894e-07,9.64938e-01,9.98997e-01,9.91463e-01
3.927500742e+00,1.59799e-07,9.99999e-01,1.74389e-07,7.95164e-01,9.99017e-01,9.89779e-01
3.947138246e+00,5.84718e-11,9.99999e-01,6.52641e-11,8.69626e-01,9.99036e-01,9.94352e-01
3.966873937e+00,2.49760e-16,9.99999e-01,2.68576e-16,6.96613e-01,9.99055e-01,9.98835e-01
3.986708307e+00,1.11192e-24,9.99999e-01,1.15147e-24,9.40062e-01,9.99074e-01,9.99998e-01
4.006641849e+00,4.46331e-44,9.99999e-01,4.52876e-44,9.78155e-01,9.99092e-01,9.99998e-01
4.026675058e+00,3.40802e-217,9.99999e-01,3.46525e-217,9.74754e-01,9.99110e-01,9.99998e-01
4.046808433e+00,0.00000e+00,9.99999e-01,0.00000e+00,9.69378e-01,9.99128e-01,9.99998e-01
4.067042475e+00,0.00000e+00,9.99999e-01,0.00000e+00,9.64891e-01,9.99145e-01,9.99998e-01
4.087377688e+00,0.00000e+00,9.99999e-01,0.00000e+00,9.62341e-01,9.99162e-01,9.99997e-01
4.107814576e+00,0.00000e+00,9.99999e-01,0.00000e+00,9.48356e-01,9.99178e-01,9.99997e-01
4.128353649e+00,0.00000e+00,9.99999e-01,0.00000e+00,9.19943e-01,9.99194e-01,9.99997e-01
4.148995417e+00,0.00000e+00,9.99999e-01,0.00000e+00,9.01015e-01,9.99210e-01,9.99997e-01
4.169740394e+00,0.00000e+00,9.99999e-01,0.00000e+00,8.47074e-01,9.99226e-01,9.99997e-01
4.190589096e+00,0.00000e+00,9.99999e-01,0.00000e+00,8.17371e-01,9.99241e-01,9.99997e-01
4.211542042e+00,0.00000e+00,9.99999e-01,0.00000e+00,7.27493e-01,9.99256e-01,9.99997e-01
4.232599752e+00,0.00000e+00,9.99999e-01,0.00000e+00,7.02975e-01,9.99271e-01,9.99997e-01
4.253762751e+00,0.00000e+00,9.99999e-01,0.00000e+00,6.41103e-01,9.99285e-01,9.99997e-01
4.275031564e+00,0.00000e+00,9.99999e-01,0.00000e+00,5.41112e-01,9.99299e-01,9.99997e-01
4.296406722e+00,0.00000e+00,9.99999e-01,0.00000e+00,4.46241e-01,9.99313e-01,9.99996e-01
4.317888756e+00,0.00000e+00,9.99999e-01,0.00000e+00,4.95347e-01,9.99327e-01,9.99996e-01
4.339478200e+00,0.00000e+00,9.99999e-01,0.00000e+00,4.13506e-01,9.99340e-01,9.99996e-01
4.361175591e+00,0.00000e+00,9.99999e-01,0.00000e+00,3.55119e-01,9.99353e-01,9.99996e-01
4.382981469e+00,0.00000e+00,9.99999e-01,0.00000e+00,3.56941e-01,9.99366e-01,9.99995e-01
4.404896376e+00,0.00000e+00,9.99999e-01,0.00000e+00,3.42554e-01,9.99378e-01,9.99995e-01
4.426920858e+00,0.00000e+00,9.99999e-01,0.00000e+00,2.29183e-01,9.99390e-01,9.99995e-01
4.449055462e+00,0.00000e+00,9.99999e-01,0.00000e+00,3.52005e-01,9.99402e-01,9.99994e-01
4.471300739e+00,0.00000e+00,9.99999e-01,0.00000e+00,2.60739e-01,9.99414e-01,9.99994e-01
4.493657243e+00,0.00000e+00,9.99999e-01,0.00000e+00,3.46834e-01,9.99426e-01,9.99993e-01
4.516125529e+00,0.00000e+00,9.99999e-01,0.00000e+00,1.87671e-01,9.99437e-01,9.99993e-01
4.538706157e+00,0.00000e+00,9.99999e-01,0.00000e+00,2.77562e-01,9.99448e-01,9.99992e-01
4.561399688e+00,0.00000e+00,9.99999e-01,0.00000e+00,2.47578e-01,9.99459e-01,9.99991e-01
4.584206686e+00,0.00000e+00,9.99999e-01,0.00000e+00,3.44336e-01,9.99470e-01,9.99990e-01
4.607127720e+00,0.00000e+00,9.99999e-01,0.00000e+00,2.40284e-01,9.99480e-01,9.99989e-01
4.630163358e+00,0.00000e+00,9.99999e-01,0.00000e+00,1.07164e-01,9.99490e-01,9.99987e-01
4.653314175e+00,0.00000e+00,9.99999e-01,0.00000e+00,1.04090e-01,9.99500e-01,9.99985e-01
4.676580746e+00,0.00000e+00,9.99999e-01,0.00000e+00,2.54251e-02,9.99510e-01,9.99983e-01
4.699963650e+00,0.00000e+00,9.99999e-01,0.00000e+00,8.82314e-02,9.99520e-01,9.99981e-01
4.723463468e+00,0.00000e+00,9.99999e-01,0.00000e+00,2.73281e-02,9.99529e-01,9.99977e-01
4.747080785e+00,0.00000e+00,9.99999e-01,0.00000e+00,1.31128e-01,9.99539e-01,9.99973e-01
4.770816189e+00,0.00000e+00,9.99999e-01,0.00000e+00,3.40191e-02,9.99548e-01,9.99968e-01
4.794670270e+00,0.00000e+00,9.99999e-01,0.00000e+00,1.82598e-02,9.99557e-01,9.99963e-01
4.818643622e+00,0.00000e+00,9.99999e-01,0.00000e+00,1.62234e-02,9.99565e-01,9.99956e-01
4.842736840e+00,0.00000e+00,9.99999e-01,0.00000e+00,3.81624e-03,9.99574e-01,9.99948e-01
4.866950524e+00,0.00000e+00,9.99999e-01,0.00000e+00,3.10910e-02,9.99582e-01,9.99939e-01
4.891285276e+00,0.00000e+00,9.99999e-01,0.00000e+00,2.08227e-03,9.99591e-01,9.99926e-01
4.915741703e+00,0.00000e+00,9.99999e-01,0.00000e+00,1.15983e-02,9.99599e-01,9.99914e-01
4.940320411e+00,0.00000e+00,9.99999e-01,0.00000e+00,1.23338e-03,9.99607e-01,9.99898e-01
4.965022013e+00,0.00000e+00,9.99999e-01,0.00000e+00,5.62154e-04,9.99614e-01,9.99882e-01
4.989847123e+00,0.00000e+00,9.99999e-01,0.00000e+00,2.00185e-03,9.99622e-01,9.99866e-01
5.014796359e+00,0.00000e+00,9.99999e-01,0.00000e+00,1.26075e-05,9.99629e-01,9.99846e-01
5.039870341e+00,0.00000e+00,9.99999e-01,0.00000e+00,3.60315e-04,9.99637e-01,9.99821e-01
5.065069693e+00,0.00000e+00,9.99999e-01,0.00000e+00,5.90159e-04,9.99644e-01,9.99786e-01
5.090395041e+00,0.00000e+00,9.99999e-01,0.00000e+00,2.22094e-05,9.99651e-01,9.99753e-01
5.115847016e+00,0.00000e+00,9.99999e-01,0.00000e+00,1.04992e-05,9.99658e-01,9.99713e-01
5.141426251e+00,0.00000e+00,9.99999e-01,0.00000e+00,1.96346e-07,9.99664e-01,9.99669e-01
5.167133383e+00,0.00000e+00,9.99999e-01,0.00000e+00,6.08076e-08,9.99671e-01,9.99625e-01
5.192969049e+00,0.00000e+00,9.99999e-01,0.00000e+00,4.71977e-08,9.99678e-01,9.99574e-01
5.218933895e+00,0.00000e+00,9.99999e-01,0.00000e+00,4.92610e-12,9.99684e-01,9.99527e-01
5.245028564e+00,0.00000e+00,9.99999e-01,0.00000e+00,3.63529e-09,9.99690e-01,9.99480e-01
5.271253707e+00,0.00000e+00,9.99999e-01,0.00000e+00,4.03780e-10,9.99696e-01,9.99416e-01
5.297609976e+00,0.00000e+00,9.99999e-01,0.00000e+00,2.13895e-11,9.99702e-01,9.99354e-01
5.324098025e+00,0.00000e+00,9.99999e-01,0.00000e+00,7.24690e-12,9.99708e-01,9.99296e-01
5.350718516e+00,0.00000e+00,9.99999e-01,0.00000e+00,2.41040e-14,9.99714e-01,9.99195e-01
5.377472108e+00,0.00000e+00,9.99999e-01,0.00000e+00,1.85540e-14,9.99719e-01,9.99143e-01
5.404359469e+00,0.00000e+00,9.99999e-01,0.00000e+00,1.51399e-14,9.99725e-01,9.99029e-01
5.431381266e+00,0.00000e+00,9.99999e-01,0.00000e+00,8.37845e-26,9.99730e-01,9.98955e-01
5.458538172e+00,2.66980e-271,9.99999e-01,2.13619e-247,5.00884e-26,9.99736e-01,9.98843e-01
5.485830863e+00,1.76185e-184,9.99999e-01,1.02198e-158,2.09383e-27,9.99741e-01,9.98709e-01
5.513260018e+00,2.47529e-144,9.99999e-01,4.14314e-117,6.43070e-29,9.99746e-01,9.98578e-01
5.540826318e+00,1.43951e-106,9.99999e-01,4.23762e-78,1.29531e-30,9.99751e-01,9.98418e-01
5.568530449e+00,2.36331e-104,9.99999e-01,2.67175e-59,3.39352e-47,9.99756e-01,9.81749e-01
5.596373101e+00,4.21600e-87,9.99999e-01,3.91078e-44,3.66335e-45,9.99761e-01,9.73602e-01
5.624354967e+00,8.46733e-78,9.99999e-01,6.81118e-39,1.27708e-40,9.99765e-01,9.65104e-01
5.652476742e+00,1.13496e-75,9.99999e-01,2.90481e-33,1.63338e-44,9.99770e-01,9.53927e-01
5.680739126e+00,3.99917e-79,9.99999e-01,7.90027e-30,4.67733e-51,9.99775e-01,9.40111e-01
5.709142821e+00,2.11493e-82,9.99999e-01,5.26784e-28,1.31503e-55,9.99779e-01,9.22128e-01
5.737688535e+00,2.59490e-81,9.99999e-01,8.58558e-29,1.07675e-53,9.99783e-01,8.97412e-01
5.766376978e+00,3.36223e-65,9.99999e-01,5.25967e-26,2.40915e-41,9.99788e-01,8.67585e-01
5.795208863e+00,5.60164e-55,9.99999e-01,4.10675e-19,1.78885e-37,9.99792e-01,8.29427e-01
5.824184907e+00,2.95104e-58,9.99999e-01,9.02320e-14,9.19433e-46,9.99796e-01,7.78622e-01
5.853305832e+00,1.85923e-57,9.99999e-01,4.07535e-14,9.67032e-45,9.99800e-01,7.19355e-01
5.882572361e+00,9.26476e-70,9.99999e-01,1.42420e-16,4.59343e-55,9.99804e-01,6.47561e-01
5.911985223e+00,1.36281e-65,9.99999e-01,2.26467e-14,1.36667e-52,9.99808e-01,5.64008e-01
5.941545149e+00,6.63191e-61,9.99999e-01,2.99617e-08,1.87283e-54,9.99811e-01,4.75507e-01
5.971252874e+00,3.79635e-51,9.99999e-01,3.28242e-05,5.00783e-47,9.99815e-01,3.74580e-01
6.001109139e+00,1.21157e-35,9.99999e-01,4.88512e-04,6.83199e-32,9.99819e-01,2.73778e-01
6.031114685e+00,2.89043e-39,9.99999e-01,1.44155e-04,3.01530e-35,9.99822e-01,1.85863e-01
6.061270258e+00,2.03299e-40,9.99999e-01,4.26291e-06,3.65883e-35,9.99826e-01,1.08149e-01
6.091576609e+00,1.31309e-37,9.99999e-01,3.50082e-08,1.26216e-29,9.99829e-01,5.30736e-02
6.122034492e+00,1.14573e-29,9.99999e-01,1.20584e-10,3.39392e-19,9.99833e-01,2.20317e-02
6.152644665e+00,5.45714e-34,9.99999e-01,9.12518e-14,8.33676e-20,9.99836e-01,7.02573e-03
6.183407888e+00,1.84143e-30,9.99999e-01,8.68382e-16,1.06932e-13,9.99839e-01,1.59172e-03
6.214324928e+00,3.02009e-28,9.99999e-01,1.65478e-16,2.49640e-09,9.99842e-01,2.31789e-04
6.245396552e+00,3.15631e-23,9.99999e-01,2.92568e-13,1.57200e-06,9.99845e-01,1.90846e-05
6.276623535e+00,1.34924e-23,9.99999e-01,1.41904e-11,6.91124e-07,9.99848e-01,7.57368e-07
6.308006653e+00,7.80885e-26,9.99999e-01,1.47470e-12,7.68857e-07,9.99851e-01,1.18997e-08
6.339546686e+00,8.49481e-39,9.99999e-01,1.43127e-16,5.26001e-14,9.99854e-01,5.89409e-11
6.371244419e+00,2.06726e-58,9.99999e-01,9.95017e-19,1.26673e-28,9.99857e-01,7.14141e-14
6.403100641e+00,2.56005e-68,9.99999e-01,7.57900e-14,6.54909e-40,9.99860e-01,2.98421e-17
6.435116145e+00,6.72711e-112,9.99999e-01,3.61060e-07,3.10983e-86,9.99863e-01,2.19320e-21
6.467291725e+00,2.89592e-117,9.99999e-01,5.42860e-04,1.08436e-86,9.99865e-01,6.44810e-29
6.499628184e+00,1.33373e-135,9.99999e-01,3.62848e-02,7.19255e-99,9.99868e-01,1.52049e-36
6.532126325e+00,3.31884e-132,9.99999e-01,1.53719e-01,3.52387e-87,9.99871e-01,4.20668e-45
6.564786956e+00,2.98686e-162,9.99999e-01,2.71320e-01,7.54692e-105,9.99873e-01,1.18508e-57
6.597610891e+00,5.24642e-211,9.99999e-01,3.42582e-01,5.55188e-141,9.99876e-01,2.50035e-70
6.630598946e+00,5.57883e-181,9.99999e-01,3.93294e-01,4.63554e-93,9.99878e-01,2.90940e-88
6.663751940e+00,1.30415e-193,9.99999e-01,3.92517e-01,1.00934e-86,9.99880e-01,3.11853e-107
6.697070700e+00,3.81734e-200,9.99999e-01,3.01351e-01,8.01571e-69,9.99883e-01,1.20746e-131
6.730556054e+00,2.04269e-204,9.99999e-01,1.85036e-01,2.44217e-47,9.99885e-01,3.22569e-157
6.764208834e+00,1.11875e-235,9.99999e-01,7.40346e-02,1.58151e-47,9.99887e-01,4.27914e-188
6.798029878e+00,2.03467e-288,9.99999e-01,1.96673e-02,7.11182e-58,9.99890e-01,6.32467e-230
6.832020027e+00,0.00000e+00,9.99999e-01,2.10628e-03,4.98406e-58,9.99892e-01,9.69802e-279
6.866180128e+00,0.00000e+00,9.99999e-01,8.40266e-05,1.59373e-66,9.99894e-01,0.00000e+00
6.900511028e+00,0.00000e+00,9.99999e-01,6.97218e-07,1.35455e-38,9.99896e-01,0.00000e+00
6.935013583e+00,0.00000e+00,9.99999e-01,1.68312e-10,2.61522e-38,9.99898e-01,0.00000e+00
6.969688651e+00,0.00000e+00,9.99999e-01,9.29966e-15,3.63349e-48,9.99900e-01,0.00000e+00
7.004537095e+00,0.00000e+00,9.99999e-01,2.09985e-22,3.45876e-47,9.99902e-01,0.00000e+00
7.039559780e+00,0.00000e+00,9.99999e-01,9.88540e-29,1.81373e-51,9.99904e-01,0.00000e+00
7.074757579e+00,0.00000e+00,9.99999e-01,6.91678e-39,1.71251e-40,9.99906e-01,0.00000e+00
7.110131367e+00,0.00000e+00,9.99999e-01,3.07495e-45,3.97943e-40,9.99908e-01,0.00000e+00
7.145682024e+00,0.00000e+00,9.99999e-01,1.34820e-53,5.39298e-45,9.99909e-01,0.00000e+00
7.181410434e+00,0.00000e+00,9.99999e-01,1.51771e-58,1.21307e-56,9.99911e-01,0.00000e+00
7.217317486e+00,0.00000e+00,9.99999e-01,2.78971e-61,3.72701e-42,9.99913e-01,0.00000e+00
7.253404073e+00,0.00000e+00,9.99999e-01,1.17667e-60,1.89260e-42,9.99915e-01,0.00000e+00
7.289671094e+00,0.00000e+00,9.99999e-01,2.41696e-48,2.48254e-37,9.99916e-01,0.00000e+00
7.326119449e+00,0.00000e+00,9.99999e-01,2.48515e-45,3.55397e-37,9.99918e-01,0.00000e+00
7.362750046e+00,0.00000e+00,9.99999e-01,1.77671e-49,1.55082e-27,9.99919e-01,0.00000e+00
7.399563797e+00,0.00000e+00,9.99999e-01,2.96141e-49,2.82836e-22,9.99921e-01,0.00000e+00
7.436561616e+00,0.00000e+00,9.99999e-01,3.43289e-41,1.31735e-24,9.99923e-01,0.00000e+00
7.473744424e+00,0.00000e+00,9.99999e-01,1.29929e-27,2.41056e-23,9.99924e-01,0.00000e+00
7.511113146e+00,0.00000e+00,9.99999e-01,1.10327e-19,7.73928e-20,9.99926e-01,0.00000e+00
7.548668712e+00,0.00000e+00,9.99999e-01,1.41444e-12,3.11214e-21,9.99927e-01,0.00000e+00
7.586412055e+00,0.00000e+00,9.99999e-01,3.77632e-10,3.41492e-37,9.99928e-01,0.00000e+00
7.624344115e+00,0.00000e+00,9.99999e-01,8.69890e-10,5.25998e-19,9.99930e-01,0.00000e+00
7.662465836e+00,0.00000e+00,9.99999e-01,1.58717e-11,8.43039e-12,9.99931e-01,0.00000e+00
7.700778165e+00,0.00000e+00,9.99999e-01,1.75272e-15,4.10806e-12,9.99933e-01,0.00000e+00
7.739282056e+00,0.00000e+00,9.99999e-01,1.28606e-24,4.92489e-19,9.99934e-01,0.00000e+00
7.777978466e+00,0.00000e+00,9.99999e-01,1.21289e-32,3.74238e-13,9.99935e-01,0.00000e+00
7.816868359e+00,0.00000e+00,9.99999e-01,1.83456e-43,6.33915e-11,9.99936e-01,0.00000e+00
7.855952700e+00,0.00000e+00,9.99999e-01,1.41208e-44,1.76003e-11,9.99938e-01,0.00000e+00
7.895232464e+00,0.00000e+00,9.99999e-01,1.21991e-37,1.73993e-11,9.99939e-01,0.00000e+00
7.934708626e+00,0.00000e+00,9.99999e-01,2.47973e-34,1.04613e-07,9.99940e-01,0.00000e+00
7.974382169e+00,0.00000e+00,9.99999e-01,4.17863e-38,2.24130e-05,9.99941e-01,0.00000e+00
8.014254080e+00,0.00000e+00,9.99999e-01,8.15907e-46,4.19588e-06,9.99942e-01,0.00000e+00
8.054325351e+00,0.00000e+00,9.99999e-01,1.91028e-46,7.29385e-06,9.99943e-01,0.00000e+00
8.094596977e+00,0.00000e+00,9.99999e-01,7.99050e-45,2.28300e-04,9.99945e-01,3.42297e-315
8.135069962e+00,4.10088e-291,9.99999e-01,1.30004e-40,1.93102e-04,9.99946e-01,4.83084e-248
8.175745312e+00,3.15351e-230,9.99999e-01,5.33627e-34,3.45956e-05,9.99947e-01,9.22651e-194
8.216624039e+00,2.09026e-182,9.99999e-01,2.29330e-29,1.00080e-03,9.99948e-01,4.55341e-151
8.257707159e+00,1.99876e-142,9.99999e-01,1.14734e-23,3.14976e-03,9.99949e-01,6.38563e-118
8.298995695e+00,2.85110e-112,9.99999e-01,4.19196e-21,2.07537e-02,9.99950e-01,2.32864e-90
8.340490673e+00,4.53960e-89,9.99999e-01,2.00443e-19,8.14430e-03,9.99951e-01,1.90193e-68
8.382193126e+00,1.39862e-70,9.99999e-01,3.43925e-18,3.53294e-02,9.99952e-01,8.42632e-52
8.424104092e+00,2.96483e-55,9.99999e-01,2.94138e-15,1.24813e-02,9.99953e-01,2.06934e-39
8.466224613e+00,8.76431e-43,9.99999e-01,4.93683e-12,3.02507e-02,9.99953e-01,4.22722e-30
8.508555736e+00,8.37390e-30,9.99999e-01,1.02823e-07,1.16657e-02,9.99954e-01,9.60825e-22
8.551098514e+00,1.65395e-21,9.99999e-01,2.01460e-05,1.13864e-01,9.99955e-01,5.26349e-16
8.593854007e+00,1.38974e-17,9.99999e-01,4.53231e-05,2.54249e-01,9.99956e-01,1.09580e-12
8.636823277e+00,1.03099e-15,9.99999e-01,7.10143e-06,2.91203e-01,9.99957e-01,4.64200e-10
8.680007393e+00,1.69448e-14,9.99999e-01,1.23800e-06,1.35912e-01,9.99958e-01,8.22954e-08
8.723407430e+00,4.72756e-13,9.99999e-01,4.88953e-07,2.07219e-01,9.99959e-01,4.40455e-06
8.767024467e+00,2.13445e-13,9.99999e-01,1.41367e-08,1.53402e-01,9.99959e-01,7.38279e-05
8.810859590e+00,3.91853e-29,9.99999e-01,1.54867e-25,1.60034e-01,9.99960e-01,6.49125e-04
8.854913888e+00,1.78028e-87,9.99999e-01,8.74484e-85,4.57534e-01,9.99961e-01,4.01963e-03
8.899188457e+00,0.00000e+00,9.99999e-01,0.00000e+00,3.99933e-01,9.99962e-01,1.44423e-02
8.943684399e+00,0.00000e+00,9.99999e-01,0.00000e+00,3.11845e-01,9.99962e-01,3.83863e-02
8.988402821e+00,0.00000e+00,9.99999e-01,0.00000e+00,2.87529e-01,9.99963e-01,8.19825e-02
9.033344836e+00,0.00000e+00,9.99999e-01,0.00000e+00,2.11387e-01,9.99964e-01,1.46183e-01
9.078511560e+00,0.00000e+00,9.99999e-01,0.00000e+00,3.16057e-01,9.99965e-01,2.28796e-01
9.123904118e+00,0.00000e+00,9.99999e-01,0.00000e+00,4.44347e-01,9.99965e-01,3.21945e-01
9.169523638e+00,0.00000e+00,9.99999e-01,0.00000e+00,3.59463e-01,9.99966e-01,4.19338e-01
9.215371256e+00,0.00000e+00,9.99999e-01,0.00000e+00,5.90985e-01,9.99967e-01,5.12834e-01
9.261448113e+00,0.00000e+00,9.99999e-01,0.00000e+00,5.62470e-01,9.99967e-01,5.99270e-01
9.307755353e+00,0.00000e+00,9.99999e-01,0.00000e+00,4.29663e-01,9.99968e-01,6.68584e-01
9.354294130e+00,0.00000e+00,9.99999e-01,0.00000e+00,3.53153e-01,9.99968e-01,7.33920e-01
9.401065601e+00,0.00000e+00,9.99999e-01,0.00000e+00,2.16616e-01,9.99969e-01,7.88823e-01
9.448070929e+00,0.00000e+00,9.99999e-01,0.00000e+00,2.88949e-01,9.99970e-01,8.29827e-01
9.495311283e+00,0.00000e+00,9.99999e-01,0.00000e+00,5.38013e-01,9.99970e-01,8.63570e-01
9.542787840e+00,0.00000e+00,9.99999e-01,0.00000e+00,6.32425e-01,9.99971e-01,8.93424e-01
9.590501779e+00,0.00000e+00,9.99999e-01,0.00000e+00,4.69793e-01,9.99971e-01,9.17217e-01
9.638454288e+00,0.00000e+00,9.99999e-01,0.00000e+00,4.79854e-01,9.99972e-01,9.34309e-01
9.686646559e+00,0.00000e+00,9.99999e-01,0.00000e+00,5.00050e-01,9.99972e-01,9.47974e-01
9.735079792e+00,0.00000e+00,9.99999e-01,0.00000e+00,6.01173e-01,9.99973e-01,9.58854e-01
9.783755191e+00,0.00000e+00,9.99999e-01,0.00000e+00,4.97142e-01,9.99973e-01,9.67494e-01
9.832673967e+00,0.00000e+00,9.99999e-01,0.00000e+00,2.41104e-01,9.99974e-01,9.74345e-01
9.881837337e+00,0.00000e+00,9.99999e-01,0.00000e+00,1.07858e-01,9.99974e-01,9.80217e-01
9.931246523e+00,0.00000e+00,9.99999e-01,0.00000e+00,3.87875e-01,9.99975e-01,9.84790e-01
9.980902756e+00,0.00000e+00,9.99999e-01,0.00000e+00,5.44045e-01,9.99975e-01,9.99960e-01
1.003080727e+01,0.00000e+00,9.99999e-01,0.00000e+00,5.46429e-01,9.99976e-01,9.99959e-01
1.008096131e+01,0.00000e+00,9.99999e-01,0.00000e+00,5.90466e-01,9.99976e-01,9.99959e-01
1.013136611e+01,0.00000e+00,9.99999e-01,0.00000e+00,6.67941e-01,9.99977e-01,9.99958e-01
1.018202294e+01,0.00000e+00,9.99999e-01,0.00000e+00,6.98463e-01,9.99977e-01,9.99958e-01
1.023293306e+01,0.00000e+00,9.99999e-01,0.00000e+00,5.25397e-01,9.99978e-01,9.99957e-01
1.028409772e+01,0.00000e+00,9.99999e-01,0.00000e+00,3.22156e-01,9.99978e-01,9.99957e-01
1.033551821e+01,0.00000e+00,9.99999e-01,0.00000e+00,2.90588e-01,9.99979e-01,9.99956e-01
1.038719580e+01,0.00000e+00,9.99999e-01,0.00000e+00,1.34040e-01,9.99979e-01,9.99956e-01
1.043913178e+01,0.00000e+00,9.99999e-01,0.00000e+00,1.48265e-01,9.99979e-01,9.99955e-01
1.049132744e+01,0.00000e+00,9.99999e-01,0.00000e+00,3.21811e-01,9.99980e-01,9.99955e-01
1.054378408e+01,0.00000e+00,9.99999e-01,0.00000e+00,4.26786e-01,9.99980e-01,9.99954e-01
1.059650300e+01,0.00000e+00,9.99999e-01,0.00000e+00,4.08662e-01,9.99980e-01,9.99954e-01
1.064948551e+01,0.00000e+00,9.99999e-01,0.00000e+00,3.70276e-01,9.99981e-01,9.99953e-01
1.070273294e+01,0.00000e+00,9.99999e-01,0.00000e+00,2.42906e-01,9.99981e-01,9.99952e-01
1.075624661e+01,0.00000e+00,9.99999e-01,0.00000e+00,2.65950e-01,9.99982e-01,9.99951e-01
1.081002784e+01,0.00000e+00,9.99999e-01,0.00000e+00,2.70504e-01,9.99982e-01,9.99950e-01
1.086407798e+01,0.00000e+00,9.99999e-01,0.00000e+00,1.14272e-01,9.99982e-01,9.99949e-01
1.091839837e+01,0.00000e+00,9.99999e-01,0.00000e+00,4.10033e-02,9.99983e-01,9.99948e-01
1.097299036e+01,0.00000e+00,9.99999e-01,0.00000e+00,7.97659e-03,9.99983e-01,9.99947e-01
1.102785531e+01,0.00000e+00,9.99999e-01,0.00000e+00,5.06926e-03,9.99983e-01,9.99947e-01
1.108299459e+01,0.00000e+00,9.99999e-01,0.00000e+00,6.82843e-02,9.99984e-01,9.99946e-01
1.113840956e+01,0.00000e+00,9.99999e-01,0.00000e+00,2.35919e-01,9.99984e-01,9.99946e-01
1.119410161e+01,0.00000e+00,9.99999e-01,0.00000e+00,3.24236e-01,9.99984e-01,9.99945e-01
1.125007212e+01,0.00000e+00,9.99999e-01,0.00000e+00,2.14120e-01,9.99984e-01,9.99944e-01
1.130632248e+01,0.00000e+00,9.99999e-01,0.00000e+00,1.76544e-01,9.99985e-01,9.99943e-01
1.136285409e+01,0.00000e+00,9.99999e-01,0.00000e+00,2.74280e-01,9.99985e-01,9.99943e-01
1.141966836e+01,0.00000e+00,9.99999e-01,0.00000e+00,3.09015e-01,9.99985e-01,9.99942e-01
1.147676670e+01,0.00000e+00,9.99999e-01,0.00000e+00,2.38666e-01,9.99986e-01,9.99941e-01
1.153415054e+01,0.00000e+00,9.99999e-01,0.00000e+00,7.51570e-02,9.99986e-01,9.99940e-01
1.159182129e+01,0.00000e+00,9.99999e-01,0.00000e+00,3.96051e-02,9.99986e-01,9.99939e-01
1.164978039e+01,0.00000e+00,9.99999e-01,0.00000e+00,6.01179e-03,9.99986e-01,9.99939e-01
1.170802930e+01,0.00000e+00,9.99999e-01,0.00000e+00,1.23009e-03,9.99987e-01,9.99938e-01
1.176656944e+01,0.00000e+00,9.99999e-01,0.00000e+00,1.71200e-02,9.99987e-01,9.99937e-01
1.182540229e+01,0.00000e+00,9.99999e-01,0.00000e+00,7.85701e-02,9.99987e-01,9.99936e-01
1.188452930e+01,0.00000e+00,9.99999e-01,0.00000e+00,7.99086e-02,9.99987e-01,9.99935e-01
1.194395195e+01,0.00000e+00,9.99999e-01,0.00000e+00,1.14846e-01,9.99988e-01,9.99934e-01
1.200367171e+01,0.00000e+00,9.99999e-01,0.00000e+00,1.82010e-01,9.99988e-01,9.99933e-01
1.206369007e+01,0.00000e+00,9.99999e-01,0.00000e+00,8.79301e-02,9.99988e-01,9.99932e-01
1.212400852e+01,0.00000e+00,9.99999e-01,0.00000e+00,1.72137e-01,9.99988e-01,9.99931e-01
1.218462856e+01,0.00000e+00,9.99999e-01,0.00000e+00,1.66746e-01,9.99988e-01,9.99930e-01
1.224555170e+01,0.00000e+00,9.99999e-01,0.00000e+00,2.36607e-02,9.99989e-01,9.99928e-01
1.230677946e+01,0.00000e+00,9.99999e-01,0.00000e+00,1.15977e-02,9.99989e-01,9.99927e-01
1.236831336e+01,0.00000e+00,9.99999e-01,0.00000e+00,7.04201e-04,9.99989e-01,9.99925e-01
1.243015492e+01,0.00000e+00,9.99999e-01,0.00000e+00,7.59120e-05,9.99989e-01,9.99924e-01
1.249230570e+01,0.00000e+00,9.99999e-01,0.00000e+00,1.06371e-04,9.99989e-01,9.99922e-01
1.255476723e+01,0.00000e+00,9.99999e-01,0.00000e+00,3.98811e-04,9.99990e-01,9.99920e-01
1.261754106e+01,0.00000e+00,9.99999e-01,0.00000e+00,1.35343e-02,9.99990e-01,9.99919e-01
1.268062877e+01,0.00000e+00,9.99999e-01,0.00000e+00,4.95736e-02,9.99990e-01,9.99917e-01
1.274403191e+01,0.00000e+00,9.99999e-01,0.00000e+00,3.28830e-02,9.99990e-01,9.99915e-01
1.280775207e+01,0.00000e+00,9.99999e-01,0.00000e+00,6.98559e-02,9.99990e-01,9.99913e-01
1.287179083e+01,0.00000e+00,9.99999e-01,0.00000e+00,2.83397e-02,9.99990e-01,9.99911e-01
1.293614979e+01,0.00000e+00,9.99999e-01,0.00000e+00,4.29170e-02,9.99991e-01,9.99909e-01
1.300083054e+01,0.00000e+00,9.99999e-01,0.00000e+00,4.43944e-03,9.99991e-01,9.99906e-01
1.306583469e+01,0.00000e+00,9.99999e-01,0.00000e+00,5.44038e-03,9.99991e-01,9.99904e-01
1.313116386e+01,0.00000e+00,9.99999e-01,0.00000e+00,4.04798e-03,9.99991e-01,9.99901e-01
1.319681968e+01,0.00000e+00,9.99999e-01,0.00000e+00,2.11155e-03,9.99991e-01,9.99899e-01
1.326280378e+01,0.00000e+00,9.99999e-01,0.00000e+00,2.71651e-05,9.99991e-01,9.99896e-01
1.332911780e+01,0.00000e+00,9.99999e-01,0.00000e+00,5.87951e-05,9.99992e-01,9.99894e-01
1.339576339e+01,0.00000e+00,9.99999e-01,0.00000e+00,1.67554e-05,9.99992e-01,9.95762e-01
1.346274221e+01,0.00000e+00,9.99999e-01,0.00000e+00,1.06089e-07,9.99992e-01,9.95335e-01
1.353005592e+01,0.00000e+00,9.99999e-01,0.00000e+00,2.80965e-04,9.99992e-01,9.94864e-01
1.359770620e+01,0.00000e+00,9.99999e-01,0.00000e+00,7.39289e-04,9.99992e-01,9.94413e-01
1.366569473e+01,0.00000e+00,9.99999e-01,0.00000e+00,5.29656e-04,9.99992e-01,9.93921e-01
1.373402320e+01,0.00000e+00,9.99999e-01,0.00000e+00,4.70566e-03,9.99992e-01,9.93307e-01
1.380269332e+01,0.00000e+00,9.99999e-01,0.00000e+00,8.51037e-03,9.99993e-01,9.92719e-01
1.387170678e+01,0.00000e+00,9.99999e-01,0.00000e+00,1.48013e-03,9.99993e-01,9.92077e-01
1.394106532e+01,0.00000e+00,9.99999e-01,0.00000e+00,6.17399e-04,9.99993e-01,9.91380e-01
1.401077064e+01,0.00000e+00,9.99999e-01,0.00000e+00,8.55901e-05,9.99993e-01,9.90620e-01
1.408082450e+01,0.00000e+00,9.99999e-01,0.00000e+00,1.13771e-04,9.99993e-01,9.89795e-01
1.415122862e+01,0.00000e+00,9.99999e-01,0.00000e+00,9.99485e-07,9.99993e-01,9.88895e-01
1.422198476e+01,0.00000e+00,9.99999e-01,0.00000e+00,1.32154e-08,9.99993e-01,9.87921e-01
1.429309469e+01,0.00000e+00,9.99999e-01,0.00000e+00,5.22064e-08,9.99993e-01,9.86854e-01
1.436456016e+01,0.00000e+00,9.99999e-01,0.00000e+00,6.63124e-10,9.99994e-01,9.85700e-01
1.443638296e+01,0.00000e+00,9.99999e-01,0.00000e+00,3.72914e-11,9.99994e-01,9.84440e-01
1.450856487e+01,0.00000e+00,9.99999e-01,0.00000e+00,1.49807e-08,9.99994e-01,9.83072e-01
1.458110770e+01,0.00000e+00,9.99999e-01,0.00000e+00,6.25729e-06,9.99994e-01,9.81582e-01
1.465401324e+01,0.00000e+00,9.99999e-01,0.00000e+00,3.55325e-05,9.99994e-01,9.79967e-01
1.472728330e+01,0.00000e+00,9.99999e-01,0.00000e+00,3.67610e-05,9.99994e-01,9.78467e-01
1.480091972e+01,0.00000e+00,9.99999e-01,0.00000e+00,2.68859e-06,9.99994e-01,9.76575e-01
1.487492432e+01,0.00000e+00,9.99999e-01,0.00000e+00,7.95846e-10,9.99994e-01,9.74526e-01
1.494929894e+01,0.00000e+00,9.99999e-01,0.00000e+00,3.60782e-08,9.99994e-01,9.72292e-01
1.502404544e+01,0.00000e+00,9.99999e-01,0.00000e+00,2.07163e-06,9.99994e-01,9.69877e-01
1.509916566e+01,0.00000e+00,9.99999e-01,0.00000e+00,4.11111e-06,9.99995e-01,9.67632e-01
1.517466149e+01,0.00000e+00,9.99999e-01,0.00000e+00,4.89878e-07,9.99995e-01,9.65227e-01
1.525053480e+01,0.00000e+00,9.99999e-01,0.00000e+00,5.15377e-06,9.99995e-01,9.62189e-01
1.532678747e+01,0.00000e+00,9.99999e-01,0.00000e+00,1.57205e-07,9.99995e-01,9.58910e-01
1.540342141e+01,0.00000e+00,9.99999e-01,0.00000e+00,8.48742e-09,9.99995e-01,9.55870e-01
1.548043852e+01,0.00000e+00,9.99999e-01,0.00000e+00,8.13701e-10,9.99995e-01,9.52609e-01
1.555784071e+01,0.00000e+00,9.99999e-01,0.00000e+00,8.65856e-13,9.99995e-01,9.48504e-01
1.563562991e+01,0.00000e+00,9.99999e-01,0.00000e+00,9.79304e-18,9.99995e-01,9.44071e-01
1.571380806e+01,0.00000e+00,9.99999e-01,0.00000e+00,3.28814e-18,9.99995e-01,9.39973e-01
1.579237710e+01,0.00000e+00,9.99999e-01,0.00000e+00,1.15212e-13,9.99995e-01,9.35577e-01
1.587133899e+01,0.00000e+00,9.99999e-01,0.00000e+00,2.51459e-11,9.99995e-01,9.30877e-01
1.595069568e+01,0.00000e+00,9.99999e-01,0.00000e+00,6.65542e-13,9.99995e-01,9.25849e-01
1.603044916e+01,0.00000e+00,9.99999e-01,0.00000e+00,8.13928e-17,9.99995e-01,9.19528e-01
1.611060141e+01,0.00000e+00,9.99999e-01,0.00000e+00,9.67751e-17,9.99996e-01,9.12723e-01
1.619115441e+01,0.00000e+00,9.99999e-01,0.00000e+00,6.93510e-16,9.99996e-01,9.06439e-01
1.627211019e+01,0.00000e+00,9.99999e-01,0.00000e+00,7.96161e-18,9.99996e-01,8.99736e-01
1.635347074e+01,0.00000e+00,9.99999e-01,0.00000e+00,3.27371e-16,9.99996e-01,8.92581e-01
1.643523809e+01,0.00000e+00,9.99999e-01,0.00000e+00,1.79171e-16,9.99996e-01,8.84948e-01
1.651741428e+01,0.00000e+00,9.99999e-01,0.00000e+00,4.52986e-18,9.99996e-01,8.76807e-01
1.660000135e+01,0.00000e+00,9.99999e-01,0.00000e+00,1.88719e-22,9.99996e-01,8.68175e-01
1.668300136e+01,0.00000e+00,9.99999e-01,0.00000e+00,3.53937e-23,9.99996e-01,8.58944e-01
1.676641637e+01,0.00000e+00,9.99999e-01,0.00000e+00,4.76301e-20,9.99996e-01,8.49139e-01
1.685024845e+01,0.00000e+00,9.99999e-01,0.00000e+00,7.48015e-21,9.99996e-01,8.38714e-01
1.693449969e+01,0.00000e+00,9.99999e-01,0.00000e+00,1.64590e-25,9.99996e-01,8.27657e-01
1.701917219e+01,0.00000e+00,9.99999e-01,0.00000e+00,1.45743e-27,9.99996e-01,8.15929e-01
1.710426805e+01,0.00000e+00,9.99999e-01,0.00000e+00,3.83430e-35,9.99996e-01,8.03508e-01
1.718978939e+01,0.00000e+00,9.99999e-01,0.00000e+00,4.99702e-38,9.99996e-01,7.92614e-01
1.727573834e+01,0.00000e+00,9.99999e-01,0.00000e+00,1.17440e-38,9.99996e-01,7.81183e-01
1.736211703e+01,0.00000e+00,9.99999e-01,0.00000e+00,7.39906e-42,9.99996e-01,7.66791e-01
1.744892761e+01,0.00000e+00,9.99999e-01,0.00000e+00,4.71948e-36,9.99996e-01,7.51579e-01
1.753617225e+01,0.00000e+00,9.99999e-01,0.00000e+00,3.62002e-29,9.99997e-01,7.35585e-01
1.762385311e+01,0.00000e+00,9.99999e-01,0.00000e+00,3.80561e-28,9.99997e-01,7.18775e-01
1.771197238e+01,0.00000e+00,9.99999e-01,0.00000e+00,1.53196e-30,9.99997e-01,7.01122e-01
1.780053224e+01,0.00000e+00,9.99999e-01,0.00000e+00,1.61513e-32,9.99997e-01,6.85792e-01
1.788953490e+01,0.00000e+00,9.99999e-01,0.00000e+00,1.53533e-35,9.99997e-01,6.69853e-01
1.797898258e+01,0.00000e+00,9.99999e-01,0.00000e+00,5.79769e-40,9.99997e-01,6.49946e-01
1.806887749e+01,0.00000e+00,9.99999e-01,0.00000e+00,3.64461e-41,9.99997e-01,6.29218e-01
1.815922188e+01,0.00000e+00,9.99999e-01,0.00000e+00,1.22061e-54,9.99997e-01,6.11342e-01
1.825001799e+01,0.00000e+00,9.99999e-01,0.00000e+00,3.01167e-41,9.99997e-01,5.92877e-01
1.834126808e+01,0.00000e+00,9.99999e-01,0.00000e+00,1.29180e-39,9.99997e-01,5.70041e-01
1.843297442e+01,0.00000e+00,9.99999e-01,0.00000e+00,5.84942e-40,9.99997e-01,5.46489e-01
1.852513929e+01,0.00000e+00,9.99999e-01,0.00000e+00,2.03417e-53,9.99997e-01,5.26373e-01
1.861776499e+01,0.00000e+00,9.99999e-01,0.00000e+00,4.50642e-64,9.99997e-01,5.05745e-01
1.871085381e+01,0.00000e+00,9.99999e-01,0.00000e+00,6.27769e-51,9.99997e-01,4.80522e-01
1.880440808e+01,0.00000e+00,9.99999e-01,0.00000e+00,7.99029e-43,9.99997e-01,4.59172e-01
1.889843012e+01,0.00000e+00,9.99999e-01,0.00000e+00,3.26648e-44,9.99997e-01,4.37463e-01
1.899292227e+01,0.00000e+00,9.99999e-01,0.00000e+00,8.88486e-60,9.99997e-01,4.11193e-01
1.908788688e+01,0.00000e+00,9.99999e-01,0.00000e+00,1.22877e-57,9.99997e-01,3.89177e-01
1.918332632e+01,0.00000e+00,9.99999e-01,0.00000e+00,3.76320e-58,9.99997e-01,3.67000e-01
1.927924295e+01,0.00000e+00,9.99999e-01,0.00000e+00,8.83551e-72,9.99997e-01,3.44935e-01
1.937563916e+01,0.00000e+00,9.99999e-01,0.00000e+00,6.09537e-111,9.99997e-01,3.22854e-01
1.947251736e+01,0.00000e+00,9.99999e-01,0.00000e+00,6.53097e-113,9.99997e-01,3.01060e-01
1.956987994e+01,0.00000e+00,9.99999e-01,0.00000e+00,3.02291e-108,9.99997e-01,2.79466e-01
1.966772934e+01,0.00000e+00,9.99999e-01,0.00000e+00,3.09182e-89,9.99997e-01,2.54039e-01
1.976606799e+01,0.00000e+00,9.99999e-01,0.00000e+00,3.64919e-87,9.99997e-01,2.33434e-01
1.986489833e+01,0.00000e+00,9.99999e-01,0.00000e+00,3.86067e-93,9.99997e-01,2.13323e-01
1.996422282e+01,0.00000e+00,9.99999e-01,0.00000e+00,4.10015e-87,9.99998e-01,1.93984e-01
