#,Wave/freq,Total,O2,CO2,H2O,Rayleigh,CIA
4.000000000e-01,9.39348e-08,9.99999e-01,9.99999e-01,9.99967e-01,9.39378e-08,9.99999e-01
4.020000000e-01,1.29352e-07,9.99999e-01,9.99999e-01,9.99980e-01,1.29355e-07,9.99999e-01
4.040100000e-01,1.76945e-07,9.99999e-01,9.99999e-01,9.99991e-01,1.76947e-07,9.99999e-01
4.060300500e-01,2.40554e-07,9.99999e-01,9.99999e-01,9.99997e-01,2.40555e-07,9.99999e-01
4.080602003e-01,3.25051e-07,9.99999e-01,9.99999e-01,9.99998e-01,3.25051e-07,9.99999e-01
4.101005013e-01,4.36623e-07,9.99999e-01,9.99999e-01,9.99999e-01,4.36623e-07,9.99999e-01
4.121510038e-01,5.83082e-07,9.99999e-01,9.99999e-01,9.99998e-01,5.83083e-07,9.99999e-01
4.142117588e-01,7.74228e-07,9.99999e-01,9.99999e-01,9.99990e-01,7.74234e-07,9.99999e-01
4.162828176e-01,1.02227e-06,9.99999e-01,9.99999e-01,9.99960e-01,1.02231e-06,9.99999e-01
4.183642317e-01,1.34245e-06,9.99999e-01,9.99999e-01,9.99976e-01,1.34248e-06,9.99999e-01
4.204560528e-01,1.75344e-06,9.99999e-01,9.99999e-01,9.99985e-01,1.75346e-06,9.99999e-01
4.225583331e-01,2.27820e-06,9.99999e-01,9.99999e-01,9.99994e-01,2.27821e-06,9.99999e-01
4.246711247e-01,2.94472e-06,9.99999e-01,9.99999e-01,9.99995e-01,2.94473e-06,9.99999e-01
4.267944804e-01,3.78698e-06,9.99999e-01,9.99999e-01,9.99993e-01,3.78700e-06,9.99999e-01
4.289284528e-01,4.84602e-06,9.99999e-01,9.99999e-01,9.99994e-01,4.84604e-06,9.99999e-01
4.310730950e-01,6.17111e-06,9.99999e-01,9.99999e-01,9.99997e-01,6.17112e-06,9.99999e-01
4.332284605e-01,7.82109e-06,9.99999e-01,9.99999e-01,9.99998e-01,7.82109e-06,9.99999e-01
4.353946028e-01,9.86592e-06,9.99999e-01,9.99999e-01,9.99999e-01,9.86593e-06,9.99999e-01
4.375715758e-01,1.23884e-05,9.99999e-01,9.99999e-01,9.99995e-01,1.23884e-05,9.99999e-01
4.397594337e-01,1.54855e-05,9.99999e-01,9.99999e-01,9.99964e-01,1.54861e-05,9.99999e-01
4.419582309e-01,1.92697e-05,9.99999e-01,9.99999e-01,9.99821e-01,1.92731e-05,9.99999e-01
4.441680220e-01,2.38796e-05,9.99999e-01,9.99999e-01,9.99864e-01,2.38828e-05,9.99999e-01
4.463888621e-01,2.94658e-05,9.99999e-01,9.99999e-01,9.99857e-01,2.94700e-05,9.99999e-01
4.486208064e-01,3.62104e-05,9.99999e-01,9.99999e-01,9.99911e-01,3.62135e-05,9.99999e-01
4.508639105e-01,4.43176e-05,9.99999e-01,9.99999e-01,9.99958e-01,4.43194e-05,9.99999e-01
4.531182300e-01,5.40229e-05,9.99999e-01,9.99999e-01,9.99983e-01,5.40237e-05,9.99999e-01
4.553838212e-01,6.55952e-05,9.99999e-01,9.99999e-01,9.99988e-01,6.55959e-05,9.99999e-01
4.576607403e-01,7.93417e-05,9.99999e-01,9.99999e-01,9.99994e-01,7.93421e-05,9.99999e-01
4.599490440e-01,9.56086e-05,9.99999e-01,9.99999e-01,9.99995e-01,9.56090e-05,9.99999e-01
4.622487892e-01,1.14787e-04,9.99999e-01,9.99999e-01,9.99998e-01,1.14787e-04,9.99999e-01
4.645600332e-01,1.37315e-04,9.99999e-01,9.99999e-01,9.99996e-01,1.37316e-04,9.99999e-01
4.668828333e-01,1.63679e-04,9.99999e-01,9.99999e-01,9.99957e-01,1.63686e-04,9.99999e-01
4.692172475e-01,1.94426e-04,9.99999e-01,9.99999e-01,9.99910e-01,1.94443e-04,9.99999e-01
4.715633337e-01,2.30183e-04,9.99999e-01,9.99999e-01,9.99941e-01,2.30196e-04,9.99999e-01
4.739211504e-01,2.71601e-04,9.99999e-01,9.99999e-01,9.99944e-01,2.71616e-04,9.99999e-01
4.762907561e-01,3.19434e-04,9.99999e-01,9.99999e-01,9.99970e-01,3.19444e-04,9.99999e-01
4.786722099e-01,3.74486e-04,9.99999e-01,9.99999e-01,9.99987e-01,3.74491e-04,9.99999e-01
4.810655710e-01,4.37646e-04,9.99999e-01,9.99999e-01,9.99995e-01,4.37647e-04,9.99999e-01
4.834708988e-01,5.09865e-04,9.99999e-01,9.99999e-01,9.99964e-01,5.09883e-04,9.99999e-01
4.858882533e-01,5.92214e-04,9.99999e-01,9.99999e-01,9.99936e-01,5.92251e-04,9.99999e-01
4.883176946e-01,6.85857e-04,9.99999e-01,9.99999e-01,9.99946e-01,6.85894e-04,9.99999e-01
4.907592831e-01,7.92005e-04,9.99999e-01,9.99999e-01,9.99951e-01,7.92043e-04,9.99999e-01
4.932130795e-01,9.11993e-04,9.99999e-01,9.99999e-01,9.99965e-01,9.12023e-04,9.99999e-01
4.956791449e-01,1.04724e-03,9.99999e-01,9.99999e-01,9.99981e-01,1.04726e-03,9.99999e-01
4.981575406e-01,1.19916e-03,9.99999e-01,9.99999e-01,9.99909e-01,1.19926e-03,9.99999e-01
5.006483283e-01,1.36934e-03,9.99999e-01,9.99999e-01,9.99764e-01,1.36966e-03,9.99999e-01
5.031515699e-01,1.55833e-03,9.99999e-01,9.99999e-01,9.98818e-01,1.56017e-03,9.99999e-01
5.056673278e-01,1.77151e-03,9.99999e-01,9.99999e-01,9.99379e-01,1.77261e-03,9.99999e-01
5.081956644e-01,2.00734e-03,9.99999e-01,9.99999e-01,9.99217e-01,2.00891e-03,9.99999e-01
5.107366428e-01,2.26989e-03,9.99999e-01,9.99999e-01,9.99471e-01,2.27109e-03,9.99999e-01
5.132903260e-01,2.56050e-03,9.99999e-01,9.99999e-01,9.99698e-01,2.56127e-03,9.99999e-01
5.158567776e-01,2.88131e-03,9.99999e-01,9.99999e-01,9.99872e-01,2.88167e-03,9.99999e-01
5.184360615e-01,3.23445e-03,9.99999e-01,9.99999e-01,9.99948e-01,3.23462e-03,9.99999e-01
5.210282418e-01,3.62244e-03,9.99999e-01,9.99999e-01,9.99980e-01,3.62251e-03,9.99999e-01
5.236333830e-01,4.04755e-03,9.99999e-01,9.99999e-01,9.99922e-01,4.04786e-03,9.99999e-01
5.262515499e-01,4.51303e-03,9.99999e-01,9.99999e-01,9.99951e-01,4.51324e-03,9.99999e-01
5.288828077e-01,5.02110e-03,9.99999e-01,9.99999e-01,9.99955e-01,5.02132e-03,9.99999e-01
5.315272217e-01,5.57463e-03,9.99999e-01,9.99999e-01,9.99961e-01,5.57485e-03,9.99999e-01
5.341848578e-01,6.17645e-03,9.99999e-01,9.99999e-01,9.99974e-01,6.17661e-03,9.99999e-01
5.368557821e-01,6.82888e-03,9.99999e-01,9.99999e-01,9.99909e-01,6.82949e-03,9.99999e-01
5.395400610e-01,7.53394e-03,9.99999e-01,9.99999e-01,9.99671e-01,7.53641e-03,9.99999e-01
5.422377613e-01,8.29689e-03,9.99999e-01,9.99999e-01,9.99584e-01,8.30034e-03,9.99999e-01
5.449489501e-01,9.12073e-03,9.99999e-01,9.99999e-01,9.99609e-01,9.12429e-03,9.99999e-01
5.476736949e-01,1.00079e-02,9.99999e-01,9.99999e-01,9.99658e-01,1.00113e-02,9.99999e-01
5.504120634e-01,1.09617e-02,9.99999e-01,9.99999e-01,9.99751e-01,1.09644e-02,9.99999e-01
5.531641237e-01,1.19852e-02,9.99999e-01,9.99999e-01,9.99874e-01,1.19867e-02,9.99999e-01
5.559299443e-01,1.30805e-02,9.99999e-01,9.99999e-01,9.99939e-01,1.30813e-02,9.99999e-01
5.587095940e-01,1.42507e-02,9.99999e-01,9.99999e-01,9.99961e-01,1.42512e-02,9.99999e-01
5.615031420e-01,1.54988e-02,9.99999e-01,9.99999e-01,9.99957e-01,1.54995e-02,9.99999e-01
5.643106577e-01,1.68284e-02,9.99999e-01,9.99999e-01,9.99950e-01,1.68292e-02,9.99999e-01
5.671322110e-01,1.82324e-02,9.99999e-01,9.99999e-01,9.99403e-01,1.82433e-02,9.99999e-01
5.699678720e-01,1.97326e-02,9.99999e-01,9.99999e-01,9.99387e-01,1.97447e-02,9.99999e-01
5.728177114e-01,2.13225e-02,9.99999e-01,9.99999e-01,9.99352e-01,2.13363e-02,9.99999e-01
5.756818000e-01,2.30073e-02,9.99999e-01,9.99999e-01,9.99407e-01,2.30210e-02,9.99999e-01
5.785602090e-01,2.47886e-02,9.99999e-01,9.99999e-01,9.99485e-01,2.48014e-02,9.99999e-01
5.814530100e-01,2.66664e-02,9.99999e-01,9.99999e-01,9.99481e-01,2.66802e-02,9.99999e-01
5.843602750e-01,2.86421e-02,9.99999e-01,9.99999e-01,9.99375e-01,2.86600e-02,9.99999e-01
5.872820764e-01,3.05783e-02,9.99999e-01,9.99999e-01,9.94637e-01,3.07431e-02,9.99999e-01
5.902184868e-01,3.27206e-02,9.99999e-01,9.99999e-01,9.93578e-01,3.29321e-02,9.99999e-01
5.931695792e-01,3.50684e-02,9.99999e-01,9.99999e-01,9.95443e-01,3.52289e-02,9.99999e-01
5.961354271e-01,3.74484e-02,9.99999e-01,9.99999e-01,9.95019e-01,3.76359e-02,9.99999e-01
5.991161043e-01,4.00091e-02,9.99999e-01,9.99999e-01,9.96370e-01,4.01548e-02,9.99999e-01
6.021116848e-01,4.26995e-02,9.99999e-01,9.99999e-01,9.97942e-01,4.27875e-02,9.99999e-01
6.051222432e-01,4.54883e-02,9.99999e-01,9.99999e-01,9.98958e-01,4.55357e-02,9.99999e-01
6.081478544e-01,4.83791e-02,9.99999e-01,9.99999e-01,9.99550e-01,4.84008e-02,9.99999e-01
6.111885937e-01,5.13745e-02,9.99999e-01,9.99999e-01,9.99810e-01,5.13842e-02,9.99999e-01
6.142445367e-01,5.44826e-02,9.99999e-01,9.99999e-01,9.99914e-01,5.44872e-02,9.99999e-01
6.173157594e-01,5.77079e-02,9.99999e-01,9.99999e-01,9.99952e-01,5.77106e-02,9.99999e-01
6.204023382e-01,6.10529e-02,9.99999e-01,9.99999e-01,9.99959e-01,6.10554e-02,9.99999e-01
6.235043498e-01,6.45106e-02,9.99999e-01,9.99999e-01,9.99820e-01,6.45221e-02,9.99999e-01
6.266218716e-01,6.80482e-02,9.99999e-01,9.99999e-01,9.99071e-01,6.81114e-02,9.99999e-01
6.297549810e-01,7.17991e-02,9.99999e-01,9.99999e-01,9.99658e-01,7.18235e-02,9.99999e-01
6.329037559e-01,7.56079e-02,9.99999e-01,9.99999e-01,9.99329e-01,7.56586e-02,9.99999e-01
6.360682746e-01,7.95709e-02,9.99999e-01,9.99999e-01,9.99425e-01,7.96166e-02,9.99999e-01
6.392486160e-01,8.36352e-02,9.99999e-01,9.99999e-01,9.99257e-01,8.36973e-02,9.99999e-01
6.424448591e-01,8.78121e-02,9.99999e-01,9.99999e-01,9.98995e-01,8.79004e-02,9.99999e-01
6.456570834e-01,9.17960e-02,9.99999e-01,9.99999e-01,9.95345e-01,9.22252e-02,9.99999e-01
6.488853688e-01,9.63461e-02,9.99999e-01,9.99999e-01,9.96638e-01,9.66710e-02,9.99999e-01
6.521297956e-01,1.00890e-01,9.99999e-01,9.99999e-01,9.96573e-01,1.01237e-01,9.99999e-01
6.553904446e-01,1.05559e-01,9.99999e-01,9.99999e-01,9.96569e-01,1.05922e-01,9.99999e-01
6.586673968e-01,1.10401e-01,9.99999e-01,9.99999e-01,9.97077e-01,1.10725e-01,9.99999e-01
6.619607338e-01,1.15456e-01,9.99999e-01,9.99999e-01,9.98371e-01,1.15644e-01,9.99999e-01
6.652705375e-01,1.20560e-01,9.99999e-01,9.99999e-01,9.99022e-01,1.20678e-01,9.99999e-01
6.685968902e-01,1.25773e-01,9.99999e-01,9.99999e-01,9.99584e-01,1.25826e-01,9.99999e-01
6.719398746e-01,1.31057e-01,9.99999e-01,9.99999e-01,9.99789e-01,1.31084e-01,9.99999e-01
6.752995740e-01,1.36437e-01,9.99999e-01,9.99999e-01,9.99888e-01,1.36453e-01,9.99999e-01
6.786760719e-01,1.41904e-01,9.99999e-01,9.99999e-01,9.99832e-01,1.41928e-01,9.99999e-01
6.820694522e-01,1.47466e-01,9.99999e-01,9.99999e-01,9.99713e-01,1.47508e-01,9.99999e-01
6.854797995e-01,1.53135e-01,9.99999e-01,9.99999e-01,9.99633e-01,1.53191e-01,9.99999e-01
6.889071985e-01,1.58831e-01,9.99999e-01,9.99999e-01,9.99097e-01,1.58975e-01,9.99999e-01
6.923517345e-01,1.62470e-01,9.99999e-01,9.99999e-01,9.85525e-01,1.64856e-01,9.99999e-01
6.958134932e-01,1.69575e-01,9.99999e-01,9.99999e-01,9.92645e-01,1.70832e-01,9.99999e-01
6.992925606e-01,1.75631e-01,9.99999e-01,9.99999e-01,9.92828e-01,1.76900e-01,9.99999e-01
7.027890234e-01,1.81453e-01,9.99999e-01,9.99999e-01,9.91240e-01,1.83057e-01,9.99999e-01
7.063029686e-01,1.87904e-01,9.99999e-01,9.99999e-01,9.92622e-01,1.89300e-01,9.99999e-01
7.098344834e-01,1.94243e-01,9.99999e-01,9.99999e-01,9.92920e-01,1.95627e-01,9.99999e-01
7.133836558e-01,2.00101e-01,9.99999e-01,9.99999e-01,9.90428e-01,2.02035e-01,9.99999e-01
7.169505741e-01,1.93126e-01,9.99999e-01,9.99999e-01,9.26178e-01,2.08519e-01,9.99998e-01
7.205353270e-01,2.07332e-01,9.99999e-01,9.99999e-01,9.63988e-01,2.15077e-01,9.99998e-01
7.241380036e-01,2.11410e-01,9.99999e-01,9.99999e-01,9.53560e-01,2.21706e-01,9.99998e-01
7.277586936e-01,2.18821e-01,9.99999e-01,9.99999e-01,9.58054e-01,2.28402e-01,9.99998e-01
7.313974871e-01,2.24764e-01,9.99999e-01,9.99999e-01,9.55785e-01,2.35162e-01,9.99998e-01
7.350544745e-01,2.36065e-01,9.99999e-01,9.99999e-01,9.75547e-01,2.41982e-01,9.99999e-01
7.387297469e-01,2.44372e-01,9.99999e-01,9.99999e-01,9.81963e-01,2.48860e-01,9.99999e-01
7.424233956e-01,2.53531e-01,9.99999e-01,9.99999e-01,9.91160e-01,2.55792e-01,9.99999e-01
7.461355126e-01,2.61362e-01,9.99999e-01,9.99999e-01,9.94624e-01,2.62774e-01,9.99999e-01
7.498661902e-01,2.69130e-01,9.99999e-01,9.99999e-01,9.97503e-01,2.69803e-01,9.99999e-01
7.536155211e-01,2.76536e-01,9.99999e-01,9.99999e-01,9.98770e-01,2.76876e-01,9.99999e-01
7.573835987e-01,2.83809e-01,9.99999e-01,9.99999e-01,9.99367e-01,2.83989e-01,9.99999e-01
7.611705167e-01,2.91024e-01,9.99999e-01,9.99999e-01,9.99606e-01,2.91139e-01,9.99999e-01
7.649763693e-01,2.98249e-01,9.99999e-01,9.99999e-01,9.99752e-01,2.98322e-01,9.99999e-01
7.688012511e-01,3.05483e-01,9.99999e-01,9.99999e-01,9.99827e-01,3.05536e-01,9.99999e-01
7.726452574e-01,3.12731e-01,9.99999e-01,9.99999e-01,9.99857e-01,3.12776e-01,9.99999e-01
7.765084837e-01,3.19974e-01,9.99999e-01,9.99999e-01,9.99796e-01,3.20039e-01,9.99999e-01
7.803910261e-01,3.09963e-01,9.99999e-01,9.47758e-01,9.99118e-01,3.27323e-01,9.99999e-01
7.842929812e-01,2.64964e-01,9.99999e-01,7.94096e-01,9.96925e-01,3.34624e-01,9.99999e-01
7.882144461e-01,2.65253e-01,9.99999e-01,7.80329e-01,9.93742e-01,3.41939e-01,9.99999e-01
7.921555184e-01,3.00520e-01,9.99999e-01,8.63277e-01,9.96587e-01,3.49264e-01,9.99999e-01
7.961162960e-01,3.21430e-01,9.99999e-01,9.06849e-01,9.93887e-01,3.56597e-01,9.99999e-01
8.000968774e-01,3.42687e-01,9.99999e-01,9.48231e-01,9.92992e-01,3.63935e-01,9.99999e-01
8.040973618e-01,3.58706e-01,9.99999e-01,9.72961e-01,9.92978e-01,3.71274e-01,9.99999e-01
8.081178486e-01,3.67929e-01,9.99999e-01,9.87433e-01,9.84118e-01,3.78612e-01,9.99999e-01
8.121584379e-01,3.59726e-01,9.99999e-01,9.96153e-01,9.35609e-01,3.85945e-01,9.99998e-01
8.162192301e-01,3.63462e-01,9.99999e-01,9.99148e-01,9.24966e-01,3.93272e-01,9.99998e-01
8.203003262e-01,3.85042e-01,9.99999e-01,9.99988e-01,9.61200e-01,4.00589e-01,9.99998e-01
8.244018279e-01,3.86640e-01,9.99999e-01,9.99999e-01,9.47896e-01,4.07893e-01,9.99998e-01
8.285238370e-01,3.96142e-01,9.99999e-01,9.99999e-01,9.54139e-01,4.15183e-01,9.99998e-01
8.326664562e-01,4.02978e-01,9.99999e-01,9.99999e-01,9.53896e-01,4.22454e-01,9.99998e-01
8.368297885e-01,4.15484e-01,9.99999e-01,9.99999e-01,9.66903e-01,4.29706e-01,9.99999e-01
8.410139374e-01,4.28291e-01,9.99999e-01,9.99999e-01,9.80214e-01,4.36935e-01,9.99999e-01
8.452190071e-01,4.39817e-01,9.99999e-01,9.99999e-01,9.90266e-01,4.44140e-01,9.99999e-01
8.494451021e-01,4.48753e-01,9.99999e-01,9.99999e-01,9.94316e-01,4.51318e-01,9.99999e-01
8.536923276e-01,4.56930e-01,9.99999e-01,9.99999e-01,9.96649e-01,4.58466e-01,9.99999e-01
8.579607893e-01,4.64619e-01,9.99999e-01,9.99999e-01,9.97927e-01,4.65583e-01,9.99999e-01
8.622505932e-01,4.72046e-01,9.99999e-01,9.99999e-01,9.98687e-01,4.72667e-01,9.99999e-01
8.665618462e-01,4.31580e-01,9.99999e-01,9.00355e-01,9.99183e-01,4.79715e-01,9.99999e-01
8.708946554e-01,2.71421e-01,9.99999e-01,5.58141e-01,9.99063e-01,4.86726e-01,9.99999e-01
8.752491287e-01,3.07482e-01,9.99999e-01,6.23561e-01,9.98748e-01,4.93698e-01,9.99999e-01
8.796253743e-01,3.84853e-01,9.99999e-01,7.70019e-01,9.98260e-01,5.00630e-01,9.99999e-01
8.840235012e-01,4.42025e-01,9.99999e-01,8.72645e-01,9.98014e-01,5.07518e-01,9.99999e-01
8.884436187e-01,4.84005e-01,9.99999e-01,9.47880e-01,9.92609e-01,5.14363e-01,9.99999e-01
8.928858368e-01,4.72393e-01,9.99999e-01,9.78500e-01,9.26064e-01,5.21162e-01,9.99998e-01
8.973502660e-01,4.59284e-01,9.99999e-01,9.94771e-01,8.74428e-01,5.27914e-01,9.99997e-01
9.018370173e-01,4.99299e-01,9.99999e-01,9.99424e-01,9.34450e-01,5.34618e-01,9.99997e-01
9.063462024e-01,5.01867e-01,9.99999e-01,9.84746e-01,9.40874e-01,5.41272e-01,9.99997e-01
9.108779334e-01,4.81964e-01,9.99999e-01,9.66193e-01,9.09895e-01,5.47874e-01,9.99997e-01
9.154323231e-01,4.94304e-01,9.99999e-01,9.92071e-01,8.98457e-01,5.54425e-01,9.99996e-01
9.200094847e-01,4.62553e-01,9.99999e-01,8.90740e-01,9.19854e-01,5.60922e-01,9.99996e-01
9.246095321e-01,4.21705e-01,9.99999e-01,8.45093e-01,8.75602e-01,5.67365e-01,9.99993e-01
9.292325798e-01,2.16558e-01,9.99999e-01,8.75507e-01,4.22739e-01,5.73752e-01,9.99986e-01
9.338787427e-01,1.74116e-01,9.99999e-01,8.80427e-01,3.34846e-01,5.80083e-01,9.99983e-01
9.385481364e-01,3.45670e-01,9.99999e-01,9.10415e-01,6.42565e-01,5.86356e-01,9.99982e-01
9.432408771e-01,3.04152e-01,9.99999e-01,9.44252e-01,5.41142e-01,5.92572e-01,9.99980e-01
9.479570815e-01,2.51521e-01,9.99999e-01,9.70925e-01,4.31687e-01,5.98728e-01,9.99983e-01
9.526968669e-01,3.16676e-01,9.99999e-01,9.85917e-01,5.30164e-01,6.04825e-01,9.99987e-01
9.574603512e-01,3.35279e-01,9.99999e-01,9.93960e-01,5.51873e-01,6.10862e-01,9.99990e-01
9.622476530e-01,3.79216e-01,9.99999e-01,9.98115e-01,6.15834e-01,6.16839e-01,9.99993e-01
9.670588912e-01,4.70028e-01,9.99999e-01,9.99436e-01,7.55153e-01,6.22753e-01,9.99995e-01
9.718941857e-01,5.26539e-01,9.99999e-01,9.99960e-01,8.37659e-01,6.28607e-01,9.99997e-01
9.767536566e-01,5.47578e-01,9.99999e-01,9.99999e-01,8.63147e-01,6.34397e-01,9.99997e-01
9.816374249e-01,5.74111e-01,9.99999e-01,9.99999e-01,8.96872e-01,6.40126e-01,9.99998e-01
9.865456120e-01,6.03322e-01,9.99999e-01,9.99999e-01,9.34237e-01,6.45791e-01,9.99998e-01
9.914783401e-01,6.24544e-01,9.99999e-01,9.99999e-01,9.58782e-01,6.51393e-01,9.99999e-01
9.964357318e-01,6.42049e-01,9.99999e-01,9.99999e-01,9.77345e-01,6.56932e-01,9.99999e-01
1.001417910e+00,6.53379e-01,9.99999e-01,9.99999e-01,9.86370e-01,6.62407e-01,9.99999e-01
1.006425000e+00,6.62600e-01,9.99999e-01,9.99999e-01,9.92186e-01,6.67818e-01,9.99999e-01
1.011457125e+00,6.69906e-01,9.99999e-01,9.99999e-01,9.95159e-01,6.73165e-01,9.99999e-01
1.016514411e+00,6.76213e-01,9.99999e-01,9.99999e-01,9.96705e-01,6.78448e-01,9.99999e-01
1.021596983e+00,6.81806e-01,9.99999e-01,9.99905e-01,9.97372e-01,6.83666e-01,9.99999e-01
1.026704968e+00,6.83270e-01,9.99999e-01,9.93974e-01,9.97948e-01,6.88821e-01,9.99999e-01
1.031838492e+00,6.48126e-01,9.99999e-01,9.35350e-01,9.98512e-01,6.93912e-01,9.99999e-01
1.036997685e+00,6.91693e-02,9.99999e-01,9.90311e-02,9.99113e-01,6.98938e-01,9.99999e-01
1.042182673e+00,2.99424e-02,9.99999e-01,4.25759e-02,9.98938e-01,7.03901e-01,9.99999e-01
1.047393587e+00,4.50782e-02,9.99999e-01,6.36752e-02,9.98596e-01,7.08800e-01,9.99999e-01
1.052630555e+00,2.53414e-04,9.99999e-01,3.55577e-04,9.98070e-01,7.13635e-01,9.99999e-01
1.057893707e+00,8.23215e-04,9.99999e-01,1.14816e-03,9.96774e-01,7.18407e-01,9.99999e-01
1.063183176e+00,4.67020e-03,9.99999e-01,6.48107e-03,9.94704e-01,7.23115e-01,9.99999e-01
1.068499092e+00,1.93888e-02,9.99999e-01,2.68273e-02,9.91163e-01,7.27760e-01,9.99999e-01
1.073841587e+00,7.34852e-02,9.99999e-01,1.01191e-01,9.89641e-01,7.32343e-01,9.99999e-01
1.079210795e+00,1.70828e-01,9.99999e-01,2.34533e-01,9.86797e-01,7.36863e-01,9.99999e-01
1.084606849e+00,3.25586e-01,9.99999e-01,4.47536e-01,9.80038e-01,7.41321e-01,9.99998e-01
1.090029883e+00,4.76858e-01,9.99999e-01,6.57598e-01,9.71227e-01,7.45717e-01,9.99998e-01
1.095480033e+00,5.64411e-01,9.99999e-01,8.13538e-01,9.23755e-01,7.50051e-01,9.99997e-01
1.100957433e+00,5.59405e-01,9.99999e-01,9.05169e-01,8.17974e-01,7.54324e-01,9.99996e-01
1.106462220e+00,4.39887e-01,9.99999e-01,9.59701e-01,6.02924e-01,7.58537e-01,9.99992e-01
1.111994531e+00,2.64153e-01,9.99999e-01,9.84863e-01,3.51110e-01,7.62689e-01,9.99984e-01
1.117554504e+00,1.43653e-01,9.99999e-01,9.96308e-01,1.87864e-01,7.66781e-01,9.99978e-01
1.123142276e+00,2.35021e-01,9.99999e-01,9.99759e-01,3.04932e-01,7.70813e-01,9.99974e-01
1.128757988e+00,3.52525e-01,9.99999e-01,9.99999e-01,4.55008e-01,7.74787e-01,9.99972e-01
1.134401778e+00,1.79358e-01,9.99999e-01,9.99999e-01,2.30336e-01,7.78702e-01,9.99969e-01
1.140073787e+00,4.84521e-01,9.99999e-01,9.99999e-01,6.19164e-01,7.82559e-01,9.99974e-01
1.145774156e+00,2.96807e-01,9.99999e-01,9.99999e-01,3.77453e-01,7.86358e-01,9.99978e-01
1.151503026e+00,2.68468e-01,9.99999e-01,9.99999e-01,3.39796e-01,7.90100e-01,9.99981e-01
1.157260541e+00,3.14734e-01,9.99999e-01,9.99999e-01,3.96502e-01,7.93785e-01,9.99985e-01
1.163046844e+00,4.02016e-01,9.99999e-01,9.99999e-01,5.04153e-01,7.97414e-01,9.99990e-01
1.168862078e+00,4.95454e-01,9.99999e-01,9.99999e-01,6.18555e-01,8.00988e-01,9.99995e-01
1.174706389e+00,5.97905e-01,9.99999e-01,9.99999e-01,7.43195e-01,8.04507e-01,9.99997e-01
1.180579921e+00,6.74243e-01,9.99999e-01,9.99999e-01,8.34490e-01,8.07971e-01,9.99998e-01
1.186482820e+00,7.32304e-01,9.99999e-01,9.99984e-01,9.02552e-01,8.11381e-01,9.99998e-01
1.192415234e+00,7.51284e-01,9.99999e-01,9.78717e-01,9.41820e-01,8.14738e-01,9.99998e-01
1.198377311e+00,4.28885e-01,9.99999e-01,5.46882e-01,9.50639e-01,8.18042e-01,9.99998e-01
1.204369197e+00,2.69529e-16,9.99999e-01,3.37375e-16,9.53314e-01,8.21293e-01,9.99998e-01
1.210391043e+00,1.48741e-62,9.99999e-01,1.85046e-62,9.55301e-01,8.24493e-01,9.99998e-01
1.216442998e+00,2.78265e-54,9.99999e-01,3.44409e-54,9.61947e-01,8.27642e-01,9.99999e-01
1.222525213e+00,1.76391e-53,9.99999e-01,2.15669e-53,9.70207e-01,8.30741e-01,9.99999e-01
1.228637839e+00,2.11400e-41,9.99999e-01,2.57202e-41,9.79200e-01,8.33789e-01,9.99999e-01
1.234781029e+00,3.04022e-26,9.99999e-01,3.65779e-26,9.84538e-01,8.36788e-01,9.99999e-01
1.240954934e+00,1.37979e-17,9.99999e-01,1.65345e-17,9.90184e-01,8.39739e-01,9.99999e-01
1.247159708e+00,3.83839e-09,9.99999e-01,4.57591e-09,9.92357e-01,8.42641e-01,9.99999e-01
1.253395507e+00,4.60481e-06,9.99999e-01,5.47327e-06,9.93199e-01,8.45495e-01,9.99999e-01
1.259662485e+00,8.10240e-04,9.99999e-01,9.59880e-04,9.93521e-01,8.48303e-01,9.99999e-01
1.265960797e+00,1.62198e-02,9.99999e-01,1.92023e-02,9.89694e-01,8.51064e-01,9.99999e-01
1.272290601e+00,1.48360e-01,9.99999e-01,1.76279e-01,9.83789e-01,8.53779e-01,9.99999e-01
1.278652054e+00,1.23082e-01,9.99999e-01,1.47191e-01,9.68054e-01,8.56449e-01,9.99998e-01
1.285045314e+00,1.02126e-03,9.99999e-01,1.21814e-03,9.42763e-01,8.59075e-01,9.99998e-01
1.291470541e+00,6.02544e-08,9.99999e-01,7.43947e-08,9.02419e-01,8.61656e-01,9.99997e-01
1.297927893e+00,1.41358e-03,9.99999e-01,1.74784e-03,8.64257e-01,8.64194e-01,9.99996e-01
1.304417533e+00,3.10911e-02,9.99999e-01,4.15111e-02,8.42587e-01,8.66689e-01,9.99993e-01
1.310939621e+00,5.15753e-03,9.99999e-01,6.63788e-03,8.05300e-01,8.69142e-01,9.99988e-01
1.317494319e+00,4.44864e-22,9.99999e-01,5.75802e-22,8.08819e-01,8.71553e-01,9.99980e-01
1.324081790e+00,6.38892e-11,9.99999e-01,8.42270e-11,7.31445e-01,8.73923e-01,9.99969e-01
1.330702199e+00,5.87241e-09,9.99999e-01,1.15857e-08,3.15882e-01,8.76252e-01,9.99948e-01
1.337355710e+00,4.65921e-09,9.99999e-01,4.79621e-08,3.74272e-02,8.78542e-01,9.99902e-01
1.344042489e+00,3.23333e-12,9.99999e-01,7.20058e-10,3.97286e-04,8.80792e-01,9.99791e-01
1.350762701e+00,1.09777e-14,9.99999e-01,6.68074e-09,3.22488e-07,8.83003e-01,9.99666e-01
1.357516515e+00,2.41947e-14,9.99999e-01,8.33386e-06,3.69220e-10,8.85176e-01,9.99587e-01
1.364304097e+00,1.23992e-09,9.99999e-01,3.59322e-04,1.28440e-06,8.87311e-01,9.99558e-01
1.371125618e+00,4.16159e-06,9.99999e-01,1.68635e-02,1.34848e-04,8.89409e-01,9.99554e-01
1.377981246e+00,1.82942e-05,9.99999e-01,3.22637e-02,3.94227e-04,8.91470e-01,9.99521e-01
1.384871152e+00,8.04421e-07,9.99999e-01,1.35605e-01,4.63313e-06,8.93495e-01,9.99534e-01
1.391795508e+00,3.25078e-07,9.99999e-01,1.58238e-01,1.52402e-06,8.95485e-01,9.99605e-01
1.398754485e+00,6.62863e-06,9.99999e-01,3.18017e-01,2.05477e-05,8.97440e-01,9.99661e-01
1.405748258e+00,8.26586e-06,9.99999e-01,4.32119e-01,1.82839e-05,8.99360e-01,9.99696e-01
1.412776999e+00,1.11864e-05,9.99999e-01,5.87987e-01,1.83637e-05,9.01246e-01,9.99755e-01
1.419840884e+00,2.28611e-05,9.99999e-01,5.20168e-01,3.68137e-05,9.03099e-01,9.99817e-01
1.426940089e+00,1.35815e-04,9.99999e-01,3.32675e-02,4.13443e-04,9.04919e-01,9.99886e-01
1.434074789e+00,0.00000e+00,9.99999e-01,0.00000e+00,2.34617e-03,9.06707e-01,9.99929e-01
1.441245163e+00,0.00000e+00,9.99999e-01,0.00000e+00,7.76594e-03,9.08462e-01,9.99944e-01
1.448451389e+00,0.00000e+00,9.99999e-01,0.00000e+00,3.37177e-02,9.10187e-01,9.99954e-01
1.455693646e+00,0.00000e+00,9.99999e-01,0.00000e+00,1.00847e-01,9.11880e-01,9.99962e-01
1.462972114e+00,1.57196e-247,9.99999e-01,6.09311e-247,1.32533e-01,9.13543e-01,9.99967e-01
1.470286975e+00,1.52336e-103,9.99999e-01,6.51544e-103,9.61623e-02,9.15176e-01,9.99970e-01
1.477638409e+00,1.40509e-65,9.99999e-01,5.99911e-65,1.19909e-01,9.16780e-01,9.99974e-01
1.485026601e+00,4.88616e-37,9.99999e-01,1.77822e-36,1.74833e-01,9.18355e-01,9.99980e-01
1.492451734e+00,1.67476e-31,9.99999e-01,4.42501e-31,2.73857e-01,9.19901e-01,9.99986e-01
1.499913993e+00,3.53949e-14,9.99999e-01,6.38721e-14,4.15619e-01,9.21419e-01,9.99992e-01
1.507413563e+00,5.80098e-13,9.99999e-01,1.03981e-12,5.29661e-01,9.22910e-01,9.99995e-01
1.514950631e+00,2.81389e-14,9.99999e-01,3.94915e-14,6.69905e-01,9.24374e-01,9.99997e-01
1.522525384e+00,1.72149e-46,9.99999e-01,2.21631e-46,7.71367e-01,9.25810e-01,9.99998e-01
1.530138011e+00,7.46487e-110,9.99999e-01,8.93784e-110,8.26779e-01,9.27221e-01,9.99998e-01
1.537788701e+00,1.87472e-81,9.99999e-01,2.17053e-81,8.97929e-01,9.28606e-01,9.99999e-01
1.545477645e+00,8.40957e-18,9.99999e-01,9.47289e-18,9.33520e-01,9.29966e-01,9.99999e-01
1.553205033e+00,8.28447e-13,9.99999e-01,9.26427e-13,9.45202e-01,9.31300e-01,9.99999e-01
1.560971058e+00,2.82291e-13,9.99999e-01,3.09247e-13,9.66002e-01,9.32611e-01,9.99999e-01
1.568775913e+00,3.41478e-277,9.99999e-01,3.71420e-277,9.77303e-01,9.33897e-01,9.99999e-01
1.576619793e+00,0.00000e+00,9.99999e-01,0.00000e+00,9.82361e-01,9.35159e-01,9.99999e-01
1.584502892e+00,0.00000e+00,9.99999e-01,0.00000e+00,9.89231e-01,9.36398e-01,9.99999e-01
1.592425406e+00,4.37462e-247,9.99999e-01,4.69352e-247,9.90015e-01,9.37614e-01,9.99999e-01
1.600387533e+00,0.00000e+00,9.99999e-01,0.00000e+00,9.93093e-01,9.38808e-01,9.99999e-01
1.608389471e+00,0.00000e+00,9.99999e-01,0.00000e+00,9.92860e-01,9.39980e-01,9.99999e-01
1.616431418e+00,0.00000e+00,9.99999e-01,0.00000e+00,9.92672e-01,9.41130e-01,9.99999e-01
1.624513575e+00,7.62438e-314,9.99999e-01,8.13230e-314,9.92165e-01,9.42258e-01,9.99999e-01
1.632636143e+00,4.11925e-233,9.99999e-01,4.39211e-233,9.87745e-01,9.43366e-01,9.99999e-01
1.640799324e+00,1.94948e-95,9.99999e-01,2.08201e-95,9.83687e-01,9.44453e-01,9.99999e-01
1.649003321e+00,1.94140e-95,9.99999e-01,2.08258e-95,9.79292e-01,9.45520e-01,9.99999e-01
1.657248337e+00,6.46158e-74,9.99999e-01,6.92680e-74,9.72564e-01,9.46566e-01,9.99999e-01
1.665534579e+00,2.06592e-74,9.99999e-01,2.23560e-74,9.62840e-01,9.47594e-01,9.99999e-01
1.673862252e+00,1.08444e-47,9.99999e-01,1.16698e-47,9.49939e-01,9.48602e-01,9.99999e-01
1.682231563e+00,2.96290e-33,9.99999e-01,3.18171e-33,9.56012e-01,9.49591e-01,9.99999e-01
1.690642721e+00,8.22154e-19,9.99999e-01,8.96596e-19,9.23966e-01,9.50562e-01,9.99998e-01
1.699095934e+00,3.89986e-12,9.99999e-01,4.29184e-12,9.13591e-01,9.51514e-01,9.99998e-01
1.707591414e+00,1.31129e-06,9.99999e-01,1.44831e-06,9.06818e-01,9.52449e-01,9.99997e-01
1.716129371e+00,3.97605e-04,9.99999e-01,4.53113e-04,8.86074e-01,9.53366e-01,9.99996e-01
1.724710018e+00,1.08879e-02,9.99999e-01,1.30962e-02,8.34036e-01,9.54265e-01,9.99994e-01
1.733333568e+00,4.48031e-02,9.99999e-01,5.74146e-02,7.88708e-01,9.55148e-01,9.99992e-01
1.742000236e+00,1.27610e-01,9.99999e-01,1.84503e-01,6.97419e-01,9.56014e-01,9.99989e-01
1.750710237e+00,1.36612e-03,9.99999e-01,2.19324e-03,5.12050e-01,9.56864e-01,9.99982e-01
1.759463788e+00,8.22184e-46,9.99999e-01,1.58052e-45,2.86225e-01,9.57698e-01,9.99973e-01
1.768261107e+00,3.16335e-48,9.99999e-01,1.17285e-47,1.00036e-01,9.58516e-01,9.99957e-01
1.777102413e+00,2.61040e-47,9.99999e-01,2.93324e-46,2.24859e-02,9.59318e-01,9.99932e-01
1.785987925e+00,2.57913e-45,9.99999e-01,1.55505e-43,2.32814e-03,9.60106e-01,9.99892e-01
1.794917864e+00,8.29130e-44,9.99999e-01,1.40098e-41,2.88718e-04,9.60878e-01,9.99813e-01
1.803892454e+00,2.03390e-44,9.99999e-01,5.01796e-40,1.38019e-06,9.61636e-01,9.99718e-01
1.812911916e+00,1.43711e-44,9.99999e-01,1.90597e-38,5.01195e-08,9.62379e-01,9.99615e-01
1.821976476e+00,1.24325e-44,9.99999e-01,1.57845e-38,8.52708e-08,9.63108e-01,9.99547e-01
1.831086358e+00,1.00652e-37,9.99999e-01,4.48161e-31,7.92981e-09,9.63824e-01,9.99490e-01
1.840241790e+00,7.02925e-32,9.99999e-01,1.80687e-26,2.54221e-07,9.64525e-01,9.99436e-01
1.849442999e+00,1.14808e-23,9.99999e-01,1.82987e-18,9.92305e-07,9.65214e-01,9.99392e-01
1.858690214e+00,6.38202e-26,9.99999e-01,2.87384e-17,4.54006e-10,9.65889e-01,9.99298e-01
1.867983665e+00,1.65323e-26,9.99999e-01,5.27696e-18,1.08047e-10,9.66551e-01,9.99218e-01
1.877323583e+00,1.61435e-89,9.99999e-01,1.83245e-86,1.06185e-04,9.67201e-01,9.99256e-01
1.886710201e+00,7.49725e-116,9.99999e-01,2.06705e-113,2.18646e-04,9.67838e-01,9.99369e-01
1.896143752e+00,1.01535e-131,9.99999e-01,1.98279e-129,7.92304e-04,9.68463e-01,9.99431e-01
1.905624471e+00,6.05544e-155,9.99999e-01,4.79630e-150,2.07406e-06,9.69077e-01,9.99470e-01
1.915152593e+00,3.00656e-122,9.99999e-01,2.24916e-116,8.54988e-08,9.69678e-01,9.99506e-01
1.924728356e+00,9.86567e-146,9.99999e-01,3.33381e-139,1.08117e-08,9.70268e-01,9.99564e-01
1.934351998e+00,0.00000e+00,9.99999e-01,0.00000e+00,2.45205e-09,9.70847e-01,9.99640e-01
1.944023758e+00,0.00000e+00,9.99999e-01,0.00000e+00,5.77531e-06,9.71414e-01,9.99741e-01
1.953743877e+00,0.00000e+00,9.99999e-01,0.00000e+00,2.53148e-05,9.71971e-01,9.99830e-01
1.963512596e+00,0.00000e+00,9.99999e-01,0.00000e+00,7.64361e-04,9.72517e-01,9.99894e-01
1.973330159e+00,0.00000e+00,9.99999e-01,0.00000e+00,4.30621e-03,9.73052e-01,9.99935e-01
1.983196810e+00,0.00000e+00,9.99999e-01,0.00000e+00,6.13847e-02,9.73577e-01,9.99958e-01
1.993112794e+00,0.00000e+00,9.99999e-01,0.00000e+00,1.12264e-01,9.74092e-01,9.99972e-01
2.003078358e+00,0.00000e+00,9.99999e-01,0.00000e+00,2.53706e-01,9.74598e-01,9.99982e-01
2.013093750e+00,0.00000e+00,9.99999e-01,0.00000e+00,4.09473e-01,9.75093e-01,9.99988e-01
2.023159218e+00,0.00000e+00,9.99999e-01,0.00000e+00,5.96420e-01,9.75579e-01,9.99992e-01
2.033275015e+00,0.00000e+00,9.99999e-01,0.00000e+00,6.72812e-01,9.76055e-01,9.99994e-01
2.043441390e+00,0.00000e+00,9.99999e-01,0.00000e+00,7.81628e-01,9.76523e-01,9.99996e-01
2.053658597e+00,0.00000e+00,9.99999e-01,0.00000e+00,8.18478e-01,9.76981e-01,9.99997e-01
2.063926890e+00,0.00000e+00,9.99999e-01,0.00000e+00,8.73279e-01,9.77431e-01,9.99998e-01
2.074246524e+00,0.00000e+00,9.99999e-01,0.00000e+00,8.89557e-01,9.77871e-01,9.99998e-01
2.084617757e+00,0.00000e+00,9.99999e-01,0.00000e+00,9.26458e-01,9.78304e-01,9.99998e-01
2.095040845e+00,0.00000e+00,9.99999e-01,0.00000e+00,9.41385e-01,9.78728e-01,9.99998e-01
2.105516050e+00,0.00000e+00,9.99999e-01,0.00000e+00,9.49635e-01,9.79143e-01,9.99998e-01
2.116043630e+00,0.00000e+00,9.99999e-01,0.00000e+00,9.51833e-01,9.79551e-01,9.99998e-01
2.126623848e+00,0.00000e+00,9.99999e-01,0.00000e+00,9.70367e-01,9.79951e-01,9.99998e-01
2.137256967e+00,0.00000e+00,9.99999e-01,0.00000e+00,9.71741e-01,9.80343e-01,9.99998e-01
2.147943252e+00,2.38148e-318,9.99999e-01,2.47436e-318,9.72822e-01,9.80727e-01,9.99998e-01
2.158682968e+00,2.60962e-191,9.99999e-01,2.71359e-191,9.75093e-01,9.81105e-01,9.99998e-01
2.169476383e+00,4.86204e-93,9.99999e-01,5.05234e-93,9.73510e-01,9.81474e-01,9.99998e-01
2.180323765e+00,3.41059e-58,9.99999e-01,3.54470e-58,9.69664e-01,9.81837e-01,9.99998e-01
2.191225384e+00,9.75526e-30,9.99999e-01,1.01316e-29,9.63121e-01,9.82192e-01,9.99998e-01
2.202181511e+00,1.93160e-19,9.99999e-01,2.02115e-19,9.54546e-01,9.82541e-01,9.99998e-01
2.213192418e+00,1.67319e-10,9.99999e-01,1.74455e-10,9.53951e-01,9.82883e-01,9.99998e-01
2.224258381e+00,6.37516e-07,9.99999e-01,6.70119e-07,9.46015e-01,9.83218e-01,9.99998e-01
2.235379672e+00,6.12773e-05,9.99999e-01,6.46113e-05,9.53604e-01,9.83547e-01,9.99998e-01
2.246556571e+00,1.33430e-03,9.99999e-01,1.44157e-03,9.19892e-01,9.83869e-01,9.99998e-01
2.257789354e+00,1.52821e-02,9.99999e-01,1.64551e-02,9.37244e-01,9.84185e-01,9.99997e-01
2.269078300e+00,2.11942e-02,9.99999e-01,2.50305e-02,8.53204e-01,9.84495e-01,9.99997e-01
2.280423692e+00,2.60836e-02,9.99999e-01,2.98839e-02,8.76409e-01,9.84799e-01,9.99996e-01
2.291825810e+00,7.51625e-02,9.99999e-01,9.75962e-02,7.71897e-01,9.85097e-01,9.99995e-01
2.303284939e+00,1.25281e-01,9.99999e-01,1.59079e-01,7.93172e-01,9.85389e-01,9.99994e-01
2.314801364e+00,1.30743e-01,9.99999e-01,1.94752e-01,6.72463e-01,9.85676e-01,9.99992e-01
2.326375371e+00,2.22825e-01,9.99999e-01,3.36690e-01,6.62843e-01,9.85957e-01,9.99989e-01
2.338007248e+00,1.90893e-01,9.99999e-01,3.04658e-01,6.25235e-01,9.86232e-01,9.99986e-01
2.349697284e+00,1.66020e-01,9.99999e-01,3.57872e-01,4.54587e-01,9.86502e-01,9.99981e-01
2.361445770e+00,2.27108e-01,9.99999e-01,4.37559e-01,5.20672e-01,9.86767e-01,9.99974e-01
2.373252999e+00,2.01918e-01,9.99999e-01,4.75086e-01,4.16423e-01,9.87027e-01,9.99964e-01
2.385119264e+00,1.67086e-01,9.99999e-01,7.22442e-01,2.25962e-01,9.87281e-01,9.99951e-01
2.397044861e+00,3.37874e-01,9.99999e-01,8.73417e-01,3.88861e-01,9.87531e-01,9.99927e-01
2.409030085e+00,1.42388e-01,9.99999e-01,7.91198e-01,1.79172e-01,9.87776e-01,9.99893e-01
2.421075235e+00,1.45455e-01,9.99999e-01,6.60769e-01,2.01602e-01,9.88016e-01,9.99854e-01
2.433180612e+00,1.92070e-02,9.99999e-01,1.23946e-01,9.87645e-02,9.88251e-01,9.99803e-01
2.445346515e+00,1.24373e-02,9.99999e-01,3.64394e-01,2.56415e-02,9.88482e-01,9.99736e-01
2.457573247e+00,2.65054e-04,9.99999e-01,8.01999e-03,1.03544e-02,9.88708e-01,9.99645e-01
2.469861113e+00,7.98949e-15,9.99999e-01,1.55683e-12,3.00051e-04,9.88930e-01,9.99520e-01
2.482210419e+00,6.66973e-61,9.99999e-01,7.24853e-55,1.31328e-07,9.89147e-01,9.99325e-01
2.494621471e+00,4.81056e-94,9.99999e-01,2.01115e-85,7.90385e-11,9.89360e-01,9.99044e-01
2.507094578e+00,1.93994e-100,9.99999e-01,4.58139e-83,1.81423e-19,9.89569e-01,9.98604e-01
2.519630051e+00,1.81512e-137,9.99999e-01,3.68387e-110,1.49671e-29,9.89774e-01,9.97961e-01
2.532228202e+00,3.99219e-186,9.99999e-01,1.40165e-148,1.00428e-39,9.89975e-01,9.97272e-01
2.544889343e+00,5.79401e-196,9.99999e-01,2.59344e-146,7.00094e-52,9.90172e-01,9.96514e-01
2.557613789e+00,1.31623e-269,9.99999e-01,1.10707e-219,3.78216e-52,9.90365e-01,9.95897e-01
2.570401858e+00,0.00000e+00,9.99999e-01,0.00000e+00,4.55540e-73,9.90555e-01,9.95562e-01
2.583253867e+00,0.00000e+00,9.99999e-01,0.00000e+00,4.43385e-73,9.90741e-01,9.95148e-01
2.596170137e+00,0.00000e+00,9.99999e-01,0.00000e+00,5.87057e-61,9.90923e-01,9.95074e-01
2.609150988e+00,0.00000e+00,9.99999e-01,0.00000e+00,8.44851e-44,9.91101e-01,9.94741e-01
2.622196742e+00,0.00000e+00,9.99999e-01,0.00000e+00,7.74923e-37,9.91276e-01,9.94596e-01
2.635307726e+00,0.00000e+00,9.99999e-01,0.00000e+00,4.96373e-17,9.91448e-01,9.94352e-01
2.648484265e+00,0.00000e+00,9.99999e-01,0.00000e+00,1.94290e-20,9.91616e-01,9.93551e-01
2.661726686e+00,0.00000e+00,9.99999e-01,0.00000e+00,9.74728e-36,9.91781e-01,9.92820e-01
2.675035320e+00,0.00000e+00,9.99999e-01,0.00000e+00,7.21384e-129,9.91942e-01,9.93182e-01
2.688410496e+00,0.00000e+00,9.99999e-01,0.00000e+00,7.67878e-63,9.92101e-01,9.93569e-01
2.701852549e+00,0.00000e+00,9.99999e-01,0.00000e+00,6.25889e-55,9.92256e-01,9.94182e-01
2.715361811e+00,0.00000e+00,9.99999e-01,0.00000e+00,1.70510e-54,9.92409e-01,9.94583e-01
2.728938620e+00,0.00000e+00,9.99999e-01,0.00000e+00,6.53265e-39,9.92558e-01,9.95198e-01
2.742583314e+00,0.00000e+00,9.99999e-01,0.00000e+00,1.30250e-41,9.92704e-01,9.95376e-01
2.756296230e+00,0.00000e+00,9.99999e-01,0.00000e+00,3.52010e-43,9.92848e-01,9.95561e-01
2.770077711e+00,0.00000e+00,9.99999e-01,0.00000e+00,4.94172e-59,9.92989e-01,9.96184e-01
2.783928100e+00,0.00000e+00,9.99999e-01,0.00000e+00,5.70097e-59,9.93127e-01,9.96512e-01
2.797847740e+00,0.00000e+00,9.99999e-01,0.00000e+00,6.06088e-45,9.93262e-01,9.97001e-01
2.811836979e+00,0.00000e+00,9.99999e-01,0.00000e+00,7.18273e-48,9.93395e-01,9.97612e-01
2.825896164e+00,0.00000e+00,9.99999e-01,0.00000e+00,1.98230e-41,9.93525e-01,9.98157e-01
2.840025645e+00,0.00000e+00,9.99999e-01,0.00000e+00,7.72254e-32,9.93652e-01,9.98547e-01
2.854225773e+00,0.00000e+00,9.99999e-01,0.00000e+00,5.18850e-28,9.93777e-01,9.98846e-01
2.868496902e+00,0.00000e+00,9.99999e-01,0.00000e+00,1.88693e-26,9.93900e-01,9.99169e-01
2.882839386e+00,0.00000e+00,9.99999e-01,0.00000e+00,3.81046e-21,9.94020e-01,9.99390e-01
2.897253583e+00,0.00000e+00,9.99999e-01,0.00000e+00,4.97274e-18,9.94138e-01,9.99511e-01
2.911739851e+00,0.00000e+00,9.99999e-01,0.00000e+00,2.28397e-12,9.94253e-01,9.99609e-01
2.926298550e+00,0.00000e+00,9.99999e-01,0.00000e+00,3.96665e-09,9.94366e-01,9.99704e-01
2.940930043e+00,0.00000e+00,9.99999e-01,0.00000e+00,6.45627e-09,9.94477e-01,9.99765e-01
2.955634693e+00,0.00000e+00,9.99999e-01,0.00000e+00,1.11773e-08,9.94586e-01,9.99804e-01
2.970412867e+00,0.00000e+00,9.99999e-01,0.00000e+00,4.41037e-08,9.94693e-01,9.99846e-01
2.985264931e+00,0.00000e+00,9.99999e-01,0.00000e+00,3.90220e-06,9.94797e-01,9.99880e-01
3.000191256e+00,0.00000e+00,9.99999e-01,0.00000e+00,1.89728e-05,9.94900e-01,9.99898e-01
3.015192212e+00,0.00000e+00,9.99999e-01,0.00000e+00,1.11953e-04,9.95000e-01,9.99915e-01
3.030268173e+00,0.00000e+00,9.99999e-01,0.00000e+00,4.99538e-04,9.95099e-01,9.99927e-01
3.045419514e+00,1.63079e-220,9.99999e-01,2.25240e-217,8.59779e-05,9.95195e-01,9.99933e-01
3.060646612e+00,1.02476e-101,9.99999e-01,1.06205e-99,3.32780e-03,9.95290e-01,9.99940e-01
3.075949845e+00,5.82541e-82,9.99999e-01,3.64226e-79,4.16489e-03,9.95383e-01,1.40189e-01
3.091329594e+00,7.62502e-79,9.99999e-01,4.04739e-75,3.22296e-03,9.95474e-01,8.09266e-03
3.106786242e+00,8.20937e-82,9.99999e-01,1.41077e-74,1.03238e-02,9.95563e-01,2.34108e-06
3.122320173e+00,1.49372e-68,9.99999e-01,6.21560e-52,1.93253e-02,9.95650e-01,4.64817e-16
3.137931774e+00,1.91993e-59,9.99999e-01,5.66414e-51,2.24221e-02,9.95736e-01,7.63927e-08
3.153621433e+00,3.09955e-55,9.99999e-01,1.06938e-52,8.23974e-02,9.95820e-01,1.29360e-02
3.169389540e+00,7.05066e-79,9.99999e-01,1.49998e-70,1.00847e-01,9.95902e-01,2.09663e-08
3.185236488e+00,3.90597e-70,9.99999e-01,9.29749e-57,6.33607e-02,9.95983e-01,2.67175e-13
3.201162670e+00,5.46052e-69,9.99999e-01,2.41879e-45,3.93843e-03,9.96062e-01,1.08542e-22
3.217168483e+00,1.51330e-76,9.99999e-01,1.88272e-43,1.81607e-02,9.96140e-01,2.36627e-32
3.233254326e+00,8.42808e-86,9.99999e-01,6.41817e-37,6.60198e-02,9.96216e-01,9.18327e-49
3.249420598e+00,8.49856e-101,9.99999e-01,2.44674e-21,1.56668e-01,9.96291e-01,1.21356e-79
3.265667701e+00,5.41262e-146,9.99999e-01,2.57666e-18,6.38790e-02,9.96364e-01,1.50529e-127
3.281996039e+00,7.08479e-214,9.99999e-01,6.72931e-14,1.11575e-01,9.96435e-01,6.01970e-200
3.298406019e+00,9.01661e-301,9.99999e-01,8.11407e-12,2.68368e-02,9.96506e-01,1.94748e-288
3.314898049e+00,0.00000e+00,9.99999e-01,1.79519e-11,2.18271e-02,9.96574e-01,0.00000e+00
3.331472540e+00,0.00000e+00,9.99999e-01,5.19937e-11,5.08515e-02,9.96642e-01,0.00000e+00
3.348129902e+00,3.96966e-247,9.99999e-01,8.39950e-09,4.21180e-02,9.96708e-01,6.45491e-238
3.364870552e+00,3.07342e-170,9.99999e-01,2.08080e-08,7.76622e-02,9.96773e-01,1.48770e-161
3.381694905e+00,4.24705e-107,9.99999e-01,2.23445e-07,1.03707e-01,9.96837e-01,8.72690e-100
3.398603379e+00,1.41266e-65,9.99999e-01,1.10950e-05,1.88268e-01,9.96899e-01,5.51424e-60
3.415596396e+00,3.20042e-40,9.99999e-01,2.29386e-05,2.95203e-01,9.96960e-01,4.19134e-35
3.432674378e+00,2.44071e-27,9.99999e-01,2.74624e-06,3.16597e-01,9.97020e-01,2.24069e-21
3.449837750e+00,5.61353e-18,9.99999e-01,1.58917e-08,4.54311e-01,9.97079e-01,6.14124e-10
3.467086939e+00,2.05905e-16,9.99999e-01,1.24757e-14,5.81554e-01,9.97137e-01,2.49790e-02
3.484422373e+00,5.12179e-20,9.99999e-01,1.29269e-19,5.99813e-01,9.97193e-01,5.45134e-01
3.501844485e+00,9.20144e-29,9.99999e-01,5.70852e-28,7.45178e-01,9.97248e-01,2.00465e-01
3.519353708e+00,9.44199e-34,9.99999e-01,1.10611e-33,7.82804e-01,9.97303e-01,9.99031e-01
3.536950476e+00,1.31451e-41,9.99999e-01,1.57632e-41,8.00151e-01,9.97356e-01,9.97251e-01
3.554635228e+00,6.08878e-41,9.99999e-01,6.82663e-41,8.72718e-01,9.97408e-01,9.93798e-01
3.572408405e+00,1.27262e-33,9.99999e-01,1.41004e-33,8.76576e-01,9.97459e-01,9.89574e-01
3.590270447e+00,1.04236e-31,9.99999e-01,1.11681e-31,9.12358e-01,9.97509e-01,9.94079e-01
3.608221799e+00,1.24305e-22,9.99999e-01,1.31608e-22,9.31306e-01,9.97558e-01,9.97052e-01
3.626262908e+00,4.70735e-13,9.99999e-01,4.88647e-13,9.41086e-01,9.97606e-01,9.99389e-01
3.644394222e+00,2.45475e-10,9.99999e-01,2.53862e-10,9.64168e-01,9.97654e-01,9.99758e-01
3.662616193e+00,1.65394e-05,9.99999e-01,1.72267e-05,9.40851e-01,9.97700e-01,9.98581e-01
3.680929274e+00,5.14416e-03,9.99999e-01,5.58416e-03,9.06903e-01,9.97745e-01,9.93094e-01
3.699333921e+00,7.94384e-02,9.99999e-01,8.43792e-02,9.55279e-01,9.97790e-01,9.84638e-01
3.717830590e+00,4.21721e-02,9.99999e-01,4.49266e-02,9.64725e-01,9.97833e-01,9.69650e-01
3.736419743e+00,6.05614e-04,9.99999e-01,6.56836e-04,9.58989e-01,9.97876e-01,9.53587e-01
3.755101842e+00,2.19146e-11,9.99999e-01,2.36137e-11,9.55934e-01,9.97918e-01,9.59140e-01
3.773877351e+00,1.55817e-25,9.99999e-01,1.64503e-25,9.63514e-01,9.97959e-01,9.76399e-01
3.792746738e+00,6.02821e-64,9.99999e-01,6.28080e-64,9.56278e-01,9.97999e-01,9.90610e-01
3.811710472e+00,8.16724e-42,9.99999e-01,8.46630e-42,9.46453e-01,9.98039e-01,9.95763e-01
3.830769024e+00,1.37431e-41,9.99999e-01,1.43027e-41,9.42288e-01,9.98077e-01,9.98383e-01
3.849922869e+00,2.54174e-57,9.99999e-01,2.66885e-57,9.15985e-01,9.98115e-01,9.99569e-01
3.869172484e+00,9.78777e-36,9.99999e-01,1.03524e-35,9.04530e-01,9.98152e-01,9.96352e-01
3.888518346e+00,1.46814e-15,9.99999e-01,1.54832e-15,9.45155e-01,9.98189e-01,9.91230e-01
3.907960938e+00,4.66902e-12,9.99999e-01,4.98917e-12,9.38701e-01,9.98225e-01,9.84923e-01
3.927500742e+00,2.22922e-12,9.99999e-01,2.52413e-12,6.75405e-01,9.98260e-01,9.81961e-01
3.947138246e+00,4.60443e-18,9.99999e-01,5.58989e-18,7.81953e-01,9.98294e-01,9.90015e-01
3.966873937e+00,3.24775e-27,9.99999e-01,3.68429e-27,5.41168e-01,9.98328e-01,9.97937e-01
3.986708307e+00,4.52894e-42,9.99999e-01,4.81733e-42,8.97113e-01,9.98361e-01,9.99997e-01
4.006641849e+00,2.34111e-76,9.99999e-01,2.40228e-76,9.61752e-01,9.98393e-01,9.99997e-01
4.026675058e+00,0.00000e+00,9.99999e-01,0.00000e+00,9.55793e-01,9.98425e-01,9.99997e-01
4.046808433e+00,0.00000e+00,9.99999e-01,0.00000e+00,9.46335e-01,9.98456e-01,9.99996e-01
4.067042475e+00,0.00000e+00,9.99999e-01,0.00000e+00,9.38635e-01,9.98486e-01,9.99996e-01
4.087377688e+00,0.00000e+00,9.99999e-01,0.00000e+00,9.34193e-01,9.98516e-01,9.99996e-01
4.107814576e+00,0.00000e+00,9.99999e-01,0.00000e+00,9.10379e-01,9.98545e-01,9.99996e-01
4.128353649e+00,0.00000e+00,9.99999e-01,0.00000e+00,8.62686e-01,9.98574e-01,9.99996e-01
4.148995417e+00,0.00000e+00,9.99999e-01,0.00000e+00,8.31588e-01,9.98602e-01,9.99996e-01
4.169740394e+00,0.00000e+00,9.99999e-01,0.00000e+00,7.45352e-01,9.98630e-01,9.99996e-01
4.190589096e+00,0.00000e+00,9.99999e-01,0.00000e+00,7.00620e-01,9.98657e-01,9.99996e-01
4.211542042e+00,0.00000e+00,9.99999e-01,0.00000e+00,5.70329e-01,9.98683e-01,9.99995e-01
4.232599752e+00,0.00000e+00,9.99999e-01,0.00000e+00,5.36924e-01,9.98709e-01,9.99995e-01
4.253762751e+00,0.00000e+00,9.99999e-01,0.00000e+00,4.56610e-01,9.98735e-01,9.99995e-01
4.275031564e+00,0.00000e+00,9.99999e-01,0.00000e+00,3.38550e-01,9.98760e-01,9.99995e-01
4.296406722e+00,0.00000e+00,9.99999e-01,0.00000e+00,2.43084e-01,9.98784e-01,9.99994e-01
4.317888756e+00,0.00000e+00,9.99999e-01,0.00000e+00,2.89793e-01,9.98808e-01,9.99994e-01
4.339478200e+00,0.00000e+00,9.99999e-01,0.00000e+00,2.10444e-01,9.98832e-01,9.99994e-01
4.361175591e+00,0.00000e+00,9.99999e-01,0.00000e+00,1.65609e-01,9.98855e-01,9.99993e-01
4.382981469e+00,0.00000e+00,9.99999e-01,0.00000e+00,1.65314e-01,9.98877e-01,9.99993e-01
4.404896376e+00,0.00000e+00,9.99999e-01,0.00000e+00,1.57396e-01,9.98899e-01,9.99992e-01
4.426920858e+00,0.00000e+00,9.99999e-01,0.00000e+00,8.29641e-02,9.98921e-01,9.99991e-01
4.449055462e+00,0.00000e+00,9.99999e-01,0.00000e+00,1.59589e-01,9.98942e-01,9.99991e-01
4.471300739e+00,0.00000e+00,9.99999e-01,0.00000e+00,9.53153e-02,9.98963e-01,9.99990e-01
4.493657243e+00,0.00000e+00,9.99999e-01,0.00000e+00,1.54421e-01,9.98984e-01,9.99989e-01
4.516125529e+00,0.00000e+00,9.99999e-01,0.00000e+00,5.91892e-02,9.99004e-01,9.99988e-01
4.538706157e+00,0.00000e+00,9.99999e-01,0.00000e+00,1.19387e-01,9.99023e-01,9.99986e-01
4.561399688e+00,0.00000e+00,9.99999e-01,0.00000e+00,1.04912e-01,9.99043e-01,9.99985e-01
4.584206686e+00,0.00000e+00,9.99999e-01,0.00000e+00,1.62780e-01,9.99062e-01,9.99983e-01
4.607127720e+00,0.00000e+00,9.99999e-01,0.00000e+00,9.52423e-02,9.99080e-01,9.99981e-01
4.630163358e+00,0.00000e+00,9.99999e-01,0.00000e+00,2.46873e-02,9.99098e-01,9.99978e-01
4.653314175e+00,0.00000e+00,9.99999e-01,0.00000e+00,2.04075e-02,9.99116e-01,9.99975e-01
4.676580746e+00,0.00000e+00,9.99999e-01,0.00000e+00,3.72113e-03,9.99133e-01,9.99971e-01
4.699963650e+00,0.00000e+00,9.99999e-01,0.00000e+00,1.57706e-02,9.99150e-01,9.99966e-01
4.723463468e+00,0.00000e+00,9.99999e-01,0.00000e+00,3.30975e-03,9.99167e-01,9.99960e-01
4.747080785e+00,0.00000e+00,9.99999e-01,0.00000e+00,2.90318e-02,9.99184e-01,9.99953e-01
4.770816189e+00,0.00000e+00,9.99999e-01,0.00000e+00,4.78515e-03,9.99200e-01,9.99945e-01
4.794670270e+00,0.00000e+00,9.99999e-01,0.00000e+00,1.15446e-03,9.99216e-01,9.99935e-01
4.818643622e+00,0.00000e+00,9.99999e-01,0.00000e+00,7.98440e-04,9.99231e-01,9.99922e-01
4.842736840e+00,0.00000e+00,9.99999e-01,0.00000e+00,2.26393e-04,9.99246e-01,9.99909e-01
4.866950524e+00,0.00000e+00,9.99999e-01,0.00000e+00,2.44322e-03,9.99261e-01,9.99892e-01
4.891285276e+00,0.00000e+00,9.99999e-01,0.00000e+00,7.51809e-05,9.99276e-01,9.99870e-01
4.915741703e+00,0.00000e+00,9.99999e-01,0.00000e+00,4.66535e-04,9.99290e-01,9.99849e-01
4.940320411e+00,0.00000e+00,9.99999e-01,0.00000e+00,3.86817e-05,9.99304e-01,9.99820e-01
4.965022013e+00,0.00000e+00,9.99999e-01,0.00000e+00,3.94997e-06,9.99318e-01,9.99791e-01
4.989847123e+00,0.00000e+00,9.99999e-01,0.00000e+00,2.47204e-05,9.99331e-01,9.99764e-01
5.014796359e+00,0.00000e+00,9.99999e-01,0.00000e+00,1.29763e-08,9.99344e-01,9.99727e-01
5.039870341e+00,0.00000e+00,9.99999e-01,0.00000e+00,3.48301e-06,9.99357e-01,9.99683e-01
5.065069693e+00,0.00000e+00,9.99999e-01,0.00000e+00,3.35271e-06,9.99370e-01,9.99622e-01
5.090395041e+00,0.00000e+00,9.99999e-01,0.00000e+00,1.74631e-08,9.99382e-01,9.99564e-01
5.115847016e+00,0.00000e+00,9.99999e-01,0.00000e+00,1.95712e-09,9.99394e-01,9.99492e-01
5.141426251e+00,0.00000e+00,9.99999e-01,0.00000e+00,1.05013e-11,9.99406e-01,9.99415e-01
5.167133383e+00,0.00000e+00,9.99999e-01,0.00000e+00,5.34629e-13,9.99418e-01,9.99336e-01
5.192969049e+00,0.00000e+00,9.99999e-01,0.00000e+00,5.35979e-13,9.99430e-01,9.99246e-01
5.218933895e+00,0.00000e+00,9.99999e-01,0.00000e+00,4.99204e-20,9.99441e-01,9.99163e-01
5.245028564e+00,0.00000e+00,9.99999e-01,0.00000e+00,3.05896e-15,9.99452e-01,9.99080e-01
5.271253707e+00,0.00000e+00,9.99999e-01,0.00000e+00,3.20148e-16,9.99463e-01,9.98966e-01
5.297609976e+00,0.00000e+00,9.99999e-01,0.00000e+00,4.87390e-19,9.99473e-01,9.98857e-01
5.324098025e+00,0.00000e+00,9.99999e-01,0.00000e+00,1.55697e-19,9.99484e-01,9.98753e-01
5.350718516e+00,0.00000e+00,9.99999e-01,0.00000e+00,1.09445e-23,9.99494e-01,9.98575e-01
5.377472108e+00,0.00000e+00,9.99999e-01,0.00000e+00,2.06952e-24,9.99504e-01,9.98482e-01
5.404359469e+00,0.00000e+00,9.99999e-01,0.00000e+00,2.01749e-24,9.99514e-01,9.98280e-01
5.431381266e+00,0.00000e+00,9.99999e-01,0.00000e+00,1.91637e-44,9.99523e-01,9.98149e-01
5.458538172e+00,0.00000e+00,9.99999e-01,0.00000e+00,1.43293e-44,9.99533e-01,9.97950e-01
5.485830863e+00,0.00000e+00,9.99999e-01,1.80435e-279,1.99826e-47,9.99542e-01,9.97713e-01
5.513260018e+00,5.49413e-254,9.99999e-01,9.39449e-206,4.37137e-50,9.99551e-01,9.97481e-01
5.540826318e+00,4.47248e-187,9.99999e-01,1.22945e-136,1.14230e-52,9.99560e-01,9.97198e-01
5.568530449e+00,3.72405e-183,9.99999e-01,2.14582e-103,5.50576e-82,9.99568e-01,9.67891e-01
5.596373101e+00,1.37921e-152,9.99999e-01,1.69506e-76,2.57592e-78,9.99577e-01,9.53705e-01
5.624354967e+00,2.50626e-136,9.99999e-01,1.52161e-67,1.15813e-70,9.99585e-01,9.39007e-01
5.652476742e+00,2.46291e-132,9.99999e-01,2.17104e-57,3.94052e-77,9.99593e-01,9.19826e-01
5.680739126e+00,1.60586e-138,9.99999e-01,1.25474e-51,7.38212e-89,9.99601e-01,8.96354e-01
5.709142821e+00,2.93691e-144,9.99999e-01,7.44854e-49,8.69443e-97,9.99609e-01,8.66202e-01
5.737688535e+00,1.20642e-142,9.99999e-01,2.81738e-50,9.08866e-94,9.99617e-01,8.25493e-01
5.766376978e+00,8.80471e-114,9.99999e-01,2.10909e-44,1.62210e-71,9.99624e-01,7.77509e-01
5.795208863e+00,7.13026e-96,9.99999e-01,1.93721e-32,3.44816e-65,9.99632e-01,7.17952e-01
5.824184907e+00,1.76327e-101,9.99999e-01,1.72591e-23,2.40786e-79,9.99639e-01,6.41888e-01
5.853305832e+00,2.08778e-100,9.99999e-01,6.19462e-24,5.71123e-78,9.99646e-01,5.57879e-01
5.882572361e+00,7.33643e-122,9.99999e-01,6.20088e-28,7.97641e-96,9.99653e-01,4.63061e-01
5.911985223e+00,9.12020e-115,9.99999e-01,3.20151e-24,6.11383e-92,9.99660e-01,3.62528e-01
5.941545149e+00,3.58120e-106,9.99999e-01,4.45696e-13,9.62106e-95,9.99667e-01,2.67921e-01
5.971252874e+00,4.73012e-89,9.99999e-01,3.11402e-08,8.42070e-82,9.99673e-01,1.75562e-01
6.001109139e+00,6.39102e-62,9.99999e-01,1.44457e-06,2.78709e-55,9.99680e-01,1.00743e-01
6.031114685e+00,5.55745e-68,9.99999e-01,2.45519e-07,6.92928e-61,9.99686e-01,5.07223e-02
6.061270258e+00,7.09682e-70,9.99999e-01,1.02924e-09,1.45182e-60,9.99692e-01,1.94328e-02
6.091576609e+00,2.81837e-65,9.99999e-01,1.96095e-13,2.65317e-51,9.99698e-01,5.50572e-03
6.122034492e+00,7.27269e-51,9.99999e-01,2.66364e-17,9.85922e-33,9.99704e-01,1.15960e-03
6.152644665e+00,1.69613e-58,9.99999e-01,2.72180e-23,2.22968e-33,9.99710e-01,1.53071e-04
6.183407888e+00,3.10789e-52,9.99999e-01,6.91091e-27,1.56065e-22,9.99716e-01,1.10264e-05
6.214324928e+00,9.22735e-49,9.99999e-01,1.78300e-28,2.41096e-15,9.99721e-01,3.62981e-07
6.245396552e+00,1.37725e-39,9.99999e-01,5.69359e-22,1.06293e-10,9.99727e-01,4.35100e-09
6.276623535e+00,1.04428e-40,9.99999e-01,7.86530e-20,3.49849e-11,9.99732e-01,1.43124e-11
6.308006653e+00,2.73725e-44,9.99999e-01,5.97406e-21,4.69553e-11,9.99737e-01,9.11791e-15
6.339546686e+00,5.06229e-67,9.99999e-01,6.36464e-28,3.70893e-23,9.99743e-01,7.51315e-19
6.371244419e+00,9.25544e-102,9.99999e-01,1.20479e-31,4.69568e-49,9.99748e-01,5.10862e-24
6.403100641e+00,2.62532e-119,9.99999e-01,3.57342e-23,5.62416e-69,9.99753e-01,5.26827e-30
6.435116145e+00,1.60389e-196,9.99999e-01,4.26918e-11,4.63994e-151,9.99757e-01,2.49880e-37
6.467291725e+00,4.40948e-206,9.99999e-01,5.06579e-06,6.14568e-152,9.99762e-01,1.13135e-50
6.499628184e+00,2.17673e-239,9.99999e-01,3.88990e-03,1.94459e-173,9.99767e-01,4.65426e-65
6.532126325e+00,4.92354e-234,9.99999e-01,3.82442e-02,4.26128e-153,9.99772e-01,1.61221e-80
6.564786956e+00,9.83781e-286,9.99999e-01,1.00135e-01,4.95893e-184,9.99776e-01,1.38482e-101
6.597610891e+00,0.00000e+00,9.99999e-01,1.50373e-01,3.92470e-248,9.99780e-01,4.82219e-124
6.630598946e+00,6.48115e-319,9.99999e-01,1.91651e-01,3.82281e-163,9.99785e-01,8.09996e-156
6.663751940e+00,0.00000e+00,9.99999e-01,1.90906e-01,6.28885e-152,9.99789e-01,1.98978e-189
6.697070700e+00,0.00000e+00,9.99999e-01,1.20462e-01,3.29565e-120,9.99793e-01,1.11408e-232
6.730556054e+00,0.00000e+00,9.99999e-01,5.16692e-02,2.10378e-82,9.99797e-01,5.46665e-278
6.764208834e+00,0.00000e+00,9.99999e-01,1.08579e-02,1.78563e-82,9.99801e-01,0.00000e+00
6.798029878e+00,0.00000e+00,9.99999e-01,1.13243e-03,4.95419e-101,9.99805e-01,0.00000e+00
6.832020027e+00,0.00000e+00,9.99999e-01,3.06580e-05,4.46268e-101,9.99809e-01,0.00000e+00
6.866180128e+00,0.00000e+00,9.99999e-01,1.26215e-07,3.96067e-116,9.99813e-01,0.00000e+00
6.900511028e+00,0.00000e+00,9.99999e-01,8.77076e-11,1.20880e-66,9.99816e-01,0.00000e+00
6.935013583e+00,0.00000e+00,9.99999e-01,2.36715e-17,1.66520e-66,9.99820e-01,0.00000e+00
6.969688651e+00,0.00000e+00,9.99999e-01,1.95465e-24,1.32800e-83,9.99823e-01,0.00000e+00
7.004537095e+00,0.00000e+00,9.99999e-01,3.14300e-38,2.28366e-82,9.99827e-01,0.00000e+00
7.039559780e+00,0.00000e+00,9.99999e-01,3.56778e-49,1.87963e-89,9.99830e-01,0.00000e+00
7.074757579e+00,0.00000e+00,9.99999e-01,2.11275e-67,2.49012e-70,9.99834e-01,0.00000e+00
7.110131367e+00,0.00000e+00,9.99999e-01,2.00720e-78,1.00338e-69,9.99837e-01,0.00000e+00
7.145682024e+00,0.00000e+00,9.99999e-01,1.51928e-93,3.72311e-78,9.99840e-01,0.00000e+00
7.181410434e+00,0.00000e+00,9.99999e-01,4.62642e-102,3.85629e-99,9.99843e-01,0.00000e+00
7.217317486e+00,0.00000e+00,9.99999e-01,4.02981e-107,2.45334e-73,9.99846e-01,0.00000e+00
7.253404073e+00,0.00000e+00,9.99999e-01,9.86052e-106,1.69745e-73,9.99849e-01,0.00000e+00
7.289671094e+00,0.00000e+00,9.99999e-01,5.66955e-84,1.93957e-64,9.99852e-01,0.00000e+00
7.326119449e+00,0.00000e+00,9.99999e-01,3.57259e-79,2.93869e-64,9.99855e-01,0.00000e+00
7.362750046e+00,0.00000e+00,9.99999e-01,3.67128e-86,4.68696e-47,9.99858e-01,0.00000e+00
7.399563797e+00,0.00000e+00,9.99999e-01,1.54382e-85,1.97948e-38,9.99861e-01,0.00000e+00
7.436561616e+00,0.00000e+00,9.99999e-01,2.38531e-71,5.28002e-42,9.99864e-01,0.00000e+00
7.473744424e+00,0.00000e+00,9.99999e-01,3.45888e-47,1.26521e-39,9.99866e-01,0.00000e+00
7.511113146e+00,0.00000e+00,9.99999e-01,2.53191e-33,3.84330e-34,9.99869e-01,0.00000e+00
7.548668712e+00,0.00000e+00,9.99999e-01,1.33232e-20,6.03485e-36,9.99871e-01,0.00000e+00
7.586412055e+00,0.00000e+00,9.99999e-01,4.05081e-17,3.59828e-64,9.99874e-01,0.00000e+00
7.624344115e+00,0.00000e+00,9.99999e-01,1.12410e-16,5.90762e-32,9.99876e-01,0.00000e+00
7.662465836e+00,0.00000e+00,9.99999e-01,2.92748e-19,8.22804e-20,9.99879e-01,0.00000e+00
7.700778165e+00,0.00000e+00,9.99999e-01,9.76134e-26,3.56734e-20,9.99881e-01,0.00000e+00
7.739282056e+00,0.00000e+00,9.99999e-01,4.40304e-42,1.81693e-32,9.99884e-01,0.00000e+00
7.777978466e+00,0.00000e+00,9.99999e-01,4.20162e-56,2.32792e-22,9.99886e-01,0.00000e+00
7.816868359e+00,0.00000e+00,9.99999e-01,1.62362e-75,1.98219e-18,9.99888e-01,0.00000e+00
7.855952700e+00,0.00000e+00,9.99999e-01,2.96680e-77,5.79721e-19,9.99890e-01,0.00000e+00
7.895232464e+00,0.00000e+00,9.99999e-01,4.72390e-65,7.08980e-19,9.99892e-01,0.00000e+00
7.934708626e+00,0.00000e+00,9.99999e-01,7.59102e-60,6.30261e-12,9.99895e-01,0.00000e+00
7.974382169e+00,0.00000e+00,9.99999e-01,6.50387e-66,9.00967e-09,9.99897e-01,0.00000e+00
8.014254080e+00,0.00000e+00,9.99999e-01,1.79617e-79,1.52604e-09,9.99899e-01,0.00000e+00
8.054325351e+00,0.00000e+00,9.99999e-01,3.27009e-81,4.72398e-09,9.99901e-01,0.00000e+00
8.094596977e+00,0.00000e+00,9.99999e-01,7.70325e-78,4.38769e-07,9.99903e-01,0.00000e+00
8.135069962e+00,0.00000e+00,9.99999e-01,1.72520e-70,4.98414e-07,9.99904e-01,0.00000e+00
8.175745312e+00,0.00000e+00,9.99999e-01,1.61564e-58,7.32662e-08,9.99906e-01,0.00000e+00
8.216624039e+00,9.28843e-322,9.99999e-01,1.26409e-50,6.55682e-06,9.99908e-01,4.29957e-267
8.257707159e+00,1.26770e-250,9.99999e-01,2.85291e-40,9.66019e-05,9.99910e-01,2.29672e-208
8.298995695e+00,7.09200e-198,9.99999e-01,2.22352e-36,1.15400e-03,9.99912e-01,1.56196e-159
8.340490673e+00,9.62727e-157,9.99999e-01,1.20217e-33,2.27925e-04,9.99913e-01,1.03808e-120
8.382193126e+00,4.47388e-124,9.99999e-01,2.50746e-31,3.03840e-03,9.99915e-01,3.23169e-91
8.424104092e+00,3.03143e-96,9.99999e-01,1.78912e-25,6.93124e-04,9.99917e-01,2.89502e-69
8.466224613e+00,1.75556e-74,9.99999e-01,5.25090e-20,2.18516e-03,9.99918e-01,9.05652e-53
8.508555736e+00,4.20603e-51,9.99999e-01,4.36104e-12,8.51209e-04,9.99920e-01,5.78999e-38
8.551098514e+00,3.46192e-37,9.99999e-01,9.61831e-09,2.33834e-02,9.99922e-01,8.51229e-28
8.593854007e+00,1.74230e-30,9.99999e-01,2.34005e-08,9.15626e-02,9.99923e-01,6.44906e-22
8.636823277e+00,3.85264e-27,9.99999e-01,9.85690e-10,1.13701e-01,9.99925e-01,2.90947e-17
8.680007393e+00,7.36399e-25,9.99999e-01,4.70671e-11,3.08654e-02,9.99926e-01,2.80464e-13
8.723407430e+00,1.96906e-22,9.99999e-01,8.68564e-12,6.18361e-02,9.99927e-01,3.23875e-10
8.767024467e+00,3.03610e-22,9.99999e-01,1.02764e-13,3.72975e-02,9.99929e-01,4.78140e-08
8.810859590e+00,6.99664e-50,9.99999e-01,1.64983e-43,4.88111e-02,9.99930e-01,2.25045e-06
8.854913888e+00,3.00951e-153,9.99999e-01,1.76490e-148,2.53016e-01,9.99932e-01,5.69165e-05
8.899188457e+00,0.00000e+00,9.99999e-01,0.00000e+00,2.03106e-01,9.99933e-01,5.48724e-04
8.943684399e+00,0.00000e+00,9.99999e-01,0.00000e+00,1.27963e-01,9.99934e-01,3.10118e-03
8.988402821e+00,0.00000e+00,9.99999e-01,0.00000e+00,1.10716e-01,9.99936e-01,1.18958e-02
9.033344836e+00,0.00000e+00,9.99999e-01,0.00000e+00,6.98559e-02,9.99937e-01,3.31447e-02
9.078511560e+00,0.00000e+00,9.99999e-01,0.00000e+00,1.33286e-01,9.99938e-01,7.33006e-02
9.123904118e+00,0.00000e+00,9.99999e-01,0.00000e+00,2.39606e-01,9.99939e-01,1.34251e-01
9.169523638e+00,0.00000e+00,9.99999e-01,0.00000e+00,1.76525e-01,9.99940e-01,2.14428e-01
9.215371256e+00,0.00000e+00,9.99999e-01,0.00000e+00,3.94334e-01,9.99942e-01,3.06305e-01
9.261448113e+00,0.00000e+00,9.99999e-01,0.00000e+00,3.61330e-01,9.99943e-01,4.03650e-01
9.307755353e+00,0.00000e+00,9.99999e-01,0.00000e+00,2.25658e-01,9.99944e-01,4.90029e-01
9.354294130e+00,0.00000e+00,9.99999e-01,0.00000e+00,1.66375e-01,9.99945e-01,5.78049e-01
9.401065601e+00,0.00000e+00,9.99999e-01,0.00000e+00,6.77632e-02,9.99946e-01,6.56863e-01
9.448070929e+00,0.00000e+00,9.99999e-01,0.00000e+00,1.20117e-01,9.99947e-01,7.18567e-01
9.495311283e+00,0.00000e+00,9.99999e-01,0.00000e+00,3.35738e-01,9.99948e-01,7.71145e-01
9.542787840e+00,0.00000e+00,9.99999e-01,0.00000e+00,4.44744e-01,9.99949e-01,8.19006e-01
9.590501779e+00,0.00000e+00,9.99999e-01,0.00000e+00,2.65146e-01,9.99950e-01,8.58046e-01
9.638454288e+00,0.00000e+00,9.99999e-01,0.00000e+00,2.74559e-01,9.99951e-01,8.86578e-01
9.686646559e+00,0.00000e+00,9.99999e-01,0.00000e+00,2.93828e-01,9.99952e-01,9.09682e-01
9.735079792e+00,0.00000e+00,9.99999e-01,0.00000e+00,4.07163e-01,9.99953e-01,9.28261e-01
9.783755191e+00,0.00000e+00,9.99999e-01,0.00000e+00,2.94869e-01,9.99954e-01,9.43133e-01
9.832673967e+00,0.00000e+00,9.99999e-01,0.00000e+00,8.34140e-02,9.99955e-01,9.54998e-01
9.881837337e+00,0.00000e+00,9.99999e-01,0.00000e+00,2.28156e-02,9.99956e-01,9.65218e-01
9.931246523e+00,0.00000e+00,9.99999e-01,0.00000e+00,1.97647e-01,9.99956e-01,9.73210e-01
9.980902756e+00,0.00000e+00,9.99999e-01,0.00000e+00,3.40820e-01,9.99957e-01,9.99929e-01
1.003080727e+01,0.00000e+00,9.99999e-01,0.00000e+00,3.43075e-01,9.99958e-01,9.99928e-01
1.008096131e+01,0.00000e+00,9.99999e-01,0.00000e+00,3.93834e-01,9.99959e-01,9.99928e-01
1.013136611e+01,0.00000e+00,9.99999e-01,0.00000e+00,4.91298e-01,9.99960e-01,9.99927e-01
1.018202294e+01,0.00000e+00,9.99999e-01,0.00000e+00,5.29775e-01,9.99960e-01,9.99926e-01
1.023293306e+01,0.00000e+00,9.99999e-01,0.00000e+00,3.24566e-01,9.99961e-01,9.99925e-01
1.028409772e+01,0.00000e+00,9.99999e-01,0.00000e+00,1.36619e-01,9.99962e-01,9.99924e-01
1.033551821e+01,0.00000e+00,9.99999e-01,0.00000e+00,1.12784e-01,9.99963e-01,9.99924e-01
1.038719580e+01,0.00000e+00,9.99999e-01,0.00000e+00,3.30462e-02,9.99963e-01,9.99923e-01
1.043913178e+01,0.00000e+00,9.99999e-01,0.00000e+00,3.84506e-02,9.99964e-01,9.99922e-01
1.049132744e+01,0.00000e+00,9.99999e-01,0.00000e+00,1.41407e-01,9.99965e-01,9.99921e-01
1.054378408e+01,0.00000e+00,9.99999e-01,0.00000e+00,2.22135e-01,9.99965e-01,9.99920e-01
1.059650300e+01,0.00000e+00,9.99999e-01,0.00000e+00,2.05782e-01,9.99966e-01,9.99918e-01
1.064948551e+01,0.00000e+00,9.99999e-01,0.00000e+00,1.73257e-01,9.99967e-01,9.99917e-01
1.070273294e+01,0.00000e+00,9.99999e-01,0.00000e+00,8.40286e-02,9.99967e-01,9.99915e-01
1.075624661e+01,0.00000e+00,9.99999e-01,0.00000e+00,9.71406e-02,9.99968e-01,9.99914e-01
1.081002784e+01,0.00000e+00,9.99999e-01,0.00000e+00,1.01851e-01,9.99969e-01,9.99912e-01
1.086407798e+01,0.00000e+00,9.99999e-01,0.00000e+00,2.28284e-02,9.99969e-01,9.99911e-01
1.091839837e+01,0.00000e+00,9.99999e-01,0.00000e+00,4.68196e-03,9.99970e-01,9.99909e-01
1.097299036e+01,0.00000e+00,9.99999e-01,0.00000e+00,2.34056e-04,9.99970e-01,9.99908e-01
1.102785531e+01,0.00000e+00,9.99999e-01,0.00000e+00,9.97084e-05,9.99971e-01,9.99907e-01
1.108299459e+01,0.00000e+00,9.99999e-01,0.00000e+00,1.19799e-02,9.99972e-01,9.99906e-01
1.113840956e+01,0.00000e+00,9.99999e-01,0.00000e+00,8.04991e-02,9.99972e-01,9.99905e-01
1.119410161e+01,0.00000e+00,9.99999e-01,0.00000e+00,1.36879e-01,9.99973e-01,9.99903e-01
1.125007212e+01,0.00000e+00,9.99999e-01,0.00000e+00,6.64397e-02,9.99973e-01,9.99902e-01
1.130632248e+01,0.00000e+00,9.99999e-01,0.00000e+00,4.94284e-02,9.99974e-01,9.99900e-01
1.136285409e+01,0.00000e+00,9.99999e-01,0.00000e+00,1.03197e-01,9.99974e-01,9.99899e-01
1.141966836e+01,0.00000e+00,9.99999e-01,0.00000e+00,1.25660e-01,9.99975e-01,9.99898e-01
1.147676670e+01,0.00000e+00,9.99999e-01,0.00000e+00,7.98618e-02,9.99975e-01,9.99897e-01
1.153415054e+01,0.00000e+00,9.99999e-01,0.00000e+00,1.38973e-02,9.99976e-01,9.99895e-01
1.159182129e+01,0.00000e+00,9.99999e-01,0.00000e+00,3.70612e-03,9.99976e-01,9.99894e-01
1.164978039e+01,0.00000e+00,9.99999e-01,0.00000e+00,1.67833e-04,9.99977e-01,9.99892e-01
1.170802930e+01,0.00000e+00,9.99999e-01,0.00000e+00,1.70792e-05,9.99977e-01,9.99890e-01
1.176656944e+01,0.00000e+00,9.99999e-01,0.00000e+00,1.20508e-03,9.99977e-01,9.99889e-01
1.182540229e+01,0.00000e+00,9.99999e-01,0.00000e+00,1.21171e-02,9.99978e-01,9.99887e-01
1.188452930e+01,0.00000e+00,9.99999e-01,0.00000e+00,1.23844e-02,9.99978e-01,9.99886e-01
1.194395195e+01,0.00000e+00,9.99999e-01,0.00000e+00,2.22410e-02,9.99979e-01,9.99884e-01
1.200367171e+01,0.00000e+00,9.99999e-01,0.00000e+00,4.96675e-02,9.99979e-01,9.99882e-01
1.206369007e+01,0.00000e+00,9.99999e-01,0.00000e+00,1.57002e-02,9.99979e-01,9.99880e-01
1.212400852e+01,0.00000e+00,9.99999e-01,0.00000e+00,4.63300e-02,9.99980e-01,9.99878e-01
1.218462856e+01,0.00000e+00,9.99999e-01,0.00000e+00,4.33086e-02,9.99980e-01,9.99876e-01
1.224555170e+01,0.00000e+00,9.99999e-01,0.00000e+00,2.44680e-03,9.99981e-01,9.99874e-01
1.230677946e+01,0.00000e+00,9.99999e-01,0.00000e+00,4.19548e-04,9.99981e-01,9.99871e-01
1.236831336e+01,0.00000e+00,9.99999e-01,0.00000e+00,1.47113e-05,9.99981e-01,9.99868e-01
1.243015492e+01,0.00000e+00,9.99999e-01,0.00000e+00,6.90430e-08,9.99982e-01,9.99866e-01
1.249230570e+01,0.00000e+00,9.99999e-01,0.00000e+00,1.57660e-07,9.99982e-01,9.99863e-01
1.255476723e+01,0.00000e+00,9.99999e-01,0.00000e+00,1.32438e-06,9.99982e-01,9.99860e-01
1.261754106e+01,0.00000e+00,9.99999e-01,0.00000e+00,7.70495e-04,9.99983e-01,9.99857e-01
1.268062877e+01,0.00000e+00,9.99999e-01,0.00000e+00,4.97729e-03,9.99983e-01,9.99853e-01
1.274403191e+01,0.00000e+00,9.99999e-01,0.00000e+00,2.75667e-03,9.99983e-01,9.99850e-01
1.280775207e+01,0.00000e+00,9.99999e-01,0.00000e+00,9.26093e-03,9.99984e-01,9.99846e-01
1.287179083e+01,0.00000e+00,9.99999e-01,0.00000e+00,2.09588e-03,9.99984e-01,9.99843e-01
1.293614979e+01,0.00000e+00,9.99999e-01,0.00000e+00,4.04499e-03,9.99984e-01,9.99839e-01
1.300083054e+01,0.00000e+00,9.99999e-01,0.00000e+00,1.51591e-04,9.99985e-01,9.99835e-01
1.306583469e+01,0.00000e+00,9.99999e-01,0.00000e+00,1.18518e-04,9.99985e-01,9.99830e-01
1.313116386e+01,0.00000e+00,9.99999e-01,0.00000e+00,6.50301e-05,9.99985e-01,9.99826e-01
1.319681968e+01,0.00000e+00,9.99999e-01,0.00000e+00,2.70314e-05,9.99985e-01,9.99822e-01
1.326280378e+01,0.00000e+00,9.99999e-01,0.00000e+00,3.73947e-08,9.99986e-01,9.99817e-01
1.332911780e+01,0.00000e+00,9.99999e-01,0.00000e+00,4.40347e-08,9.99986e-01,9.99812e-01
1.339576339e+01,0.00000e+00,9.99999e-01,0.00000e+00,1.01914e-08,9.99986e-01,9.92504e-01
1.346274221e+01,0.00000e+00,9.99999e-01,0.00000e+00,1.63275e-12,9.99986e-01,9.91750e-01
1.353005592e+01,0.00000e+00,9.99999e-01,0.00000e+00,8.17273e-07,9.99987e-01,9.90919e-01
1.359770620e+01,0.00000e+00,9.99999e-01,0.00000e+00,3.33502e-06,9.99987e-01,9.90124e-01
1.366569473e+01,0.00000e+00,9.99999e-01,0.00000e+00,2.41553e-06,9.99987e-01,9.89256e-01
1.373402320e+01,0.00000e+00,9.99999e-01,0.00000e+00,9.85552e-05,9.99987e-01,9.88172e-01
1.380269332e+01,0.00000e+00,9.99999e-01,0.00000e+00,2.29983e-04,9.99988e-01,9.87137e-01
1.387170678e+01,0.00000e+00,9.99999e-01,0.00000e+00,1.26735e-05,9.99988e-01,9.86006e-01
1.394106532e+01,0.00000e+00,9.99999e-01,0.00000e+00,2.35129e-06,9.99988e-01,9.84780e-01
1.401077064e+01,0.00000e+00,9.99999e-01,0.00000e+00,1.30148e-07,9.99988e-01,9.83442e-01
1.408082450e+01,0.00000e+00,9.99999e-01,0.00000e+00,1.46192e-07,9.99988e-01,9.81992e-01
1.415122862e+01,0.00000e+00,9.99999e-01,0.00000e+00,9.87707e-11,9.99989e-01,9.80409e-01
1.422198476e+01,0.00000e+00,9.99999e-01,0.00000e+00,4.41996e-14,9.99989e-01,9.78699e-01
1.429309469e+01,0.00000e+00,9.99999e-01,0.00000e+00,2.10960e-13,9.99989e-01,9.76828e-01
1.436456016e+01,0.00000e+00,9.99999e-01,0.00000e+00,1.18661e-16,9.99989e-01,9.74804e-01
1.443638296e+01,0.00000e+00,9.99999e-01,0.00000e+00,6.53429e-19,9.99989e-01,9.72598e-01
1.450856487e+01,0.00000e+00,9.99999e-01,0.00000e+00,2.02985e-13,9.99990e-01,9.70205e-01
1.458110770e+01,0.00000e+00,9.99999e-01,0.00000e+00,1.29179e-09,9.99990e-01,9.67601e-01
1.465401324e+01,0.00000e+00,9.99999e-01,0.00000e+00,1.42940e-08,9.99990e-01,9.64782e-01
1.472728330e+01,0.00000e+00,9.99999e-01,0.00000e+00,1.65072e-08,9.99990e-01,9.61709e-01
1.480091972e+01,0.00000e+00,9.99999e-01,0.00000e+00,6.23866e-10,9.99990e-01,9.58390e-01
1.487492432e+01,0.00000e+00,9.99999e-01,0.00000e+00,4.64859e-16,9.99991e-01,9.55311e-01
1.494929894e+01,0.00000e+00,9.99999e-01,0.00000e+00,5.29839e-13,9.99991e-01,9.51436e-01
1.502404544e+01,0.00000e+00,9.99999e-01,0.00000e+00,1.28537e-10,9.99991e-01,9.47252e-01
1.509916566e+01,0.00000e+00,9.99999e-01,0.00000e+00,3.62891e-10,9.99991e-01,9.43370e-01
1.517466149e+01,0.00000e+00,9.99999e-01,0.00000e+00,2.40486e-11,9.99991e-01,9.39220e-01
1.525053480e+01,0.00000e+00,9.99999e-01,0.00000e+00,4.85065e-10,9.99991e-01,9.33989e-01
1.532678747e+01,0.00000e+00,9.99999e-01,0.00000e+00,3.77841e-12,9.99991e-01,9.28358e-01
1.540342141e+01,0.00000e+00,9.99999e-01,0.00000e+00,7.55338e-15,9.99992e-01,9.23149e-01
1.548043852e+01,0.00000e+00,9.99999e-01,0.00000e+00,1.60946e-16,9.99992e-01,9.17577e-01
1.555784071e+01,0.00000e+00,9.99999e-01,0.00000e+00,5.57408e-21,9.99992e-01,9.10583e-01
1.563562991e+01,0.00000e+00,9.99999e-01,0.00000e+00,2.18343e-30,9.99992e-01,9.03057e-01
1.571380806e+01,0.00000e+00,9.99999e-01,0.00000e+00,5.87082e-31,9.99992e-01,8.96123e-01
1.579237710e+01,0.00000e+00,9.99999e-01,0.00000e+00,1.00388e-22,9.99992e-01,8.88712e-01
1.587133899e+01,0.00000e+00,9.99999e-01,0.00000e+00,2.12822e-19,9.99992e-01,8.80816e-01
1.595069568e+01,0.00000e+00,9.99999e-01,0.00000e+00,1.50549e-21,9.99993e-01,8.72404e-01
1.603044916e+01,0.00000e+00,9.99999e-01,0.00000e+00,5.07888e-29,9.99993e-01,8.61880e-01
1.611060141e+01,0.00000e+00,9.99999e-01,0.00000e+00,2.57851e-28,9.99993e-01,8.50611e-01
1.619115441e+01,0.00000e+00,9.99999e-01,0.00000e+00,3.00978e-27,9.99993e-01,8.40264e-01
1.627211019e+01,0.00000e+00,9.99999e-01,0.00000e+00,1.17804e-30,9.99993e-01,8.29285e-01
1.635347074e+01,0.00000e+00,9.99999e-01,0.00000e+00,5.85854e-28,9.99993e-01,8.17638e-01
1.643523809e+01,0.00000e+00,9.99999e-01,0.00000e+00,1.75803e-28,9.99993e-01,8.05290e-01
1.651741428e+01,0.00000e+00,9.99999e-01,0.00000e+00,1.33949e-30,9.99993e-01,7.92211e-01
1.660000135e+01,0.00000e+00,9.99999e-01,0.00000e+00,2.36651e-38,9.99994e-01,7.78445e-01
1.668300136e+01,0.00000e+00,9.99999e-01,0.00000e+00,2.49880e-39,9.99994e-01,7.63841e-01
1.676641637e+01,0.00000e+00,9.99999e-01,0.00000e+00,1.33684e-34,9.99994e-01,7.48461e-01
1.685024845e+01,0.00000e+00,9.99999e-01,0.00000e+00,9.03562e-36,9.99994e-01,7.32257e-01
1.693449969e+01,0.00000e+00,9.99999e-01,0.00000e+00,4.12769e-44,9.99994e-01,7.15241e-01
1.701917219e+01,0.00000e+00,9.99999e-01,0.00000e+00,2.10633e-47,9.99994e-01,6.97383e-01
1.710426805e+01,0.00000e+00,9.99999e-01,0.00000e+00,1.22957e-60,9.99994e-01,6.78683e-01
1.718978939e+01,0.00000e+00,9.99999e-01,0.00000e+00,4.68046e-66,9.99994e-01,6.62466e-01
1.727573834e+01,0.00000e+00,9.99999e-01,0.00000e+00,1.57689e-67,9.99994e-01,6.45632e-01
1.736211703e+01,0.00000e+00,9.99999e-01,0.00000e+00,2.00399e-72,9.99994e-01,6.24709e-01
1.744892761e+01,0.00000e+00,9.99999e-01,0.00000e+00,2.47801e-62,9.99995e-01,6.02919e-01
1.753617225e+01,0.00000e+00,9.99999e-01,0.00000e+00,4.91867e-50,9.99995e-01,5.80374e-01
1.762385311e+01,0.00000e+00,9.99999e-01,0.00000e+00,6.34402e-49,9.99995e-01,5.57083e-01
1.771197238e+01,0.00000e+00,9.99999e-01,0.00000e+00,2.16323e-52,9.99995e-01,5.33073e-01
1.780053224e+01,0.00000e+00,9.99999e-01,0.00000e+00,1.39332e-56,9.99995e-01,5.12596e-01
1.788953490e+01,0.00000e+00,9.99999e-01,0.00000e+00,2.06030e-61,9.99995e-01,4.91678e-01
1.797898258e+01,0.00000e+00,9.99999e-01,0.00000e+00,7.08658e-70,9.99995e-01,4.66088e-01
1.806887749e+01,0.00000e+00,9.99999e-01,0.00000e+00,1.56576e-71,9.99995e-01,4.40076e-01
1.815922188e+01,0.00000e+00,9.99999e-01,0.00000e+00,4.44778e-95,9.99995e-01,4.18168e-01
1.825001799e+01,0.00000e+00,9.99999e-01,0.00000e+00,2.32357e-71,9.99995e-01,3.96052e-01
1.834126808e+01,0.00000e+00,9.99999e-01,0.00000e+00,8.13571e-69,9.99995e-01,3.69427e-01
1.843297442e+01,0.00000e+00,9.99999e-01,0.00000e+00,1.96854e-69,9.99995e-01,3.42817e-01
1.852513929e+01,0.00000e+00,9.99999e-01,0.00000e+00,6.41307e-93,9.99995e-01,3.20778e-01
1.861776499e+01,0.00000e+00,9.99999e-01,0.00000e+00,2.14265e-112,9.99996e-01,2.98844e-01
1.871085381e+01,0.00000e+00,9.99999e-01,0.00000e+00,1.69671e-88,9.99996e-01,2.72947e-01
1.880440808e+01,0.00000e+00,9.99999e-01,0.00000e+00,4.55556e-75,9.99996e-01,2.51831e-01
1.889843012e+01,0.00000e+00,9.99999e-01,0.00000e+00,6.28965e-77,9.99996e-01,2.31122e-01
1.899292227e+01,0.00000e+00,9.99999e-01,0.00000e+00,3.55901e-104,9.99996e-01,2.07104e-01
1.908788688e+01,0.00000e+00,9.99999e-01,0.00000e+00,4.23677e-101,9.99996e-01,1.87865e-01
1.918332632e+01,0.00000e+00,9.99999e-01,0.00000e+00,8.72703e-102,9.99996e-01,1.69317e-01
1.927924295e+01,0.00000e+00,9.99999e-01,0.00000e+00,5.08529e-158,9.99996e-01,1.51701e-01
1.937563916e+01,0.00000e+00,9.99999e-01,0.00000e+00,3.75683e-193,9.99996e-01,1.34923e-01
1.947251736e+01,0.00000e+00,9.99999e-01,0.00000e+00,1.50168e-198,9.99996e-01,1.19208e-01
1.956987994e+01,0.00000e+00,9.99999e-01,0.00000e+00,4.12358e-190,9.99996e-01,1.04481e-01
1.966772934e+01,0.00000e+00,9.99999e-01,0.00000e+00,2.25686e-156,9.99996e-01,8.82346e-02
1.976606799e+01,0.00000e+00,9.99999e-01,0.00000e+00,2.37986e-153,9.99996e-01,7.59538e-02
1.986489833e+01,0.00000e+00,9.99999e-01,0.00000e+00,2.76875e-163,9.99996e-01,6.47486e-02
1.996422282e+01,0.00000e+00,9.99999e-01,0.00000e+00,1.30460e-152,9.99996e-01,5.47149e-02
