#,Wave/freq,Total,O2,CO2,H2O,Rayleigh,CIA
4.000000000e-01,6.46490e-16,9.99999e-01,9.99999e-01,9.99931e-01,6.46534e-16,9.99999e-01
4.020000000e-01,1.29097e-15,9.99999e-01,9.99999e-01,9.99956e-01,1.29103e-15,9.99999e-01
4.040100000e-01,2.54111e-15,9.99999e-01,9.99999e-01,9.99981e-01,2.54116e-15,9.99999e-01
4.060300500e-01,4.93533e-15,9.99999e-01,9.99999e-01,9.99995e-01,4.93535e-15,9.99999e-01
4.080602003e-01,9.46041e-15,9.99999e-01,9.99999e-01,9.99998e-01,9.46043e-15,9.99999e-01
4.101005013e-01,1.79028e-14,9.99999e-01,9.99999e-01,9.99999e-01,1.79028e-14,9.99999e-01
4.121510038e-01,3.34548e-14,9.99999e-01,9.99999e-01,9.99997e-01,3.34549e-14,9.99999e-01
4.142117588e-01,6.17486e-14,9.99999e-01,9.99999e-01,9.99980e-01,6.17498e-14,9.99999e-01
4.162828176e-01,1.12594e-13,9.99999e-01,9.99999e-01,9.99914e-01,1.12604e-13,9.99999e-01
4.183642317e-01,2.02906e-13,9.99999e-01,9.99999e-01,9.99949e-01,2.02916e-13,9.99999e-01
4.204560528e-01,3.61423e-13,9.99999e-01,9.99999e-01,9.99968e-01,3.61434e-13,9.99999e-01
4.225583331e-01,6.36478e-13,9.99999e-01,9.99999e-01,9.99987e-01,6.36486e-13,9.99999e-01
4.246711247e-01,1.10838e-12,9.99999e-01,9.99999e-01,9.99990e-01,1.10839e-12,9.99999e-01
4.267944804e-01,1.90913e-12,9.99999e-01,9.99999e-01,9.99985e-01,1.90915e-12,9.99999e-01
4.289284528e-01,3.25326e-12,9.99999e-01,9.99999e-01,9.99989e-01,3.25329e-12,9.99999e-01
4.310730950e-01,5.48569e-12,9.99999e-01,9.99999e-01,9.99995e-01,5.48572e-12,9.99999e-01
4.332284605e-01,9.15506e-12,9.99999e-01,9.99999e-01,9.99998e-01,9.15507e-12,9.99999e-01
4.353946028e-01,1.51250e-11,9.99999e-01,9.99999e-01,9.99999e-01,1.51250e-11,9.99999e-01
4.375715758e-01,2.47412e-11,9.99999e-01,9.99999e-01,9.99991e-01,2.47414e-11,9.99999e-01
4.397594337e-01,4.00773e-11,9.99999e-01,9.99999e-01,9.99926e-01,4.00802e-11,9.99999e-01
4.419582309e-01,6.42889e-11,9.99999e-01,9.99999e-01,9.99627e-01,6.43129e-11,9.99999e-01
4.441680220e-01,1.02207e-10,9.99999e-01,9.99999e-01,9.99702e-01,1.02237e-10,9.99999e-01
4.463888621e-01,1.60994e-10,9.99999e-01,9.99999e-01,9.99692e-01,1.61044e-10,9.99999e-01
4.486208064e-01,2.51361e-10,9.99999e-01,9.99999e-01,9.99807e-01,2.51409e-10,9.99999e-01
4.508639105e-01,3.89008e-10,9.99999e-01,9.99999e-01,9.99909e-01,3.89043e-10,9.99999e-01
4.531182300e-01,5.96833e-10,9.99999e-01,9.99999e-01,9.99963e-01,5.96855e-10,9.99999e-01
4.553838212e-01,9.07941e-10,9.99999e-01,9.99999e-01,9.99975e-01,9.07963e-10,9.99999e-01
4.576607403e-01,1.36982e-09,9.99999e-01,9.99999e-01,9.99988e-01,1.36984e-09,9.99999e-01
4.599490440e-01,2.04992e-09,9.99999e-01,9.99999e-01,9.99991e-01,2.04994e-09,9.99999e-01
4.622487892e-01,3.04337e-09,9.99999e-01,9.99999e-01,9.99998e-01,3.04338e-09,9.99999e-01
4.645600332e-01,4.48310e-09,9.99999e-01,9.99999e-01,9.99994e-01,4.48312e-09,9.99999e-01
4.668828333e-01,6.55305e-09,9.99999e-01,9.99999e-01,9.99909e-01,6.55364e-09,9.99999e-01
4.692172475e-01,9.50700e-09,9.99999e-01,9.99999e-01,9.99806e-01,9.50884e-09,9.99999e-01
4.715633337e-01,1.36938e-08,9.99999e-01,9.99999e-01,9.99873e-01,1.36955e-08,9.99999e-01
4.739211504e-01,1.95816e-08,9.99999e-01,9.99999e-01,9.99878e-01,1.95840e-08,9.99999e-01
4.762907561e-01,2.78053e-08,9.99999e-01,9.99999e-01,9.99936e-01,2.78071e-08,9.99999e-01
4.786722099e-01,3.92095e-08,9.99999e-01,9.99999e-01,9.99973e-01,3.92105e-08,9.99999e-01
4.810655710e-01,5.49158e-08,9.99999e-01,9.99999e-01,9.99991e-01,5.49162e-08,9.99999e-01
4.834708988e-01,7.63973e-08,9.99999e-01,9.99999e-01,9.99927e-01,7.64028e-08,9.99999e-01
4.858882533e-01,1.05591e-07,9.99999e-01,9.99999e-01,9.99862e-01,1.05605e-07,9.99999e-01
4.883176946e-01,1.45023e-07,9.99999e-01,9.99999e-01,9.99885e-01,1.45039e-07,9.99999e-01
4.907592831e-01,1.97933e-07,9.99999e-01,9.99999e-01,9.99896e-01,1.97953e-07,9.99999e-01
4.932130795e-01,2.68498e-07,9.99999e-01,9.99999e-01,9.99926e-01,2.68517e-07,9.99999e-01
4.956791449e-01,3.62034e-07,9.99999e-01,9.99999e-01,9.99960e-01,3.62048e-07,9.99999e-01
4.981575406e-01,4.85191e-07,9.99999e-01,9.99999e-01,9.99806e-01,4.85285e-07,9.99999e-01
5.006483283e-01,6.46395e-07,9.99999e-01,9.99999e-01,9.99503e-01,6.46716e-07,9.99999e-01
5.031515699e-01,8.54801e-07,9.99999e-01,9.99999e-01,9.97463e-01,8.56974e-07,9.99999e-01
5.056673278e-01,1.12778e-06,9.99999e-01,9.99999e-01,9.98655e-01,1.12929e-06,9.99999e-01
5.081956644e-01,1.47755e-06,9.99999e-01,9.99999e-01,9.98303e-01,1.48006e-06,9.99999e-01
5.107366428e-01,1.92722e-06,9.99999e-01,9.99999e-01,9.98853e-01,1.92943e-06,9.99999e-01
5.132903260e-01,2.50047e-06,9.99999e-01,9.99999e-01,9.99343e-01,2.50211e-06,9.99999e-01
5.158567776e-01,3.22726e-06,9.99999e-01,9.99999e-01,9.99721e-01,3.22815e-06,9.99999e-01
5.184360615e-01,4.14350e-06,9.99999e-01,9.99999e-01,9.99888e-01,4.14396e-06,9.99999e-01
5.210282418e-01,5.29319e-06,9.99999e-01,9.99999e-01,9.99958e-01,5.29341e-06,9.99999e-01
5.236333830e-01,6.72795e-06,9.99999e-01,9.99999e-01,9.99833e-01,6.72906e-06,9.99999e-01
5.262515499e-01,8.51275e-06,9.99999e-01,9.99999e-01,9.99895e-01,8.51364e-06,9.99999e-01
5.288828077e-01,1.07205e-05,9.99999e-01,9.99999e-01,9.99904e-01,1.07216e-05,9.99999e-01
5.315272217e-01,1.34396e-05,9.99999e-01,9.99999e-01,9.99915e-01,1.34407e-05,9.99999e-01
5.341848578e-01,1.67735e-05,9.99999e-01,9.99999e-01,9.99945e-01,1.67745e-05,9.99999e-01
5.368557821e-01,2.08396e-05,9.99999e-01,9.99999e-01,9.99807e-01,2.08436e-05,9.99999e-01
5.395400610e-01,2.57713e-05,9.99999e-01,9.99999e-01,9.99310e-01,2.57890e-05,9.99999e-01
5.422377613e-01,3.17452e-05,9.99999e-01,9.99999e-01,9.99096e-01,3.17739e-05,9.99999e-01
5.449489501e-01,3.89542e-05,9.99999e-01,9.99999e-01,9.99166e-01,3.89867e-05,9.99999e-01
5.476736949e-01,4.76083e-05,9.99999e-01,9.99999e-01,9.99254e-01,4.76438e-05,9.99999e-01
5.504120634e-01,5.79618e-05,9.99999e-01,9.99999e-01,9.99459e-01,5.79931e-05,9.99999e-01
5.531641237e-01,7.02979e-05,9.99999e-01,9.99999e-01,9.99727e-01,7.03170e-05,9.99999e-01
5.559299443e-01,8.49247e-05,9.99999e-01,9.99999e-01,9.99868e-01,8.49359e-05,9.99999e-01
5.587095940e-01,1.02204e-04,9.99999e-01,9.99999e-01,9.99917e-01,1.02212e-04,9.99999e-01
5.615031420e-01,1.22542e-04,9.99999e-01,9.99999e-01,9.99908e-01,1.22553e-04,9.99999e-01
5.643106577e-01,1.46401e-04,9.99999e-01,9.99999e-01,9.99897e-01,1.46416e-04,9.99999e-01
5.671322110e-01,1.74097e-04,9.99999e-01,9.99999e-01,9.98766e-01,1.74312e-04,9.99999e-01
5.699678720e-01,2.06531e-04,9.99999e-01,9.99999e-01,9.98650e-01,2.06810e-04,9.99999e-01
5.728177114e-01,2.44199e-04,9.99999e-01,9.99999e-01,9.98609e-01,2.44539e-04,9.99999e-01
5.756818000e-01,2.87827e-04,9.99999e-01,9.99999e-01,9.98721e-01,2.88195e-04,9.99999e-01
5.785602090e-01,3.38167e-04,9.99999e-01,9.99999e-01,9.98883e-01,3.38545e-04,9.99999e-01
5.814530100e-01,3.95986e-04,9.99999e-01,9.99999e-01,9.98880e-01,3.96429e-04,9.99999e-01
5.843602750e-01,4.62153e-04,9.99999e-01,9.99999e-01,9.98677e-01,4.62765e-04,9.99999e-01
5.872820764e-01,5.32438e-04,9.99999e-01,9.99999e-01,9.88646e-01,5.38552e-04,9.99999e-01
5.902184868e-01,6.16200e-04,9.99999e-01,9.99999e-01,9.86115e-01,6.24876e-04,9.99999e-01
5.931695792e-01,7.15835e-04,9.99999e-01,9.99999e-01,9.90211e-01,7.22911e-04,9.99999e-01
5.961354271e-01,8.24953e-04,9.99999e-01,9.99999e-01,9.89243e-01,8.33923e-04,9.99999e-01
5.991161043e-01,9.51725e-04,9.99999e-01,9.99999e-01,9.92133e-01,9.59271e-04,9.99999e-01
6.021116848e-01,1.09549e-03,9.99999e-01,9.99999e-01,9.95523e-01,1.10041e-03,9.99999e-01
6.051222432e-01,1.25605e-03,9.99999e-01,9.99999e-01,9.97731e-01,1.25890e-03,9.99999e-01
6.081478544e-01,1.43499e-03,9.99999e-01,9.99999e-01,9.99021e-01,1.43640e-03,9.99999e-01
6.111885937e-01,1.63397e-03,9.99999e-01,9.99999e-01,9.99584e-01,1.63465e-03,9.99999e-01
6.142445367e-01,1.85518e-03,9.99999e-01,9.99999e-01,9.99814e-01,1.85553e-03,9.99999e-01
6.173157594e-01,2.10076e-03,9.99999e-01,9.99999e-01,9.99897e-01,2.10098e-03,9.99999e-01
6.204023382e-01,2.37287e-03,9.99999e-01,9.99999e-01,9.99913e-01,2.37307e-03,9.99999e-01
6.235043498e-01,2.67296e-03,9.99999e-01,9.99999e-01,9.99627e-01,2.67396e-03,9.99999e-01
6.266218716e-01,2.99988e-03,9.99999e-01,9.99999e-01,9.97997e-01,3.00590e-03,9.99999e-01
6.297549810e-01,3.36877e-03,9.99999e-01,9.99999e-01,9.99265e-01,3.37125e-03,9.99999e-01
6.329037559e-01,3.76695e-03,9.99999e-01,9.99999e-01,9.98543e-01,3.77245e-03,9.99999e-01
6.360682746e-01,4.20682e-03,9.99999e-01,9.99999e-01,9.98765e-01,4.21202e-03,9.99999e-01
6.392486160e-01,4.68507e-03,9.99999e-01,9.99999e-01,9.98396e-01,4.69259e-03,9.99999e-01
6.424448591e-01,5.20683e-03,9.99999e-01,9.99999e-01,9.98078e-01,5.21685e-03,9.99999e-01
6.456570834e-01,5.73101e-03,9.99999e-01,9.99999e-01,9.90229e-01,5.78755e-03,9.99999e-01
6.488853688e-01,6.35275e-03,9.99999e-01,9.99999e-01,9.91448e-01,6.40754e-03,9.99999e-01
6.521297956e-01,7.02713e-03,9.99999e-01,9.99999e-01,9.92574e-01,7.07970e-03,9.99999e-01
6.553904446e-01,7.74968e-03,9.99999e-01,9.99999e-01,9.92662e-01,7.80696e-03,9.99999e-01
6.586673968e-01,8.53782e-03,9.99999e-01,9.99999e-01,9.93655e-01,8.59233e-03,9.99999e-01
6.619607338e-01,9.40416e-03,9.99999e-01,9.99999e-01,9.96328e-01,9.43881e-03,9.99999e-01
6.652705375e-01,1.03274e-02,9.99999e-01,9.99999e-01,9.97866e-01,1.03495e-02,9.99999e-01
6.685968902e-01,1.13161e-02,9.99999e-01,9.99999e-01,9.99009e-01,1.13273e-02,9.99999e-01
6.719398746e-01,1.23698e-02,9.99999e-01,9.99999e-01,9.99539e-01,1.23755e-02,9.99999e-01
6.752995740e-01,1.34937e-02,9.99999e-01,9.99999e-01,9.99751e-01,1.34971e-02,9.99999e-01
6.786760719e-01,1.46899e-02,9.99999e-01,9.99999e-01,9.99644e-01,1.46951e-02,9.99999e-01
6.820694522e-01,1.59628e-02,9.99999e-01,9.99999e-01,9.99389e-01,1.59726e-02,9.99999e-01
6.854797995e-01,1.73190e-02,9.99999e-01,9.99999e-01,9.99213e-01,1.73326e-02,9.99999e-01
6.889071985e-01,1.87428e-02,9.99999e-01,9.99999e-01,9.98125e-01,1.87780e-02,9.99999e-01
6.923517345e-01,1.96923e-02,9.99999e-01,9.99999e-01,9.69499e-01,2.03119e-02,9.99999e-01
6.958134932e-01,2.15798e-02,9.99999e-01,9.99999e-01,9.83719e-01,2.19369e-02,9.99999e-01
6.992925606e-01,2.32965e-02,9.99999e-01,9.99999e-01,9.84800e-01,2.36560e-02,9.99999e-01
7.027890234e-01,2.49908e-02,9.99999e-01,9.99999e-01,9.81114e-01,2.54718e-02,9.99999e-01
7.063029686e-01,2.69517e-02,9.99999e-01,9.99999e-01,9.84105e-01,2.73870e-02,9.99999e-01
7.098344834e-01,2.89554e-02,9.99999e-01,9.99999e-01,9.84740e-01,2.94040e-02,9.99999e-01
7.133836558e-01,3.08950e-02,9.99999e-01,9.99999e-01,9.80004e-01,3.15253e-02,9.99998e-01
7.169505741e-01,2.87156e-02,9.99999e-01,9.99999e-01,8.50752e-01,3.37532e-02,9.99997e-01
7.205353270e-01,3.32866e-02,9.99999e-01,9.99999e-01,9.22328e-01,3.60898e-02,9.99997e-01
7.241380036e-01,3.48223e-02,9.99999e-01,9.99999e-01,9.03605e-01,3.85372e-02,9.99997e-01
7.277586936e-01,3.75025e-02,9.99999e-01,9.99999e-01,9.12534e-01,4.10972e-02,9.99997e-01
7.313974871e-01,3.96746e-02,9.99999e-01,9.99999e-01,9.06400e-01,4.37716e-02,9.99998e-01
7.350544745e-01,4.41289e-02,9.99999e-01,9.99999e-01,9.47742e-01,4.65621e-02,9.99998e-01
7.387297469e-01,4.75500e-02,9.99999e-01,9.99999e-01,9.61187e-01,4.94700e-02,9.99999e-01
7.424233956e-01,5.14867e-02,9.99999e-01,9.99999e-01,9.80760e-01,5.24967e-02,9.99999e-01
7.461355126e-01,5.49931e-02,9.99999e-01,9.99999e-01,9.88315e-01,5.56433e-02,9.99999e-01
7.498661902e-01,5.85884e-02,9.99999e-01,9.99999e-01,9.94528e-01,5.89107e-02,9.99999e-01
7.536155211e-01,6.21328e-02,9.99999e-01,9.99999e-01,9.97320e-01,6.22996e-02,9.99999e-01
7.573835987e-01,6.57200e-02,9.99999e-01,9.99999e-01,9.98618e-01,6.58108e-02,9.99999e-01
7.611705167e-01,6.93851e-02,9.99999e-01,9.99999e-01,9.99141e-01,6.94447e-02,9.99999e-01
7.649763693e-01,7.31621e-02,9.99999e-01,9.99999e-01,9.99462e-01,7.32014e-02,9.99999e-01
7.688012511e-01,7.70523e-02,9.99999e-01,9.99999e-01,9.99626e-01,7.70811e-02,9.99999e-01
7.726452574e-01,8.10588e-02,9.99999e-01,9.99999e-01,9.99692e-01,8.10837e-02,9.99999e-01
7.765084837e-01,8.51720e-02,9.99999e-01,9.99999e-01,9.99566e-01,8.52089e-02,9.99999e-01
7.803910261e-01,8.14013e-02,9.99999e-01,9.11520e-01,9.98132e-01,8.94562e-02,9.99999e-01
7.842929812e-01,5.76368e-02,9.99999e-01,6.17799e-01,9.93497e-01,9.38250e-02,9.99999e-01
7.882144461e-01,5.86453e-02,9.99999e-01,6.03779e-01,9.86531e-01,9.83146e-02,9.99999e-01
7.921555184e-01,7.48258e-02,9.99999e-01,7.32072e-01,9.92558e-01,1.02924e-01,9.99999e-01
7.961162960e-01,8.59145e-02,9.99999e-01,8.08243e-01,9.87027e-01,1.07652e-01,9.99999e-01
8.000968774e-01,9.87329e-02,9.99999e-01,8.90946e-01,9.84933e-01,1.12497e-01,9.99999e-01
8.040973618e-01,1.08943e-01,9.99999e-01,9.41581e-01,9.84953e-01,1.17458e-01,9.99999e-01
8.081178486e-01,1.15250e-01,9.99999e-01,9.72830e-01,9.66675e-01,1.22534e-01,9.99998e-01
8.121584379e-01,1.10035e-01,9.99999e-01,9.91459e-01,8.68700e-01,1.27722e-01,9.99997e-01
8.162192301e-01,1.12199e-01,9.99999e-01,9.98106e-01,8.44981e-01,1.33020e-01,9.99997e-01
8.203003262e-01,1.27634e-01,9.99999e-01,9.99968e-01,9.22047e-01,1.38428e-01,9.99997e-01
8.244018279e-01,1.28287e-01,9.99999e-01,9.99999e-01,8.91247e-01,1.43942e-01,9.99996e-01
8.285238370e-01,1.35283e-01,9.99999e-01,9.99999e-01,9.04545e-01,1.49560e-01,9.99997e-01
8.326664562e-01,1.40267e-01,9.99999e-01,9.99999e-01,9.03321e-01,1.55279e-01,9.99998e-01
8.368297885e-01,1.49743e-01,9.99999e-01,9.99999e-01,9.29512e-01,1.61098e-01,9.99998e-01
8.410139374e-01,1.59905e-01,9.99999e-01,9.99999e-01,9.57435e-01,1.67014e-01,9.99999e-01
8.452190071e-01,1.69366e-01,9.99999e-01,9.99999e-01,9.78859e-01,1.73024e-01,9.99999e-01
8.494451021e-01,1.76925e-01,9.99999e-01,9.99999e-01,9.87720e-01,1.79124e-01,9.99999e-01
8.536923276e-01,1.83960e-01,9.99999e-01,9.99999e-01,9.92697e-01,1.85313e-01,9.99999e-01
8.579607893e-01,1.90728e-01,9.99999e-01,9.99999e-01,9.95510e-01,1.91588e-01,9.99999e-01
8.622505932e-01,1.97378e-01,9.99999e-01,9.99999e-01,9.97139e-01,1.97944e-01,9.99999e-01
8.665618462e-01,1.77288e-01,9.99999e-01,8.68878e-01,9.98236e-01,2.04380e-01,9.99999e-01
8.708946554e-01,6.51117e-02,9.99999e-01,3.09313e-01,9.97985e-01,2.10891e-01,9.99999e-01
8.752491287e-01,8.09376e-02,9.99999e-01,3.73100e-01,9.97302e-01,2.17475e-01,9.99999e-01
8.796253743e-01,1.27946e-01,9.99999e-01,5.72810e-01,9.96278e-01,2.24129e-01,9.99999e-01
8.840235012e-01,1.71213e-01,9.99999e-01,7.44686e-01,9.95746e-01,2.30848e-01,9.99999e-01
8.884436187e-01,2.08175e-01,9.99999e-01,8.89068e-01,9.84886e-01,2.37631e-01,9.99998e-01
8.928858368e-01,1.98706e-01,9.99999e-01,9.53478e-01,8.51308e-01,2.44472e-01,9.99997e-01
8.973502660e-01,1.86764e-01,9.99999e-01,9.88418e-01,7.51128e-01,2.51370e-01,9.99995e-01
9.018370173e-01,2.22728e-01,9.99999e-01,9.98714e-01,8.63223e-01,2.58321e-01,9.99995e-01
9.063462024e-01,2.26986e-01,9.99999e-01,9.69213e-01,8.79928e-01,2.65320e-01,9.99994e-01
9.108779334e-01,2.07430e-01,9.99999e-01,9.27880e-01,8.18453e-01,2.72366e-01,9.99994e-01
9.154323231e-01,2.18642e-01,9.99999e-01,9.82404e-01,7.95458e-01,2.79454e-01,9.99993e-01
9.200094847e-01,1.97762e-01,9.99999e-01,8.05446e-01,8.36044e-01,2.86580e-01,9.99992e-01
9.246095321e-01,1.58989e-01,9.99999e-01,6.95306e-01,7.66317e-01,2.93743e-01,9.99986e-01
9.292325798e-01,4.51802e-02,9.99999e-01,7.58319e-01,1.86331e-01,3.00937e-01,9.99972e-01
9.338787427e-01,2.75257e-02,9.99999e-01,7.60897e-01,1.10788e-01,3.08161e-01,9.99964e-01
9.385481364e-01,1.08193e-01,9.99999e-01,8.16553e-01,4.08157e-01,3.15410e-01,9.99963e-01
9.432408771e-01,8.83802e-02,9.99999e-01,8.82236e-01,3.05480e-01,3.22681e-01,9.99959e-01
9.479570815e-01,6.00362e-02,9.99999e-01,9.37852e-01,1.92451e-01,3.29972e-01,9.99964e-01
9.526968669e-01,9.12825e-02,9.99999e-01,9.69514e-01,2.77480e-01,3.37278e-01,9.99973e-01
9.574603512e-01,1.00279e-01,9.99999e-01,9.86826e-01,2.94191e-01,3.44597e-01,9.99979e-01
9.622476530e-01,1.26898e-01,9.99999e-01,9.95867e-01,3.61825e-01,3.51925e-01,9.99986e-01
9.670588912e-01,1.98711e-01,9.99999e-01,9.98757e-01,5.53699e-01,3.59260e-01,9.99991e-01
9.718941857e-01,2.50905e-01,9.99999e-01,9.99910e-01,6.84464e-01,3.66599e-01,9.99994e-01
9.767536566e-01,2.72853e-01,9.99999e-01,9.99999e-01,7.29675e-01,3.73938e-01,9.99996e-01
9.816374249e-01,3.01322e-01,9.99999e-01,9.99999e-01,7.90304e-01,3.81274e-01,9.99997e-01
9.865456120e-01,3.35292e-01,9.99999e-01,9.99999e-01,8.62808e-01,3.88606e-01,9.99998e-01
9.914783401e-01,3.61358e-01,9.99999e-01,9.99999e-01,9.12682e-01,3.95929e-01,9.99999e-01
9.964357318e-01,3.83659e-01,9.99999e-01,9.99999e-01,9.51435e-01,4.03242e-01,9.99999e-01
1.001417910e+00,3.98464e-01,9.99999e-01,9.99999e-01,9.70582e-01,4.10541e-01,9.99999e-01
1.006425000e+00,4.10785e-01,9.99999e-01,9.99999e-01,9.83153e-01,4.17824e-01,9.99999e-01
1.011457125e+00,4.20619e-01,9.99999e-01,9.99999e-01,9.89484e-01,4.25089e-01,9.99999e-01
1.016514411e+00,4.29246e-01,9.99999e-01,9.99999e-01,9.92860e-01,4.32333e-01,9.99999e-01
1.021596983e+00,4.36987e-01,9.99999e-01,9.99846e-01,9.94311e-01,4.39554e-01,9.99999e-01
1.026704968e+00,4.39323e-01,9.99999e-01,9.87741e-01,9.95563e-01,4.46749e-01,9.99999e-01
1.031838492e+00,4.09504e-01,9.99999e-01,9.04928e-01,9.96766e-01,4.53916e-01,9.99999e-01
1.036997685e+00,2.20166e-02,9.99999e-01,4.78220e-02,9.98082e-01,4.61053e-01,9.99999e-01
1.042182673e+00,1.15308e-03,9.99999e-01,2.46727e-03,9.97721e-01,4.68158e-01,9.99999e-01
1.047393587e+00,3.20167e-03,9.99999e-01,6.75402e-03,9.96974e-01,4.75229e-01,9.99999e-01
1.052630555e+00,2.14984e-07,9.99999e-01,4.46944e-07,9.95856e-01,4.82264e-01,9.99999e-01
1.057893707e+00,7.93625e-07,9.99999e-01,1.62778e-06,9.93101e-01,4.89262e-01,9.99999e-01
1.063183176e+00,2.64279e-05,9.99999e-01,5.36040e-05,9.88662e-01,4.96219e-01,9.99999e-01
1.068499092e+00,2.96377e-04,9.99999e-01,5.96381e-04,9.81065e-01,5.03135e-01,9.99999e-01
1.073841587e+00,4.11655e-03,9.99999e-01,8.19979e-03,9.77939e-01,5.10008e-01,9.99999e-01
1.079210795e+00,2.48871e-02,9.99999e-01,4.92334e-02,9.71706e-01,5.16836e-01,9.99998e-01
1.084606849e+00,9.04511e-02,9.99999e-01,1.79380e-01,9.57588e-01,5.23619e-01,9.99998e-01
1.090029883e+00,2.03658e-01,9.99999e-01,4.06357e-01,9.40080e-01,5.30353e-01,9.99997e-01
1.095480033e+00,2.92089e-01,9.99999e-01,6.39966e-01,8.44897e-01,5.37039e-01,9.99995e-01
1.100957433e+00,2.88797e-01,9.99999e-01,8.05443e-01,6.54782e-01,5.43674e-01,9.99992e-01
1.106462220e+00,1.80273e-01,9.99999e-01,9.14161e-01,3.55171e-01,5.50258e-01,9.99983e-01
1.111994531e+00,6.43339e-02,9.99999e-01,9.67235e-01,1.18733e-01,5.56789e-01,9.99967e-01
1.117554504e+00,1.99941e-02,9.99999e-01,9.91863e-01,3.56664e-02,5.63267e-01,9.99953e-01
1.123142276e+00,5.74774e-02,9.99999e-01,9.99460e-01,1.00905e-01,5.69690e-01,9.99945e-01
1.128757988e+00,1.17346e-01,9.99999e-01,9.99999e-01,2.03718e-01,5.76056e-01,9.99940e-01
1.134401778e+00,5.15221e-02,9.99999e-01,9.99999e-01,8.84761e-02,5.82366e-01,9.99933e-01
1.140073787e+00,2.18260e-01,9.99999e-01,9.99999e-01,3.70820e-01,5.88619e-01,9.99944e-01
1.145774156e+00,8.55326e-02,9.99999e-01,9.99999e-01,1.43804e-01,5.94813e-01,9.99954e-01
1.151503026e+00,7.07329e-02,9.99999e-01,9.99999e-01,1.17707e-01,6.00948e-01,9.99960e-01
1.157260541e+00,8.91870e-02,9.99999e-01,9.99999e-01,1.46929e-01,6.07024e-01,9.99970e-01
1.163046844e+00,1.46013e-01,9.99999e-01,9.99999e-01,2.38183e-01,6.13039e-01,9.99980e-01
1.168862078e+00,2.21528e-01,9.99999e-01,9.99999e-01,3.57888e-01,6.18993e-01,9.99990e-01
1.174706389e+00,3.30844e-01,9.99999e-01,9.99999e-01,5.29449e-01,6.24885e-01,9.99994e-01
1.180579921e+00,4.27085e-01,9.99999e-01,9.99999e-01,6.77144e-01,6.30716e-01,9.99996e-01
1.186482820e+00,5.09919e-01,9.99999e-01,9.99983e-01,8.01161e-01,6.36484e-01,9.99996e-01
1.192415234e+00,5.41648e-01,9.99999e-01,9.58699e-01,8.78414e-01,6.42189e-01,9.99997e-01
1.198377311e+00,3.04415e-01,9.99999e-01,5.14549e-01,8.96727e-01,6.47832e-01,9.99997e-01
1.204369197e+00,1.35927e-32,9.99999e-01,2.20830e-32,9.02208e-01,6.53411e-01,9.99997e-01
1.210391043e+00,1.57657e-132,9.99999e-01,2.52766e-132,9.06076e-01,6.58926e-01,9.99998e-01
1.216442998e+00,1.17308e-114,9.99999e-01,1.85997e-114,9.19358e-01,6.64378e-01,9.99998e-01
1.222525213e+00,6.32807e-113,9.99999e-01,9.77205e-113,9.36585e-01,6.69766e-01,9.99999e-01
1.228637839e+00,4.51308e-87,9.99999e-01,6.89260e-87,9.55542e-01,6.75090e-01,9.99999e-01
1.234781029e+00,4.38361e-54,9.99999e-01,6.53777e-54,9.66762e-01,6.80349e-01,9.99999e-01
1.240954934e+00,7.80052e-36,9.99999e-01,1.15271e-35,9.78871e-01,6.85545e-01,9.99999e-01
1.247159708e+00,3.81218e-17,9.99999e-01,5.57380e-17,9.83491e-01,6.90676e-01,9.99999e-01
1.253395507e+00,1.10367e-11,9.99999e-01,1.60262e-11,9.85351e-01,6.95744e-01,9.99999e-01
1.259662485e+00,2.57691e-07,9.99999e-01,3.71419e-07,9.86218e-01,7.00747e-01,9.99999e-01
1.265960797e+00,3.20474e-04,9.99999e-01,4.60099e-04,9.77942e-01,7.05687e-01,9.99999e-01
1.272290601e+00,1.43842e-02,9.99999e-01,2.07505e-02,9.67713e-01,7.10562e-01,9.99998e-01
1.278652054e+00,1.73892e-02,9.99999e-01,2.53983e-02,9.33093e-01,7.15374e-01,9.99998e-01
1.285045314e+00,1.45640e-05,9.99999e-01,2.12978e-05,8.97154e-01,7.20123e-01,9.99997e-01
1.291470541e+00,1.41643e-15,9.99999e-01,2.19670e-15,8.03919e-01,7.24808e-01,9.99995e-01
1.297927893e+00,1.02568e-06,9.99999e-01,1.60043e-06,7.53032e-01,7.29431e-01,9.99991e-01
1.304417533e+00,6.98005e-04,9.99999e-01,1.25273e-03,6.94511e-01,7.33991e-01,9.99985e-01
1.310939621e+00,2.00787e-04,9.99999e-01,3.44325e-04,6.60398e-01,7.38488e-01,9.99975e-01
1.317494319e+00,4.98096e-45,9.99999e-01,8.58294e-45,6.36160e-01,7.42923e-01,9.99959e-01
1.324081790e+00,1.53339e-29,9.99999e-01,2.78809e-29,5.14995e-01,7.47297e-01,9.99934e-01
1.330702199e+00,7.33761e-18,9.99999e-01,2.23151e-17,1.42085e-01,7.51609e-01,9.99890e-01
1.337355710e+00,7.80317e-18,9.99999e-01,7.39940e-16,2.81172e-03,7.55860e-01,9.99789e-01
1.344042489e+00,5.18522e-19,9.99999e-01,4.14922e-16,4.94982e-05,7.60051e-01,9.99549e-01
1.350762701e+00,1.59047e-29,9.99999e-01,1.05033e-17,1.72379e-13,7.64181e-01,9.99281e-01
1.357516515e+00,1.52773e-28,9.99999e-01,1.04988e-10,7.64335e-20,7.68251e-01,9.99110e-01
1.364304097e+00,9.67294e-19,9.99999e-01,6.94682e-08,2.26410e-12,7.72262e-01,9.99046e-01
1.371125618e+00,4.13969e-11,9.99999e-01,2.27754e-04,6.79893e-08,7.76215e-01,9.99038e-01
1.377981246e+00,3.93841e-10,9.99999e-01,6.93537e-04,2.25857e-07,7.80108e-01,9.98967e-01
1.384871152e+00,3.71832e-12,9.99999e-01,1.42968e-02,1.62664e-10,7.83944e-01,9.98977e-01
1.391795508e+00,7.71166e-14,9.99999e-01,1.99353e-02,1.81501e-12,7.87723e-01,9.99124e-01
1.398754485e+00,6.90109e-11,9.99999e-01,8.40616e-02,7.30547e-10,7.91444e-01,9.99268e-01
1.405748258e+00,1.59520e-10,9.99999e-01,1.64927e-01,8.74438e-10,7.95109e-01,9.99344e-01
1.412776999e+00,3.97897e-10,9.99999e-01,3.16586e-01,1.09935e-09,7.98718e-01,9.99472e-01
1.419840884e+00,7.43232e-10,9.99999e-01,3.05485e-01,2.04950e-09,8.02272e-01,9.99606e-01
1.426940089e+00,2.03143e-07,9.99999e-01,1.04122e-02,9.03883e-07,8.05770e-01,9.99756e-01
1.434074789e+00,0.00000e+00,9.99999e-01,0.00000e+00,8.83199e-06,8.09215e-01,9.99847e-01
1.441245163e+00,0.00000e+00,9.99999e-01,0.00000e+00,7.27890e-05,8.12606e-01,9.99881e-01
1.448451389e+00,0.00000e+00,9.99999e-01,0.00000e+00,1.47365e-03,8.15943e-01,9.99901e-01
1.455693646e+00,0.00000e+00,9.99999e-01,0.00000e+00,1.15255e-02,8.19228e-01,9.99918e-01
1.462972114e+00,0.00000e+00,9.99999e-01,0.00000e+00,1.73794e-02,8.22461e-01,9.99930e-01
1.470286975e+00,4.56662e-221,9.99999e-01,1.05459e-219,9.32498e-03,8.25642e-01,9.99937e-01
1.477638409e+00,4.66896e-139,9.99999e-01,1.07414e-137,1.42334e-02,8.28773e-01,9.99946e-01
1.485026601e+00,1.96552e-77,9.99999e-01,3.18608e-76,2.65163e-02,8.31853e-01,9.99959e-01
1.492451734e+00,9.05360e-66,9.99999e-01,7.29626e-65,7.04991e-02,8.34883e-01,9.99972e-01
1.499913993e+00,4.11342e-28,9.99999e-01,1.44646e-27,1.57101e-01,8.37865e-01,9.99984e-01
1.507413563e+00,7.93770e-27,9.99999e-01,2.61393e-26,2.59457e-01,8.40798e-01,9.99991e-01
1.514950631e+00,3.12071e-28,9.99999e-01,6.49052e-28,4.25094e-01,8.43682e-01,9.99994e-01
1.522525384e+00,7.99546e-98,9.99999e-01,1.38013e-97,5.73195e-01,8.46520e-01,9.99996e-01
1.530138011e+00,1.00472e-234,9.99999e-01,1.48254e-234,6.61982e-01,8.49310e-01,9.99998e-01
1.537788701e+00,2.29939e-173,9.99999e-01,3.15571e-173,7.91775e-01,8.52055e-01,9.99998e-01
1.545477645e+00,7.56590e-36,9.99999e-01,9.78594e-36,8.61646e-01,8.54754e-01,9.99999e-01
1.553205033e+00,2.94867e-26,9.99999e-01,3.73315e-26,8.85900e-01,8.57407e-01,9.99999e-01
1.560971058e+00,2.15191e-26,9.99999e-01,2.61181e-26,9.27069e-01,8.60017e-01,9.99999e-01
1.568775913e+00,0.00000e+00,9.99999e-01,0.00000e+00,9.51488e-01,8.62582e-01,9.99999e-01
1.576619793e+00,0.00000e+00,9.99999e-01,0.00000e+00,9.61991e-01,8.65105e-01,9.99999e-01
1.584502892e+00,0.00000e+00,9.99999e-01,0.00000e+00,9.76780e-01,8.67584e-01,9.99999e-01
1.592425406e+00,0.00000e+00,9.99999e-01,0.00000e+00,9.78490e-01,8.70022e-01,9.99999e-01
1.600387533e+00,0.00000e+00,9.99999e-01,0.00000e+00,9.85136e-01,8.72418e-01,9.99999e-01
1.608389471e+00,0.00000e+00,9.99999e-01,0.00000e+00,9.84616e-01,8.74773e-01,9.99999e-01
1.616431418e+00,0.00000e+00,9.99999e-01,0.00000e+00,9.84321e-01,8.77088e-01,9.99999e-01
1.624513575e+00,0.00000e+00,9.99999e-01,0.00000e+00,9.83246e-01,8.79363e-01,9.99999e-01
1.632636143e+00,0.00000e+00,9.99999e-01,0.00000e+00,9.73837e-01,8.81599e-01,9.99999e-01
1.640799324e+00,1.47287e-203,9.99999e-01,1.69787e-203,9.65308e-01,8.83796e-01,9.99999e-01
1.649003321e+00,1.45792e-203,9.99999e-01,1.69676e-203,9.55719e-01,8.85955e-01,9.99999e-01
1.657248337e+00,4.39961e-157,9.99999e-01,5.11261e-157,9.42317e-01,8.88077e-01,9.99999e-01
1.665534579e+00,3.77365e-158,9.99999e-01,4.47555e-158,9.22385e-01,8.90161e-01,9.99998e-01
1.673862252e+00,1.78741e-100,9.99999e-01,2.08965e-100,8.94688e-01,8.92209e-01,9.99998e-01
1.682231563e+00,2.91325e-69,9.99999e-01,3.39804e-69,9.08329e-01,8.94222e-01,9.99998e-01
1.690642721e+00,4.76976e-38,9.99999e-01,5.74790e-38,8.44896e-01,8.96199e-01,9.99997e-01
1.699095934e+00,4.00123e-24,9.99999e-01,4.90535e-24,8.22428e-01,8.98141e-01,9.99996e-01
1.707591414e+00,4.25851e-12,9.99999e-01,5.20824e-12,8.12570e-01,9.00049e-01,9.99995e-01
1.716129371e+00,1.72451e-07,9.99999e-01,2.25223e-07,7.72116e-01,9.01923e-01,9.99993e-01
1.724710018e+00,9.48893e-05,9.99999e-01,1.34352e-04,6.81455e-01,9.03763e-01,9.99990e-01
1.733333568e+00,1.55604e-03,9.99999e-01,2.48409e-03,6.09169e-01,9.05572e-01,9.99985e-01
1.742000236e+00,1.43399e-02,9.99999e-01,3.07510e-02,4.67769e-01,9.07348e-01,9.99976e-01
1.750710237e+00,1.85142e-05,9.99999e-01,5.06592e-05,2.52568e-01,9.09092e-01,9.99963e-01
1.759463788e+00,1.91002e-96,9.99999e-01,7.56914e-96,7.92033e-02,9.10805e-01,9.99942e-01
1.768261107e+00,1.42905e-101,9.99999e-01,2.42343e-100,1.16664e-02,9.12487e-01,9.99907e-01
1.777102413e+00,7.46770e-100,9.99999e-01,7.64464e-98,7.24998e-04,9.14139e-01,9.99855e-01
1.785987925e+00,2.66812e-95,9.99999e-01,1.83755e-91,1.18032e-05,9.15762e-01,9.99768e-01
1.794917864e+00,4.95994e-92,9.99999e-01,2.65201e-87,6.22236e-07,9.17355e-01,9.99598e-01
1.803892454e+00,2.42321e-93,9.99999e-01,7.45999e-84,1.06171e-11,9.18919e-01,9.99391e-01
1.812911916e+00,1.05002e-93,9.99999e-01,1.48477e-80,2.81559e-15,9.20455e-01,9.99204e-01
1.821976476e+00,8.29571e-94,9.99999e-01,1.26791e-80,5.10502e-15,9.21963e-01,9.99049e-01
1.831086358e+00,7.01362e-79,9.99999e-01,1.60433e-64,1.42588e-16,9.23444e-01,9.98900e-01
1.840241790e+00,2.35889e-66,9.99999e-01,7.05556e-55,1.22417e-13,9.24898e-01,9.98784e-01
1.849442999e+00,4.66169e-49,9.99999e-01,4.95702e-38,8.96467e-13,9.26326e-01,9.98689e-01
1.858690214e+00,8.33605e-54,9.99999e-01,7.51634e-36,9.20928e-20,9.27727e-01,9.98485e-01
1.867983665e+00,1.18185e-54,9.99999e-01,2.28686e-36,1.69688e-20,9.29103e-01,9.98312e-01
1.877323583e+00,8.64048e-191,9.99999e-01,3.43059e-184,1.60141e-08,9.30453e-01,9.98394e-01
1.886710201e+00,1.12775e-247,9.99999e-01,2.11068e-242,1.83967e-07,9.31779e-01,9.98639e-01
1.896143752e+00,5.53751e-282,9.99999e-01,4.86712e-277,1.21671e-06,9.33080e-01,9.98772e-01
1.905624471e+00,0.00000e+00,9.99999e-01,1.54148e-321,2.87206e-12,9.34358e-01,9.98857e-01
1.915152593e+00,1.57877e-261,9.99999e-01,5.70129e-249,1.01580e-14,9.35612e-01,9.98934e-01
1.924728356e+00,3.27585e-312,9.99999e-01,4.16355e-298,2.53214e-16,9.36842e-01,9.99060e-01
1.934351998e+00,0.00000e+00,9.99999e-01,0.00000e+00,2.54495e-18,9.38050e-01,9.99225e-01
1.944023758e+00,0.00000e+00,9.99999e-01,0.00000e+00,2.39750e-10,9.39236e-01,9.99441e-01
1.953743877e+00,0.00000e+00,9.99999e-01,0.00000e+00,8.16864e-10,9.40400e-01,9.99633e-01
1.963512596e+00,0.00000e+00,9.99999e-01,0.00000e+00,6.68414e-07,9.41542e-01,9.99771e-01
1.973330159e+00,0.00000e+00,9.99999e-01,0.00000e+00,3.33350e-05,9.42663e-01,9.99862e-01
1.983196810e+00,0.00000e+00,9.99999e-01,0.00000e+00,4.07677e-03,9.43763e-01,9.99911e-01
1.993112794e+00,0.00000e+00,9.99999e-01,0.00000e+00,1.25533e-02,9.44842e-01,9.99942e-01
2.003078358e+00,0.00000e+00,9.99999e-01,0.00000e+00,5.81477e-02,9.45902e-01,9.99961e-01
2.013093750e+00,0.00000e+00,9.99999e-01,0.00000e+00,1.56423e-01,9.46942e-01,9.99975e-01
2.023159218e+00,0.00000e+00,9.99999e-01,0.00000e+00,3.34797e-01,9.47962e-01,9.99983e-01
2.033275015e+00,0.00000e+00,9.99999e-01,0.00000e+00,4.36269e-01,9.48963e-01,9.99989e-01
2.043441390e+00,0.00000e+00,9.99999e-01,0.00000e+00,5.95485e-01,9.49945e-01,9.99993e-01
2.053658597e+00,0.00000e+00,9.99999e-01,0.00000e+00,6.49427e-01,9.50909e-01,9.99995e-01
2.063926890e+00,0.00000e+00,9.99999e-01,0.00000e+00,7.47242e-01,9.51855e-01,9.99996e-01
2.074246524e+00,0.00000e+00,9.99999e-01,0.00000e+00,7.76799e-01,9.52783e-01,9.99997e-01
2.084617757e+00,0.00000e+00,9.99999e-01,0.00000e+00,8.47318e-01,9.53694e-01,9.99997e-01
2.095040845e+00,0.00000e+00,9.99999e-01,0.00000e+00,8.77925e-01,9.54588e-01,9.99998e-01
2.105516050e+00,0.00000e+00,9.99999e-01,0.00000e+00,8.94057e-01,9.55464e-01,9.99998e-01
2.116043630e+00,0.00000e+00,9.99999e-01,0.00000e+00,8.98317e-01,9.56325e-01,9.99998e-01
2.126623848e+00,0.00000e+00,9.99999e-01,0.00000e+00,9.36938e-01,9.57168e-01,9.99998e-01
2.137256967e+00,0.00000e+00,9.99999e-01,0.00000e+00,9.40111e-01,9.57996e-01,9.99998e-01
2.147943252e+00,0.00000e+00,9.99999e-01,0.00000e+00,9.42187e-01,9.58809e-01,9.99998e-01
2.158682968e+00,0.00000e+00,9.99999e-01,0.00000e+00,9.47103e-01,9.59606e-01,9.99998e-01
2.169476383e+00,2.23587e-198,9.99999e-01,2.42928e-198,9.43727e-01,9.60388e-01,9.99998e-01
2.180323765e+00,4.20915e-123,9.99999e-01,4.57495e-123,9.36195e-01,9.61155e-01,9.99998e-01
2.191225384e+00,1.24931e-61,9.99999e-01,1.35579e-61,9.22728e-01,9.61907e-01,9.99997e-01
2.202181511e+00,1.77887e-39,9.99999e-01,1.96137e-39,9.04121e-01,9.62645e-01,9.99997e-01
2.213192418e+00,4.29043e-20,9.99999e-01,4.69523e-20,9.04459e-01,9.63369e-01,9.99997e-01
2.224258381e+00,3.42247e-13,9.99999e-01,3.78568e-13,8.86346e-01,9.64080e-01,9.99997e-01
2.235379672e+00,2.95361e-09,9.99999e-01,3.26940e-09,9.04554e-01,9.64777e-01,9.99997e-01
2.246556571e+00,1.64650e-06,9.99999e-01,1.90460e-06,8.34307e-01,9.65460e-01,9.99996e-01
2.257789354e+00,1.41905e-04,9.99999e-01,1.65387e-04,8.72165e-01,9.66131e-01,9.99995e-01
2.269078300e+00,2.58898e-04,9.99999e-01,3.65506e-04,7.09561e-01,9.66788e-01,9.99994e-01
2.280423692e+00,5.29149e-04,9.99999e-01,6.90359e-04,7.54285e-01,9.67434e-01,9.99993e-01
2.291825810e+00,3.98546e-03,9.99999e-01,6.77945e-03,5.75460e-01,9.68067e-01,9.99991e-01
2.303284939e+00,1.16185e-02,9.99999e-01,1.90539e-02,6.10521e-01,9.68687e-01,9.99988e-01
2.314801364e+00,1.31314e-02,9.99999e-01,2.95753e-02,4.33701e-01,9.69296e-01,9.99984e-01
2.326375371e+00,4.08587e-02,9.99999e-01,9.62964e-02,4.16424e-01,9.69893e-01,9.99978e-01
2.338007248e+00,3.19388e-02,9.99999e-01,7.75504e-02,3.96537e-01,9.70479e-01,9.99971e-01
2.349697284e+00,2.42803e-02,9.99999e-01,1.09729e-01,2.01426e-01,9.71054e-01,9.99960e-01
2.361445770e+00,4.39174e-02,9.99999e-01,1.68985e-01,2.56552e-01,9.71617e-01,9.99945e-01
2.373252999e+00,3.83399e-02,9.99999e-01,2.02517e-01,1.69245e-01,9.72170e-01,9.99924e-01
2.385119264e+00,2.53369e-02,9.99999e-01,4.97843e-01,4.56277e-02,9.72712e-01,9.99896e-01
2.397044861e+00,1.08793e-01,9.99999e-01,7.47915e-01,1.46086e-01,9.73244e-01,9.99843e-01
2.409030085e+00,1.80596e-02,9.99999e-01,6.03772e-01,2.90248e-02,9.73765e-01,9.99770e-01
2.421075235e+00,2.23774e-02,9.99999e-01,4.37778e-01,4.15078e-02,9.74277e-01,9.99686e-01
2.433180612e+00,5.85596e-04,9.99999e-01,1.78590e-02,1.31120e-02,9.74778e-01,9.99575e-01
2.445346515e+00,4.51694e-04,9.99999e-01,1.26653e-01,2.03377e-03,9.75270e-01,9.99431e-01
2.457573247e+00,5.36682e-06,9.99999e-01,7.29656e-03,1.45598e-04,9.75753e-01,9.99234e-01
2.469861113e+00,2.06252e-29,9.99999e-01,1.82244e-24,6.12841e-07,9.76226e-01,9.98964e-01
2.482210419e+00,1.94832e-97,9.99999e-01,8.87047e-87,6.80228e-13,9.76690e-01,9.98544e-01
2.494621471e+00,1.55962e-201,9.99999e-01,6.30883e-183,7.80486e-21,9.77145e-01,9.97936e-01
2.507094578e+00,2.70115e-208,9.99999e-01,3.98559e-177,2.17822e-33,9.77592e-01,9.96988e-01
2.519630051e+00,2.03710e-294,9.99999e-01,2.00005e-235,3.13822e-61,9.78029e-01,9.95602e-01
2.532228202e+00,0.00000e+00,9.99999e-01,4.32513e-302,1.88280e-82,9.78459e-01,9.94118e-01
2.544889343e+00,0.00000e+00,9.99999e-01,1.75211e-313,2.28044e-112,9.78879e-01,9.92485e-01
2.557613789e+00,0.00000e+00,9.99999e-01,0.00000e+00,4.36194e-110,9.79292e-01,9.91159e-01
2.570401858e+00,0.00000e+00,9.99999e-01,0.00000e+00,1.42634e-183,9.79697e-01,9.90438e-01
2.583253867e+00,0.00000e+00,9.99999e-01,0.00000e+00,2.81817e-155,9.80094e-01,9.89804e-01
2.596170137e+00,0.00000e+00,9.99999e-01,0.00000e+00,1.09836e-131,9.80483e-01,9.89334e-01
2.609150988e+00,0.00000e+00,9.99999e-01,0.00000e+00,3.10020e-92,9.80865e-01,9.88674e-01
2.622196742e+00,0.00000e+00,9.99999e-01,0.00000e+00,1.84359e-77,9.81240e-01,9.88364e-01
2.635307726e+00,0.00000e+00,9.99999e-01,0.00000e+00,7.40866e-35,9.81607e-01,9.87840e-01
2.648484265e+00,0.00000e+00,9.99999e-01,0.00000e+00,4.13548e-42,9.81967e-01,9.86123e-01
2.661726686e+00,0.00000e+00,9.99999e-01,0.00000e+00,1.33924e-74,9.82320e-01,9.84554e-01
2.675035320e+00,0.00000e+00,9.99999e-01,0.00000e+00,8.58894e-276,9.82666e-01,9.85331e-01
2.688410496e+00,0.00000e+00,9.99999e-01,0.00000e+00,3.78896e-133,9.83005e-01,9.86160e-01
2.701852549e+00,0.00000e+00,9.99999e-01,0.00000e+00,3.32962e-116,9.83338e-01,9.87451e-01
2.715361811e+00,0.00000e+00,9.99999e-01,0.00000e+00,3.50404e-115,9.83665e-01,9.88336e-01
2.728938620e+00,0.00000e+00,9.99999e-01,0.00000e+00,5.04246e-82,9.83985e-01,9.89658e-01
2.742583314e+00,0.00000e+00,9.99999e-01,0.00000e+00,1.10107e-87,9.84298e-01,9.90039e-01
2.756296230e+00,0.00000e+00,9.99999e-01,0.00000e+00,1.13178e-90,9.84606e-01,9.90436e-01
2.770077711e+00,0.00000e+00,9.99999e-01,0.00000e+00,5.81447e-125,9.84908e-01,9.91776e-01
2.783928100e+00,0.00000e+00,9.99999e-01,0.00000e+00,8.68945e-125,9.85204e-01,9.92469e-01
2.797847740e+00,0.00000e+00,9.99999e-01,0.00000e+00,1.12966e-94,9.85494e-01,9.93534e-01
2.811836979e+00,0.00000e+00,9.99999e-01,0.00000e+00,4.04289e-101,9.85778e-01,9.94849e-01
2.825896164e+00,0.00000e+00,9.99999e-01,0.00000e+00,2.21882e-87,9.86057e-01,9.96025e-01
2.840025645e+00,0.00000e+00,9.99999e-01,0.00000e+00,2.07015e-66,9.86331e-01,9.96848e-01
2.854225773e+00,0.00000e+00,9.99999e-01,0.00000e+00,6.58173e-58,9.86599e-01,9.97509e-01
2.868496902e+00,0.00000e+00,9.99999e-01,0.00000e+00,1.33492e-54,9.86862e-01,9.98207e-01
2.882839386e+00,0.00000e+00,9.99999e-01,0.00000e+00,1.64378e-43,9.87120e-01,9.98685e-01
2.897253583e+00,0.00000e+00,9.99999e-01,0.00000e+00,4.26767e-37,9.87372e-01,9.98940e-01
2.911739851e+00,0.00000e+00,9.99999e-01,0.00000e+00,4.90590e-25,9.87620e-01,9.99157e-01
2.926298550e+00,0.00000e+00,9.99999e-01,0.00000e+00,1.36119e-17,9.87863e-01,9.99363e-01
2.940930043e+00,0.00000e+00,9.99999e-01,0.00000e+00,3.43995e-17,9.88102e-01,9.99490e-01
2.955634693e+00,0.00000e+00,9.99999e-01,0.00000e+00,3.11944e-17,9.88335e-01,9.99577e-01
2.970412867e+00,0.00000e+00,9.99999e-01,0.00000e+00,5.05908e-15,9.88564e-01,9.99669e-01
2.985264931e+00,0.00000e+00,9.99999e-01,0.00000e+00,8.11578e-12,9.88789e-01,9.99733e-01
3.000191256e+00,0.00000e+00,9.99999e-01,0.00000e+00,1.81929e-09,9.89009e-01,9.99771e-01
3.015192212e+00,0.00000e+00,9.99999e-01,0.00000e+00,8.35587e-09,9.89225e-01,9.99817e-01
3.030268173e+00,0.00000e+00,9.99999e-01,0.00000e+00,1.45073e-07,9.89437e-01,9.99842e-01
3.045419514e+00,0.00000e+00,9.99999e-01,0.00000e+00,1.23943e-08,9.89644e-01,9.99857e-01
3.060646612e+00,4.04053e-217,9.99999e-01,9.12981e-213,7.98592e-06,9.89848e-01,9.99872e-01
3.075949845e+00,1.37406e-174,9.99999e-01,1.41300e-168,1.25926e-05,9.90047e-01,1.46223e-02
3.091329594e+00,1.53295e-167,9.99999e-01,9.93839e-160,1.87726e-05,9.90243e-01,4.86203e-05
3.106786242e+00,6.76458e-174,9.99999e-01,1.61362e-158,7.87831e-05,9.90435e-01,1.22145e-12
3.122320173e+00,2.16631e-145,9.99999e-01,1.39457e-109,3.32599e-04,9.90623e-01,9.34172e-34
3.137931774e+00,4.61837e-127,9.99999e-01,2.84353e-108,4.03486e-04,9.90807e-01,1.10330e-16
3.153621433e+00,1.13730e-116,9.99999e-01,3.09369e-111,6.19721e-03,9.90988e-01,9.29445e-05
3.169389540e+00,1.67381e-167,9.99999e-01,8.26106e-150,1.04329e-02,9.91165e-01,5.12171e-17
3.185236488e+00,1.87594e-148,9.99999e-01,5.00788e-120,4.68131e-03,9.91339e-01,2.03385e-27
3.201162670e+00,3.43951e-146,9.99999e-01,1.16239e-95,2.60812e-05,9.91509e-01,1.13489e-47
3.217168483e+00,2.63105e-163,9.99999e-01,1.70045e-92,2.93181e-04,9.91676e-01,1.45916e-68
3.233254326e+00,7.56818e-182,9.99999e-01,2.54177e-77,4.60372e-03,9.91840e-01,1.97373e-103
3.249420598e+00,1.32244e-213,9.99999e-01,1.49794e-43,2.89255e-02,9.92000e-01,1.31515e-169
3.265667701e+00,1.29108e-311,9.99999e-01,6.81425e-38,4.14060e-03,9.92158e-01,7.28270e-273
3.281996039e+00,0.00000e+00,9.99999e-01,8.32239e-28,1.12298e-02,9.92312e-01,0.00000e+00
3.298406019e+00,0.00000e+00,9.99999e-01,2.43694e-24,1.13419e-03,9.92463e-01,0.00000e+00
3.314898049e+00,0.00000e+00,9.99999e-01,8.37988e-24,8.13711e-04,9.92612e-01,0.00000e+00
3.331472540e+00,0.00000e+00,9.99999e-01,1.66639e-22,2.61564e-03,9.92757e-01,0.00000e+00
3.348129902e+00,0.00000e+00,9.99999e-01,1.02934e-17,1.63135e-03,9.92899e-01,0.00000e+00
3.364870552e+00,0.00000e+00,9.99999e-01,3.73776e-17,5.23625e-03,9.93039e-01,0.00000e+00
3.381694905e+00,1.96268e-231,9.99999e-01,4.05541e-14,1.14222e-02,9.93176e-01,8.63993e-217
3.398603379e+00,1.58539e-141,9.99999e-01,3.62682e-11,3.14444e-02,9.93311e-01,8.98223e-130
3.415596396e+00,1.80077e-86,9.99999e-01,1.13358e-10,8.08589e-02,9.93442e-01,1.43589e-75
3.432674378e+00,3.03991e-58,9.99999e-01,2.90033e-12,9.08193e-02,9.93571e-01,6.75666e-46
3.449837750e+00,9.82768e-37,9.99999e-01,7.69920e-16,1.89551e-01,9.93698e-01,4.20257e-21
3.467086939e+00,1.46556e-33,9.99999e-01,1.73440e-29,3.16325e-01,9.93822e-01,2.05509e-04
3.484422373e+00,1.22688e-40,9.99999e-01,8.94133e-40,3.35346e-01,9.93944e-01,2.72891e-01
3.501844485e+00,6.58371e-60,9.99999e-01,3.53338e-58,5.32517e-01,9.94063e-01,2.98051e-02
3.519353708e+00,2.58384e-70,9.99999e-01,3.63497e-70,5.90293e-01,9.94180e-01,9.97975e-01
3.536950476e+00,1.27198e-88,9.99999e-01,1.82857e-88,6.22006e-01,9.94294e-01,9.94153e-01
3.554635228e+00,7.67969e-86,9.99999e-01,9.83037e-86,7.44456e-01,9.94407e-01,9.86839e-01
3.572408405e+00,1.28471e-70,9.99999e-01,1.59858e-70,7.52109e-01,9.94517e-01,9.77678e-01
3.590270447e+00,6.24385e-66,9.99999e-01,7.23934e-66,8.20080e-01,9.94625e-01,9.87076e-01
3.608221799e+00,2.42314e-46,9.99999e-01,2.74129e-46,8.57130e-01,9.94731e-01,9.93455e-01
3.626262908e+00,7.60440e-26,9.99999e-01,8.17997e-26,8.76397e-01,9.94835e-01,9.98658e-01
3.644394222e+00,1.93204e-20,9.99999e-01,2.07540e-20,9.24359e-01,9.94936e-01,9.99469e-01
3.662616193e+00,1.65192e-09,9.99999e-01,1.79590e-09,8.79028e-01,9.95036e-01,9.97117e-01
3.680929274e+00,4.41484e-05,9.99999e-01,5.18931e-05,8.08713e-01,9.95134e-01,9.85430e-01
3.699333921e+00,4.74265e-03,9.99999e-01,5.38265e-03,9.05319e-01,9.95230e-01,9.67659e-01
3.717830590e+00,1.87918e-03,9.99999e-01,2.14586e-03,9.25661e-01,9.95324e-01,9.36155e-01
3.736419743e+00,3.64390e-06,9.99999e-01,4.33375e-06,9.13330e-01,9.95416e-01,9.02860e-01
3.755101842e+00,3.69321e-22,9.99999e-01,4.34322e-22,9.07491e-01,9.95506e-01,9.12861e-01
3.773877351e+00,1.48609e-52,9.99999e-01,1.67243e-52,9.23120e-01,9.95595e-01,9.48821e-01
3.792746738e+00,1.49267e-135,9.99999e-01,1.63186e-135,9.07656e-01,9.95682e-01,9.79352e-01
3.811710472e+00,9.80249e-88,9.99999e-01,1.05948e-87,8.88138e-01,9.95767e-01,9.90741e-01
3.830769024e+00,1.16378e-87,9.99999e-01,1.26712e-87,8.79880e-01,9.95850e-01,9.96436e-01
3.849922869e+00,3.09943e-121,9.99999e-01,3.44380e-121,8.31900e-01,9.95932e-01,9.99129e-01
3.869172484e+00,1.32940e-74,9.99999e-01,1.50036e-74,8.05070e-01,9.96012e-01,9.92298e-01
3.888518346e+00,5.27862e-31,9.99999e-01,5.91918e-31,8.85491e-01,9.96091e-01,9.81483e-01
3.907960938e+00,1.18829e-24,9.99999e-01,1.36821e-24,8.73578e-01,9.96168e-01,9.67953e-01
3.927500742e+00,5.59597e-25,9.99999e-01,6.97893e-25,4.67311e-01,9.96243e-01,9.61081e-01
3.947138246e+00,1.13993e-36,9.99999e-01,1.73202e-36,5.92635e-01,9.96317e-01,9.78265e-01
3.966873937e+00,3.43596e-56,9.99999e-01,4.51233e-56,2.98402e-01,9.96390e-01,9.95322e-01
3.986708307e+00,2.73201e-88,9.99999e-01,3.12161e-88,7.90776e-01,9.96461e-01,9.99994e-01
4.006641849e+00,2.42894e-162,9.99999e-01,2.56811e-162,9.18767e-01,9.96531e-01,9.99994e-01
4.026675058e+00,0.00000e+00,9.99999e-01,0.00000e+00,9.06576e-01,9.96599e-01,9.99994e-01
4.046808433e+00,0.00000e+00,9.99999e-01,0.00000e+00,8.88918e-01,9.96666e-01,9.99994e-01
4.067042475e+00,0.00000e+00,9.99999e-01,0.00000e+00,8.72633e-01,9.96732e-01,9.99993e-01
4.087377688e+00,0.00000e+00,9.99999e-01,0.00000e+00,8.64397e-01,9.96796e-01,9.99993e-01
4.107814576e+00,0.00000e+00,9.99999e-01,0.00000e+00,8.16673e-01,9.96859e-01,9.99993e-01
4.128353649e+00,0.00000e+00,9.99999e-01,0.00000e+00,7.27851e-01,9.96921e-01,9.99993e-01
4.148995417e+00,0.00000e+00,9.99999e-01,0.00000e+00,6.75842e-01,9.96982e-01,9.99992e-01
4.169740394e+00,0.00000e+00,9.99999e-01,0.00000e+00,5.35091e-01,9.97042e-01,9.99992e-01
4.190589096e+00,0.00000e+00,9.99999e-01,0.00000e+00,4.66572e-01,9.97100e-01,9.99992e-01
4.211542042e+00,0.00000e+00,9.99999e-01,0.00000e+00,3.03893e-01,9.97157e-01,9.99991e-01
4.232599752e+00,0.00000e+00,9.99999e-01,0.00000e+00,2.68850e-01,9.97213e-01,9.99991e-01
4.253762751e+00,0.00000e+00,9.99999e-01,0.00000e+00,1.88000e-01,9.97268e-01,9.99990e-01
4.275031564e+00,0.00000e+00,9.99999e-01,0.00000e+00,9.97369e-02,9.97322e-01,9.99990e-01
4.296406722e+00,0.00000e+00,9.99999e-01,0.00000e+00,5.16350e-02,9.97375e-01,9.99989e-01
4.317888756e+00,0.00000e+00,9.99999e-01,0.00000e+00,7.11902e-02,9.97427e-01,9.99988e-01
4.339478200e+00,0.00000e+00,9.99999e-01,0.00000e+00,3.65194e-02,9.97477e-01,9.99987e-01
4.361175591e+00,0.00000e+00,9.99999e-01,0.00000e+00,2.38700e-02,9.97527e-01,9.99986e-01
4.382981469e+00,0.00000e+00,9.99999e-01,0.00000e+00,2.42956e-02,9.97576e-01,9.99985e-01
4.404896376e+00,0.00000e+00,9.99999e-01,0.00000e+00,2.15188e-02,9.97624e-01,9.99984e-01
4.426920858e+00,0.00000e+00,9.99999e-01,0.00000e+00,8.85733e-03,9.97671e-01,9.99983e-01
4.449055462e+00,0.00000e+00,9.99999e-01,0.00000e+00,2.01364e-02,9.97716e-01,9.99981e-01
4.471300739e+00,0.00000e+00,9.99999e-01,0.00000e+00,7.51320e-03,9.97761e-01,9.99979e-01
4.493657243e+00,0.00000e+00,9.99999e-01,0.00000e+00,1.83993e-02,9.97806e-01,9.99977e-01
4.516125529e+00,0.00000e+00,9.99999e-01,0.00000e+00,4.28723e-03,9.97849e-01,9.99975e-01
4.538706157e+00,0.00000e+00,9.99999e-01,0.00000e+00,1.53579e-02,9.97891e-01,9.99972e-01
4.561399688e+00,0.00000e+00,9.99999e-01,0.00000e+00,1.53028e-02,9.97933e-01,9.99969e-01
4.584206686e+00,0.00000e+00,9.99999e-01,0.00000e+00,2.41123e-02,9.97974e-01,9.99964e-01
4.607127720e+00,0.00000e+00,9.99999e-01,0.00000e+00,1.18529e-02,9.98014e-01,9.99960e-01
4.630163358e+00,0.00000e+00,9.99999e-01,0.00000e+00,5.96841e-04,9.98053e-01,9.99954e-01
4.653314175e+00,0.00000e+00,9.99999e-01,0.00000e+00,3.84472e-04,9.98091e-01,9.99947e-01
4.676580746e+00,0.00000e+00,9.99999e-01,0.00000e+00,4.04733e-05,9.98129e-01,9.99938e-01
4.699963650e+00,0.00000e+00,9.99999e-01,0.00000e+00,2.30911e-04,9.98166e-01,9.99928e-01
4.723463468e+00,0.00000e+00,9.99999e-01,0.00000e+00,1.70612e-05,9.98202e-01,9.99916e-01
4.747080785e+00,0.00000e+00,9.99999e-01,0.00000e+00,5.77933e-04,9.98237e-01,9.99901e-01
4.770816189e+00,0.00000e+00,9.99999e-01,0.00000e+00,4.83661e-05,9.98272e-01,9.99882e-01
4.794670270e+00,0.00000e+00,9.99999e-01,0.00000e+00,5.95535e-07,9.98306e-01,9.99861e-01
4.818643622e+00,0.00000e+00,9.99999e-01,0.00000e+00,3.89204e-07,9.98340e-01,9.99834e-01
4.842736840e+00,0.00000e+00,9.99999e-01,0.00000e+00,1.08158e-08,9.98372e-01,9.99805e-01
4.866950524e+00,0.00000e+00,9.99999e-01,0.00000e+00,3.76086e-06,9.98405e-01,9.99768e-01
4.891285276e+00,0.00000e+00,9.99999e-01,0.00000e+00,2.92578e-08,9.98436e-01,9.99722e-01
4.915741703e+00,0.00000e+00,9.99999e-01,0.00000e+00,1.15405e-07,9.98467e-01,9.99676e-01
4.940320411e+00,0.00000e+00,9.99999e-01,0.00000e+00,1.03604e-08,9.98497e-01,9.99613e-01
4.965022013e+00,0.00000e+00,9.99999e-01,0.00000e+00,1.28543e-11,9.98527e-01,9.99551e-01
4.989847123e+00,0.00000e+00,9.99999e-01,0.00000e+00,4.82702e-10,9.98556e-01,9.99493e-01
5.014796359e+00,0.00000e+00,9.99999e-01,0.00000e+00,3.01612e-12,9.98584e-01,9.99413e-01
5.039870341e+00,0.00000e+00,9.99999e-01,0.00000e+00,4.92961e-12,9.98612e-01,9.99319e-01
5.065069693e+00,0.00000e+00,9.99999e-01,0.00000e+00,7.15921e-12,9.98640e-01,9.99188e-01
5.090395041e+00,0.00000e+00,9.99999e-01,0.00000e+00,3.22367e-17,9.98666e-01,9.99061e-01
5.115847016e+00,0.00000e+00,9.99999e-01,0.00000e+00,1.12732e-17,9.98693e-01,9.98908e-01
5.141426251e+00,0.00000e+00,9.99999e-01,0.00000e+00,8.17721e-23,9.98719e-01,9.98740e-01
5.167133383e+00,0.00000e+00,9.99999e-01,0.00000e+00,3.82059e-26,9.98744e-01,9.98571e-01
5.192969049e+00,0.00000e+00,9.99999e-01,0.00000e+00,5.21257e-26,9.98769e-01,9.98378e-01
5.218933895e+00,0.00000e+00,9.99999e-01,0.00000e+00,4.43097e-41,9.98793e-01,9.98197e-01
5.245028564e+00,0.00000e+00,9.99999e-01,0.00000e+00,3.33206e-31,9.98817e-01,9.98019e-01
5.271253707e+00,0.00000e+00,9.99999e-01,0.00000e+00,1.96431e-32,9.98840e-01,9.97776e-01
5.297609976e+00,0.00000e+00,9.99999e-01,0.00000e+00,2.94366e-39,9.98863e-01,9.97536e-01
5.324098025e+00,0.00000e+00,9.99999e-01,0.00000e+00,1.29070e-39,9.98885e-01,9.97319e-01
5.350718516e+00,0.00000e+00,9.99999e-01,0.00000e+00,1.46547e-48,9.98907e-01,9.96928e-01
5.377472108e+00,0.00000e+00,9.99999e-01,0.00000e+00,1.28507e-50,9.98929e-01,9.96733e-01
5.404359469e+00,0.00000e+00,9.99999e-01,0.00000e+00,1.48357e-50,9.98950e-01,9.96295e-01
5.431381266e+00,0.00000e+00,9.99999e-01,0.00000e+00,1.01137e-93,9.98971e-01,9.96013e-01
5.458538172e+00,0.00000e+00,9.99999e-01,0.00000e+00,9.80394e-94,9.98991e-01,9.95588e-01
5.485830863e+00,0.00000e+00,9.99999e-01,0.00000e+00,1.39216e-100,9.99011e-01,9.95078e-01
5.513260018e+00,0.00000e+00,9.99999e-01,0.00000e+00,3.09315e-106,9.99030e-01,9.94578e-01
5.540826318e+00,0.00000e+00,9.99999e-01,1.49632e-292,3.27635e-111,9.99050e-01,9.93972e-01
5.568530449e+00,0.00000e+00,9.99999e-01,9.47663e-221,1.60260e-174,9.99068e-01,9.31940e-01
5.596373101e+00,0.00000e+00,9.99999e-01,1.21922e-162,1.40065e-166,9.99087e-01,9.02694e-01
5.624354967e+00,5.40115e-292,9.99999e-01,1.49079e-143,1.61935e-150,9.99105e-01,8.72905e-01
5.652476742e+00,2.84947e-283,9.99999e-01,2.02009e-121,5.06044e-164,9.99122e-01,8.37283e-01
5.680739126e+00,1.21969e-296,9.99999e-01,2.29760e-109,2.20944e-189,9.99140e-01,7.92286e-01
5.709142821e+00,4.95802e-309,9.99999e-01,3.83467e-104,1.74438e-206,9.99157e-01,7.33253e-01
5.737688535e+00,8.84818e-306,9.99999e-01,3.53866e-107,2.46339e-200,9.99173e-01,6.60841e-01
5.766376978e+00,3.44563e-243,9.99999e-01,2.57923e-93,6.90835e-152,9.99190e-01,5.80639e-01
5.795208863e+00,1.40361e-204,9.99999e-01,1.13145e-67,9.54552e-139,9.99206e-01,4.88820e-01
5.824184907e+00,1.29614e-216,9.99999e-01,3.18723e-49,8.34549e-169,9.99221e-01,3.89994e-01
5.853305832e+00,1.49077e-214,9.99999e-01,9.68166e-50,2.97710e-166,9.99237e-01,2.88991e-01
5.882572361e+00,1.21734e-260,9.99999e-01,9.02681e-58,2.07745e-204,9.99252e-01,1.94942e-01
5.911985223e+00,1.80409e-245,9.99999e-01,3.97769e-50,1.59295e-196,9.99266e-01,1.15548e-01
5.941545149e+00,9.25732e-227,9.99999e-01,1.05797e-25,4.52055e-202,9.99281e-01,5.81286e-02
5.971252874e+00,7.96263e-190,9.99999e-01,5.12702e-16,3.37600e-174,9.99295e-01,2.33259e-02
6.001109139e+00,1.14600e-131,9.99999e-01,2.96352e-13,2.45418e-117,9.99309e-01,7.02689e-03
6.031114685e+00,2.73587e-144,9.99999e-01,2.44340e-14,5.63839e-129,9.99323e-01,1.59584e-03
6.061270258e+00,2.77827e-148,9.99999e-01,1.17199e-18,3.11625e-128,9.99336e-01,2.32103e-04
6.091576609e+00,1.31429e-138,9.99999e-01,5.97696e-27,7.61432e-109,9.99349e-01,1.56830e-05
6.122034492e+00,2.83563e-107,9.99999e-01,8.79641e-35,2.15446e-68,9.99362e-01,4.55377e-07
6.152644665e+00,9.24700e-124,9.99999e-01,3.41184e-48,1.68425e-69,9.99374e-01,5.73687e-09
6.183407888e+00,3.13594e-110,9.99999e-01,1.07078e-55,4.52788e-46,9.99387e-01,1.95322e-11
6.214324928e+00,3.80180e-103,9.99999e-01,6.53488e-60,3.19844e-31,9.99399e-01,1.22511e-14
6.245396552e+00,5.96324e-83,9.99999e-01,6.54807e-45,1.12140e-21,9.99411e-01,8.66615e-19
6.276623535e+00,6.46869e-86,9.99999e-01,1.09505e-41,3.34440e-22,9.99422e-01,3.75289e-24
6.308006653e+00,3.95147e-93,9.99999e-01,8.32009e-43,4.87717e-22,9.99434e-01,4.68619e-31
6.339546686e+00,3.55856e-142,9.99999e-01,7.67093e-58,1.99179e-47,9.99445e-01,7.05456e-40
6.371244419e+00,2.02764e-216,9.99999e-01,8.85322e-66,2.23732e-103,9.99456e-01,3.07309e-50
6.403100641e+00,3.23159e-254,9.99999e-01,1.02500e-47,2.08036e-146,9.99467e-01,4.65940e-63
6.435116145e+00,0.00000e+00,9.99999e-01,2.19327e-21,9.88131e-324,9.99477e-01,8.55883e-80
6.467291725e+00,0.00000e+00,9.99999e-01,3.79136e-11,0.00000e+00,9.99487e-01,1.27835e-108
6.499628184e+00,0.00000e+00,9.99999e-01,1.76838e-05,0.00000e+00,9.99497e-01,8.20772e-138
6.532126325e+00,0.00000e+00,9.99999e-01,1.04649e-03,0.00000e+00,9.99507e-01,1.44593e-170
6.564786956e+00,0.00000e+00,9.99999e-01,7.07511e-03,0.00000e+00,9.99517e-01,1.33959e-218
6.597610891e+00,0.00000e+00,9.99999e-01,1.67900e-02,0.00000e+00,9.99527e-01,4.10464e-267
6.630598946e+00,0.00000e+00,9.99999e-01,2.81639e-02,0.00000e+00,9.99536e-01,0.00000e+00
6.663751940e+00,0.00000e+00,9.99999e-01,2.83138e-02,0.00000e+00,9.99545e-01,0.00000e+00
6.697070700e+00,0.00000e+00,9.99999e-01,1.13165e-02,4.42356e-257,9.99554e-01,0.00000e+00
6.730556054e+00,0.00000e+00,9.99999e-01,1.98579e-03,1.47537e-175,9.99563e-01,0.00000e+00
6.764208834e+00,0.00000e+00,9.99999e-01,1.04483e-04,1.46694e-175,9.99571e-01,0.00000e+00
6.798029878e+00,0.00000e+00,9.99999e-01,9.97271e-07,9.52724e-216,9.99580e-01,0.00000e+00
6.832020027e+00,0.00000e+00,9.99999e-01,1.70377e-09,9.50516e-216,9.99588e-01,0.00000e+00
6.866180128e+00,0.00000e+00,9.99999e-01,1.05152e-14,2.80795e-248,9.99596e-01,0.00000e+00
6.900511028e+00,0.00000e+00,9.99999e-01,9.39894e-21,2.32914e-141,9.99604e-01,0.00000e+00
6.935013583e+00,0.00000e+00,9.99999e-01,2.90088e-35,2.46312e-141,9.99612e-01,0.00000e+00
6.969688651e+00,0.00000e+00,9.99999e-01,3.53220e-50,5.29430e-178,9.99620e-01,0.00000e+00
7.004537095e+00,0.00000e+00,9.99999e-01,4.24092e-80,7.45241e-176,9.99627e-01,0.00000e+00
7.039559780e+00,0.00000e+00,9.99999e-01,1.26320e-103,1.23186e-190,9.99634e-01,0.00000e+00
7.074757579e+00,0.00000e+00,9.99999e-01,4.28417e-143,1.39756e-149,9.99642e-01,0.00000e+00
7.110131367e+00,0.00000e+00,9.99999e-01,7.98659e-167,2.49173e-148,9.99649e-01,0.00000e+00
7.145682024e+00,0.00000e+00,9.99999e-01,1.18087e-199,2.78913e-166,9.99656e-01,0.00000e+00
7.181410434e+00,0.00000e+00,9.99999e-01,6.66023e-218,5.07807e-212,9.99662e-01,0.00000e+00
7.217317486e+00,0.00000e+00,9.99999e-01,5.86960e-229,3.79317e-156,9.99669e-01,0.00000e+00
7.253404073e+00,0.00000e+00,9.99999e-01,7.71112e-226,3.63109e-156,9.99676e-01,0.00000e+00
7.289671094e+00,0.00000e+00,9.99999e-01,8.01474e-179,1.34262e-136,9.99682e-01,0.00000e+00
7.326119449e+00,0.00000e+00,9.99999e-01,5.43153e-169,3.11926e-136,9.99688e-01,0.00000e+00
7.362750046e+00,0.00000e+00,9.99999e-01,1.24385e-183,4.82232e-99,9.99694e-01,0.00000e+00
7.399563797e+00,0.00000e+00,9.99999e-01,3.29797e-182,2.88980e-81,9.99700e-01,0.00000e+00
7.436561616e+00,0.00000e+00,9.99999e-01,1.44187e-151,3.66139e-88,9.99706e-01,0.00000e+00
7.473744424e+00,0.00000e+00,9.99999e-01,2.43318e-99,5.48675e-83,9.99712e-01,0.00000e+00
7.511113146e+00,0.00000e+00,9.99999e-01,1.91463e-69,4.95018e-72,9.99718e-01,0.00000e+00
7.548668712e+00,0.00000e+00,9.99999e-01,6.70042e-42,4.78569e-75,9.99723e-01,0.00000e+00
7.586412055e+00,0.00000e+00,9.99999e-01,1.97437e-35,5.02540e-136,9.99729e-01,0.00000e+00
7.624344115e+00,0.00000e+00,9.99999e-01,7.66575e-35,2.01300e-66,9.99734e-01,0.00000e+00
7.662465836e+00,0.00000e+00,9.99999e-01,1.57243e-39,4.66309e-41,9.99739e-01,0.00000e+00
7.700778165e+00,0.00000e+00,9.99999e-01,5.37955e-53,2.41232e-41,9.99744e-01,0.00000e+00
7.739282056e+00,0.00000e+00,9.99999e-01,2.22579e-88,4.81154e-68,9.99749e-01,0.00000e+00
7.777978466e+00,0.00000e+00,9.99999e-01,1.31749e-118,1.25770e-46,9.99754e-01,0.00000e+00
7.816868359e+00,0.00000e+00,9.99999e-01,1.20966e-160,3.08293e-38,9.99759e-01,0.00000e+00
7.855952700e+00,0.00000e+00,9.99999e-01,2.60765e-164,1.27552e-38,9.99764e-01,0.00000e+00
7.895232464e+00,0.00000e+00,9.99999e-01,5.87414e-138,2.46672e-38,9.99769e-01,0.00000e+00
7.934708626e+00,0.00000e+00,9.99999e-01,1.64700e-127,3.72994e-23,9.99773e-01,0.00000e+00
7.974382169e+00,0.00000e+00,9.99999e-01,7.89147e-140,1.13968e-17,9.99778e-01,0.00000e+00
8.014254080e+00,0.00000e+00,9.99999e-01,4.18734e-169,2.70344e-18,9.99782e-01,0.00000e+00
8.054325351e+00,0.00000e+00,9.99999e-01,2.61685e-173,2.74678e-17,9.99786e-01,0.00000e+00
8.094596977e+00,0.00000e+00,9.99999e-01,1.39467e-165,4.25669e-14,9.99790e-01,0.00000e+00
8.135069962e+00,0.00000e+00,9.99999e-01,8.35670e-150,1.04955e-13,9.99795e-01,0.00000e+00
8.175745312e+00,0.00000e+00,9.99999e-01,8.10224e-124,1.93298e-14,9.99799e-01,0.00000e+00
8.216624039e+00,0.00000e+00,9.99999e-01,5.68200e-107,1.29131e-11,9.99803e-01,0.00000e+00
8.257707159e+00,0.00000e+00,9.99999e-01,2.14948e-84,4.26959e-08,9.99806e-01,0.00000e+00
8.298995695e+00,0.00000e+00,9.99999e-01,1.03632e-76,6.46761e-07,9.99810e-01,0.00000e+00
8.340490673e+00,0.00000e+00,9.99999e-01,6.63494e-71,3.56189e-08,9.99814e-01,6.50344e-260
8.382193126e+00,4.63073e-266,9.99999e-01,9.09170e-66,5.30903e-06,9.99818e-01,3.34071e-196
8.424104092e+00,2.64517e-205,9.99999e-01,1.96233e-52,1.02482e-06,9.99821e-01,8.80331e-149
8.466224613e+00,1.45152e-158,9.99999e-01,6.86919e-41,2.43335e-06,9.99825e-01,3.78033e-113
8.508555736e+00,8.79153e-108,9.99999e-01,1.63634e-23,4.52880e-06,9.99828e-01,3.63566e-81
8.551098514e+00,6.39089e-80,9.99999e-01,2.49972e-17,4.03532e-04,9.99832e-01,1.88633e-60
8.593854007e+00,1.06454e-65,9.99999e-01,6.47532e-17,6.47709e-03,9.99835e-01,1.40652e-47
8.636823277e+00,2.90916e-57,9.99999e-01,1.05996e-19,9.91412e-03,9.99838e-01,1.90029e-36
8.680007393e+00,7.20407e-52,9.99999e-01,2.18093e-22,7.63801e-04,9.99841e-01,7.67576e-28
8.723407430e+00,1.04313e-47,9.99999e-01,2.80166e-24,2.54352e-03,9.99844e-01,1.08625e-21
8.767024467e+00,6.27859e-46,9.99999e-01,4.03194e-27,9.78960e-04,9.99847e-01,6.20623e-17
8.810859590e+00,3.87672e-105,9.99999e-01,2.26114e-91,3.13954e-03,9.99850e-01,6.30770e-13
8.854913888e+00,0.00000e+00,9.99999e-01,4.13926e-318,5.30301e-02,9.99853e-01,4.15982e-10
8.899188457e+00,0.00000e+00,9.99999e-01,0.00000e+00,3.77308e-02,9.99856e-01,6.00231e-08
8.943684399e+00,0.00000e+00,9.99999e-01,0.00000e+00,1.21923e-02,9.99859e-01,3.81276e-06
8.988402821e+00,0.00000e+00,9.99999e-01,0.00000e+00,9.01092e-03,9.99862e-01,6.95830e-05
9.033344836e+00,0.00000e+00,9.99999e-01,0.00000e+00,4.46463e-03,9.99865e-01,6.36537e-04
9.078511560e+00,0.00000e+00,9.99999e-01,0.00000e+00,1.44080e-02,9.99867e-01,3.53529e-03
9.123904118e+00,0.00000e+00,9.99999e-01,0.00000e+00,4.80963e-02,9.99870e-01,1.30660e-02
9.169523638e+00,0.00000e+00,9.99999e-01,0.00000e+00,3.13706e-02,9.99872e-01,3.59292e-02
9.215371256e+00,0.00000e+00,9.99999e-01,0.00000e+00,1.34447e-01,9.99875e-01,7.31491e-02
9.261448113e+00,0.00000e+00,9.99999e-01,0.00000e+00,1.13061e-01,9.99877e-01,1.34042e-01
9.307755353e+00,0.00000e+00,9.99999e-01,0.00000e+00,4.26011e-02,9.99880e-01,2.14202e-01
9.354294130e+00,0.00000e+00,9.99999e-01,0.00000e+00,2.65127e-02,9.99882e-01,3.06055e-01
9.401065601e+00,0.00000e+00,9.99999e-01,0.00000e+00,2.79106e-03,9.99884e-01,4.03378e-01
9.448070929e+00,0.00000e+00,9.99999e-01,0.00000e+00,1.40002e-02,9.99887e-01,4.89715e-01
9.495311283e+00,0.00000e+00,9.99999e-01,0.00000e+00,8.88151e-02,9.99889e-01,5.70419e-01
9.542787840e+00,0.00000e+00,9.99999e-01,0.00000e+00,1.75644e-01,9.99891e-01,6.49658e-01
9.590501779e+00,0.00000e+00,9.99999e-01,0.00000e+00,7.02984e-02,9.99893e-01,7.18408e-01
9.638454288e+00,0.00000e+00,9.99999e-01,0.00000e+00,6.28467e-02,9.99895e-01,7.71009e-01
9.686646559e+00,0.00000e+00,9.99999e-01,0.00000e+00,7.55404e-02,9.99897e-01,8.15070e-01
9.735079792e+00,0.00000e+00,9.99999e-01,0.00000e+00,1.44307e-01,9.99899e-01,8.51456e-01
9.783755191e+00,0.00000e+00,9.99999e-01,0.00000e+00,9.84294e-02,9.99901e-01,8.81198e-01
9.832673967e+00,0.00000e+00,9.99999e-01,0.00000e+00,7.67988e-03,9.99903e-01,9.05320e-01
9.881837337e+00,0.00000e+00,9.99999e-01,0.00000e+00,3.44352e-04,9.99905e-01,9.24735e-01
9.931246523e+00,0.00000e+00,9.99999e-01,0.00000e+00,3.58003e-02,9.99907e-01,9.40312e-01
9.980902756e+00,0.00000e+00,9.99999e-01,0.00000e+00,9.92481e-02,9.99909e-01,9.99848e-01
1.003080727e+01,0.00000e+00,9.99999e-01,0.00000e+00,9.92483e-02,9.99911e-01,9.99846e-01
1.008096131e+01,0.00000e+00,9.99999e-01,0.00000e+00,1.35050e-01,9.99912e-01,9.99845e-01
1.013136611e+01,0.00000e+00,9.99999e-01,0.00000e+00,2.17128e-01,9.99914e-01,9.99843e-01
1.018202294e+01,0.00000e+00,9.99999e-01,0.00000e+00,2.53832e-01,9.99916e-01,9.99841e-01
1.023293306e+01,0.00000e+00,9.99999e-01,0.00000e+00,1.00262e-01,9.99917e-01,9.99840e-01
1.028409772e+01,0.00000e+00,9.99999e-01,0.00000e+00,1.55481e-02,9.99919e-01,9.99838e-01
1.033551821e+01,0.00000e+00,9.99999e-01,0.00000e+00,9.47762e-03,9.99921e-01,9.99836e-01
1.038719580e+01,0.00000e+00,9.99999e-01,0.00000e+00,1.29071e-03,9.99922e-01,9.99834e-01
1.043913178e+01,0.00000e+00,9.99999e-01,0.00000e+00,1.27216e-03,9.99924e-01,9.99832e-01
1.049132744e+01,0.00000e+00,9.99999e-01,0.00000e+00,1.78140e-02,9.99925e-01,9.99830e-01
1.054378408e+01,0.00000e+00,9.99999e-01,0.00000e+00,4.01199e-02,9.99927e-01,9.99828e-01
1.059650300e+01,0.00000e+00,9.99999e-01,0.00000e+00,3.33084e-02,9.99928e-01,9.99825e-01
1.064948551e+01,0.00000e+00,9.99999e-01,0.00000e+00,2.41014e-02,9.99929e-01,9.99822e-01
1.070273294e+01,0.00000e+00,9.99999e-01,0.00000e+00,5.96267e-03,9.99931e-01,9.99819e-01
1.075624661e+01,0.00000e+00,9.99999e-01,0.00000e+00,6.84444e-03,9.99932e-01,9.99815e-01
1.081002784e+01,0.00000e+00,9.99999e-01,0.00000e+00,8.51815e-03,9.99933e-01,9.99812e-01
1.086407798e+01,0.00000e+00,9.99999e-01,0.00000e+00,4.46101e-04,9.99935e-01,9.99809e-01
1.091839837e+01,0.00000e+00,9.99999e-01,0.00000e+00,2.76401e-05,9.99936e-01,9.99805e-01
1.097299036e+01,0.00000e+00,9.99999e-01,0.00000e+00,4.06947e-08,9.99937e-01,9.99802e-01
1.102785531e+01,0.00000e+00,9.99999e-01,0.00000e+00,3.93287e-09,9.99938e-01,9.99800e-01
1.108299459e+01,0.00000e+00,9.99999e-01,0.00000e+00,1.90016e-04,9.99940e-01,9.99798e-01
1.113840956e+01,0.00000e+00,9.99999e-01,0.00000e+00,4.95889e-03,9.99941e-01,9.99795e-01
1.119410161e+01,0.00000e+00,9.99999e-01,0.00000e+00,1.42703e-02,9.99942e-01,9.99792e-01
1.125007212e+01,0.00000e+00,9.99999e-01,0.00000e+00,3.19409e-03,9.99943e-01,9.99789e-01
1.130632248e+01,0.00000e+00,9.99999e-01,0.00000e+00,2.08651e-03,9.99944e-01,9.99786e-01
1.136285409e+01,0.00000e+00,9.99999e-01,0.00000e+00,8.03752e-03,9.99945e-01,9.99783e-01
1.141966836e+01,0.00000e+00,9.99999e-01,0.00000e+00,1.18741e-02,9.99946e-01,9.99781e-01
1.147676670e+01,0.00000e+00,9.99999e-01,0.00000e+00,4.52700e-03,9.99947e-01,9.99778e-01
1.153415054e+01,0.00000e+00,9.99999e-01,0.00000e+00,3.55484e-04,9.99948e-01,9.99775e-01
1.159182129e+01,0.00000e+00,9.99999e-01,0.00000e+00,8.58116e-06,9.99949e-01,9.99771e-01
1.164978039e+01,0.00000e+00,9.99999e-01,0.00000e+00,6.24954e-08,9.99950e-01,9.99768e-01
1.170802930e+01,0.00000e+00,9.99999e-01,0.00000e+00,4.54500e-10,9.99951e-01,9.99765e-01
1.176656944e+01,0.00000e+00,9.99999e-01,0.00000e+00,1.80730e-06,9.99952e-01,9.99761e-01
1.182540229e+01,0.00000e+00,9.99999e-01,0.00000e+00,1.00607e-04,9.99953e-01,9.99758e-01
1.188452930e+01,0.00000e+00,9.99999e-01,0.00000e+00,1.15523e-04,9.99954e-01,9.99755e-01
1.194395195e+01,0.00000e+00,9.99999e-01,0.00000e+00,3.09918e-04,9.99955e-01,9.99751e-01
1.200367171e+01,0.00000e+00,9.99999e-01,0.00000e+00,1.61014e-03,9.99956e-01,9.99746e-01
1.206369007e+01,0.00000e+00,9.99999e-01,0.00000e+00,2.57254e-04,9.99957e-01,9.99742e-01
1.212400852e+01,0.00000e+00,9.99999e-01,0.00000e+00,1.48460e-03,9.99958e-01,9.99738e-01
1.218462856e+01,0.00000e+00,9.99999e-01,0.00000e+00,1.36518e-03,9.99958e-01,9.99733e-01
1.224555170e+01,0.00000e+00,9.99999e-01,0.00000e+00,2.51190e-05,9.99959e-01,9.99728e-01
1.230677946e+01,0.00000e+00,9.99999e-01,0.00000e+00,7.33641e-08,9.99960e-01,9.99723e-01
1.236831336e+01,0.00000e+00,9.99999e-01,0.00000e+00,1.51521e-09,9.99961e-01,9.99717e-01
1.243015492e+01,0.00000e+00,9.99999e-01,0.00000e+00,8.93159e-16,9.99961e-01,9.99711e-01
1.249230570e+01,0.00000e+00,9.99999e-01,0.00000e+00,7.16856e-15,9.99962e-01,9.99705e-01
1.255476723e+01,0.00000e+00,9.99999e-01,0.00000e+00,5.01797e-13,9.99963e-01,9.99698e-01
1.261754106e+01,0.00000e+00,9.99999e-01,0.00000e+00,6.46902e-07,9.99964e-01,9.99692e-01
1.268062877e+01,0.00000e+00,9.99999e-01,0.00000e+00,1.14395e-05,9.99964e-01,9.99685e-01
1.274403191e+01,0.00000e+00,9.99999e-01,0.00000e+00,6.19231e-06,9.99965e-01,9.99677e-01
1.280775207e+01,0.00000e+00,9.99999e-01,0.00000e+00,4.81160e-05,9.99966e-01,9.99669e-01
1.287179083e+01,0.00000e+00,9.99999e-01,0.00000e+00,3.45092e-06,9.99966e-01,9.99661e-01
1.293614979e+01,0.00000e+00,9.99999e-01,0.00000e+00,8.96763e-06,9.99967e-01,9.99653e-01
1.300083054e+01,0.00000e+00,9.99999e-01,0.00000e+00,9.73758e-08,9.99968e-01,9.99644e-01
1.306583469e+01,0.00000e+00,9.99999e-01,0.00000e+00,5.22166e-09,9.99968e-01,9.99635e-01
1.313116386e+01,0.00000e+00,9.99999e-01,0.00000e+00,1.88683e-09,9.99969e-01,9.99626e-01
1.319681968e+01,0.00000e+00,9.99999e-01,0.00000e+00,4.03693e-10,9.99969e-01,9.99616e-01
1.326280378e+01,0.00000e+00,9.99999e-01,0.00000e+00,3.77814e-15,9.99970e-01,9.99606e-01
1.332911780e+01,0.00000e+00,9.99999e-01,0.00000e+00,2.61475e-16,9.99971e-01,9.99596e-01
1.339576339e+01,0.00000e+00,9.99999e-01,0.00000e+00,6.51190e-17,9.99971e-01,9.83878e-01
1.346274221e+01,0.00000e+00,9.99999e-01,0.00000e+00,6.13373e-25,9.99972e-01,9.82264e-01
1.353005592e+01,0.00000e+00,9.99999e-01,0.00000e+00,2.21235e-13,9.99972e-01,9.80488e-01
1.359770620e+01,0.00000e+00,9.99999e-01,0.00000e+00,2.64306e-12,9.99973e-01,9.78790e-01
1.366569473e+01,0.00000e+00,9.99999e-01,0.00000e+00,3.41013e-12,9.99973e-01,9.76937e-01
1.373402320e+01,0.00000e+00,9.99999e-01,0.00000e+00,4.73155e-09,9.99974e-01,9.74929e-01
1.380269332e+01,0.00000e+00,9.99999e-01,0.00000e+00,1.84716e-08,9.99974e-01,9.72741e-01
1.387170678e+01,0.00000e+00,9.99999e-01,0.00000e+00,8.41700e-11,9.99975e-01,9.70016e-01
1.394106532e+01,0.00000e+00,9.99999e-01,0.00000e+00,1.23262e-12,9.99975e-01,9.67413e-01
1.401077064e+01,0.00000e+00,9.99999e-01,0.00000e+00,7.63268e-15,9.99976e-01,9.64575e-01
1.408082450e+01,0.00000e+00,9.99999e-01,0.00000e+00,4.98603e-15,9.99976e-01,9.61506e-01
1.415122862e+01,0.00000e+00,9.99999e-01,0.00000e+00,4.46272e-21,9.99977e-01,9.58162e-01
1.422198476e+01,0.00000e+00,9.99999e-01,0.00000e+00,2.50837e-28,9.99977e-01,9.54555e-01
1.429309469e+01,0.00000e+00,9.99999e-01,0.00000e+00,1.36825e-27,9.99978e-01,9.50617e-01
1.436456016e+01,0.00000e+00,9.99999e-01,0.00000e+00,4.83475e-34,9.99978e-01,9.46367e-01
1.443638296e+01,0.00000e+00,9.99999e-01,0.00000e+00,2.49847e-39,9.99978e-01,9.41746e-01
1.450856487e+01,0.00000e+00,9.99999e-01,0.00000e+00,2.22876e-26,9.99979e-01,9.36748e-01
1.458110770e+01,0.00000e+00,9.99999e-01,0.00000e+00,3.35696e-19,9.99979e-01,9.31325e-01
1.465401324e+01,0.00000e+00,9.99999e-01,0.00000e+00,1.59837e-17,9.99980e-01,9.25475e-01
1.472728330e+01,0.00000e+00,9.99999e-01,0.00000e+00,2.68823e-17,9.99980e-01,9.20063e-01
1.480091972e+01,0.00000e+00,9.99999e-01,0.00000e+00,4.33619e-19,9.99980e-01,9.13273e-01
1.487492432e+01,0.00000e+00,9.99999e-01,0.00000e+00,2.23267e-32,9.99981e-01,9.05960e-01
1.494929894e+01,0.00000e+00,9.99999e-01,0.00000e+00,1.63581e-25,9.99981e-01,8.99224e-01
1.502404544e+01,0.00000e+00,9.99999e-01,0.00000e+00,1.45702e-21,9.99981e-01,8.90763e-01
1.509916566e+01,0.00000e+00,9.99999e-01,0.00000e+00,8.41239e-21,9.99982e-01,8.81675e-01
1.517466149e+01,0.00000e+00,9.99999e-01,0.00000e+00,1.49421e-22,9.99982e-01,8.73319e-01
1.525053480e+01,0.00000e+00,9.99999e-01,0.00000e+00,1.13305e-20,9.99982e-01,8.62845e-01
1.532678747e+01,0.00000e+00,9.99999e-01,0.00000e+00,3.75201e-24,9.99983e-01,8.51646e-01
1.540342141e+01,0.00000e+00,9.99999e-01,0.00000e+00,1.36627e-30,9.99983e-01,8.41357e-01
1.548043852e+01,0.00000e+00,9.99999e-01,0.00000e+00,4.88772e-34,9.99983e-01,8.30426e-01
1.555784071e+01,0.00000e+00,9.99999e-01,0.00000e+00,1.02168e-42,9.99984e-01,8.16813e-01
1.563562991e+01,0.00000e+00,9.99999e-01,0.00000e+00,7.25233e-64,9.99984e-01,8.02300e-01
1.571380806e+01,0.00000e+00,9.99999e-01,0.00000e+00,1.25258e-64,9.99984e-01,7.89050e-01
1.579237710e+01,0.00000e+00,9.99999e-01,0.00000e+00,1.30759e-46,9.99985e-01,7.75021e-01
1.587133899e+01,0.00000e+00,9.99999e-01,0.00000e+00,8.80412e-41,9.99985e-01,7.60224e-01
1.595069568e+01,0.00000e+00,9.99999e-01,0.00000e+00,2.65300e-44,9.99985e-01,7.44628e-01
1.603044916e+01,0.00000e+00,9.99999e-01,0.00000e+00,3.79243e-61,9.99985e-01,7.28210e-01
1.611060141e+01,0.00000e+00,9.99999e-01,0.00000e+00,6.08923e-59,9.99986e-01,7.07960e-01
1.619115441e+01,0.00000e+00,9.99999e-01,0.00000e+00,2.27177e-57,9.99986e-01,6.86631e-01
1.627211019e+01,0.00000e+00,9.99999e-01,0.00000e+00,2.05009e-64,9.99986e-01,6.67397e-01
1.635347074e+01,0.00000e+00,9.99999e-01,0.00000e+00,4.48586e-59,9.99986e-01,6.47314e-01
1.643523809e+01,0.00000e+00,9.99999e-01,0.00000e+00,2.72462e-60,9.99987e-01,6.26382e-01
1.651741428e+01,0.00000e+00,9.99999e-01,0.00000e+00,1.41182e-63,9.99987e-01,6.04612e-01
1.660000135e+01,0.00000e+00,9.99999e-01,0.00000e+00,1.95648e-80,9.99987e-01,5.82145e-01
1.668300136e+01,0.00000e+00,9.99999e-01,0.00000e+00,2.39078e-82,9.99987e-01,5.58810e-01
1.676641637e+01,0.00000e+00,9.99999e-01,0.00000e+00,3.42555e-73,9.99988e-01,5.34787e-01
1.685024845e+01,0.00000e+00,9.99999e-01,0.00000e+00,3.74787e-75,9.99988e-01,5.10091e-01
1.693449969e+01,0.00000e+00,9.99999e-01,0.00000e+00,2.79312e-93,9.99988e-01,4.84831e-01
1.701917219e+01,0.00000e+00,9.99999e-01,0.00000e+00,7.13262e-100,9.99988e-01,4.59059e-01
1.710426805e+01,0.00000e+00,9.99999e-01,0.00000e+00,2.11679e-128,9.99989e-01,4.32882e-01
1.718978939e+01,0.00000e+00,9.99999e-01,0.00000e+00,2.34128e-140,9.99989e-01,4.10846e-01
1.727573834e+01,0.00000e+00,9.99999e-01,0.00000e+00,3.72058e-144,9.99989e-01,3.88627e-01
1.736211703e+01,0.00000e+00,9.99999e-01,0.00000e+00,7.62105e-154,9.99989e-01,3.61931e-01
1.744892761e+01,0.00000e+00,9.99999e-01,0.00000e+00,4.17693e-132,9.99989e-01,3.35211e-01
1.753617225e+01,0.00000e+00,9.99999e-01,0.00000e+00,1.74170e-105,9.99990e-01,3.08720e-01
1.762385311e+01,0.00000e+00,9.99999e-01,0.00000e+00,4.99615e-104,9.99990e-01,2.82578e-01
1.771197238e+01,0.00000e+00,9.99999e-01,0.00000e+00,1.44795e-110,9.99990e-01,2.56926e-01
1.780053224e+01,0.00000e+00,9.99999e-01,0.00000e+00,1.92654e-120,9.99990e-01,2.36081e-01
1.788953490e+01,0.00000e+00,9.99999e-01,0.00000e+00,4.27674e-130,9.99990e-01,2.15761e-01
1.797898258e+01,0.00000e+00,9.99999e-01,0.00000e+00,2.44119e-149,9.99990e-01,1.92233e-01
1.806887749e+01,0.00000e+00,9.99999e-01,0.00000e+00,4.75404e-152,9.99991e-01,1.69806e-01
1.815922188e+01,0.00000e+00,9.99999e-01,0.00000e+00,2.59520e-170,9.99991e-01,1.52072e-01
1.825001799e+01,0.00000e+00,9.99999e-01,0.00000e+00,3.29764e-159,9.99991e-01,1.35230e-01
1.834126808e+01,0.00000e+00,9.99999e-01,0.00000e+00,3.30332e-146,9.99991e-01,1.16355e-01
1.843297442e+01,0.00000e+00,9.99999e-01,0.00000e+00,1.52863e-147,9.99991e-01,9.90037e-02
1.852513929e+01,0.00000e+00,9.99999e-01,0.00000e+00,9.56805e-164,9.99991e-01,8.57656e-02
1.861776499e+01,0.00000e+00,9.99999e-01,0.00000e+00,3.52867e-241,9.99992e-01,7.35977e-02
1.871085381e+01,0.00000e+00,9.99999e-01,0.00000e+00,1.46677e-188,9.99992e-01,6.05101e-02
1.880440808e+01,0.00000e+00,9.99999e-01,0.00000e+00,4.73176e-161,9.99992e-01,5.08496e-02
1.889843012e+01,0.00000e+00,9.99999e-01,0.00000e+00,1.35224e-161,9.99992e-01,4.22459e-02
1.899292227e+01,0.00000e+00,9.99999e-01,0.00000e+00,6.25271e-226,9.99992e-01,3.47279e-02
1.908788688e+01,0.00000e+00,9.99999e-01,0.00000e+00,1.77925e-216,9.99992e-01,2.81808e-02
1.918332632e+01,0.00000e+00,9.99999e-01,0.00000e+00,2.74822e-217,9.99992e-01,2.15703e-02
1.927924295e+01,0.00000e+00,9.99999e-01,0.00000e+00,2.23966e-268,9.99993e-01,1.70135e-02
1.937563916e+01,0.00000e+00,9.99999e-01,0.00000e+00,0.00000e+00,9.99993e-01,1.32078e-02
1.947251736e+01,0.00000e+00,9.99999e-01,0.00000e+00,0.00000e+00,9.99993e-01,1.01079e-02
1.956987994e+01,0.00000e+00,9.99999e-01,0.00000e+00,0.00000e+00,9.99993e-01,7.60244e-03
1.966772934e+01,0.00000e+00,9.99999e-01,0.00000e+00,0.00000e+00,9.99993e-01,5.27711e-03
1.976606799e+01,0.00000e+00,9.99999e-01,0.00000e+00,0.00000e+00,9.99993e-01,3.81761e-03
1.986489833e+01,0.00000e+00,9.99999e-01,0.00000e+00,0.00000e+00,9.99993e-01,2.70428e-03
1.996422282e+01,0.00000e+00,9.99999e-01,0.00000e+00,0.00000e+00,9.99993e-01,1.87970e-03
