#,Wave/freq,Total,O2,CO2,H2O,Rayleigh,CIA
4.000000000e-01,8.25718e-09,9.99999e-01,9.99999e-01,9.99963e-01,8.25748e-09,9.99999e-01
4.020000000e-01,1.19305e-08,9.99999e-01,9.99999e-01,9.99977e-01,1.19308e-08,9.99999e-01
4.040100000e-01,1.71069e-08,9.99999e-01,9.99999e-01,9.99989e-01,1.71071e-08,9.99999e-01
4.060300500e-01,2.43550e-08,9.99999e-01,9.99999e-01,9.99997e-01,2.43551e-08,9.99999e-01
4.080602003e-01,3.44328e-08,9.99999e-01,9.99999e-01,9.99998e-01,3.44328e-08,9.99999e-01
4.101005013e-01,4.83489e-08,9.99999e-01,9.99999e-01,9.99999e-01,4.83489e-08,9.99999e-01
4.121510038e-01,6.74353e-08,9.99999e-01,9.99999e-01,9.99998e-01,6.74354e-08,9.99999e-01
4.142117588e-01,9.34395e-08,9.99999e-01,9.99999e-01,9.99989e-01,9.34405e-08,9.99999e-01
4.162828176e-01,1.28637e-07,9.99999e-01,9.99999e-01,9.99954e-01,1.28642e-07,9.99999e-01
4.183642317e-01,1.75987e-07,9.99999e-01,9.99999e-01,9.99972e-01,1.75991e-07,9.99999e-01
4.204560528e-01,2.39278e-07,9.99999e-01,9.99999e-01,9.99983e-01,2.39282e-07,9.99999e-01
4.225583331e-01,3.23362e-07,9.99999e-01,9.99999e-01,9.99993e-01,3.23364e-07,9.99999e-01
4.246711247e-01,4.34400e-07,9.99999e-01,9.99999e-01,9.99994e-01,4.34402e-07,9.99999e-01
4.267944804e-01,5.80171e-07,9.99999e-01,9.99999e-01,9.99992e-01,5.80175e-07,9.99999e-01
4.289284528e-01,7.70446e-07,9.99999e-01,9.99999e-01,9.99993e-01,7.70450e-07,9.99999e-01
4.310730950e-01,1.01741e-06,9.99999e-01,9.99999e-01,9.99997e-01,1.01741e-06,9.99999e-01
4.332284605e-01,1.33617e-06,9.99999e-01,9.99999e-01,9.99998e-01,1.33617e-06,9.99999e-01
4.353946028e-01,1.74539e-06,9.99999e-01,9.99999e-01,9.99999e-01,1.74539e-06,9.99999e-01
4.375715758e-01,2.26792e-06,9.99999e-01,9.99999e-01,9.99994e-01,2.26793e-06,9.99999e-01
4.397594337e-01,2.93158e-06,9.99999e-01,9.99999e-01,9.99959e-01,2.93170e-06,9.99999e-01
4.419582309e-01,3.76980e-06,9.99999e-01,9.99999e-01,9.99794e-01,3.77057e-06,9.99999e-01
4.441680220e-01,4.82469e-06,9.99999e-01,9.99999e-01,9.99843e-01,4.82544e-06,9.99999e-01
4.463888621e-01,6.14439e-06,9.99999e-01,9.99999e-01,9.99836e-01,6.14540e-06,9.99999e-01
4.486208064e-01,7.78835e-06,9.99999e-01,9.99999e-01,9.99898e-01,7.78913e-06,9.99999e-01
4.508639105e-01,9.82594e-06,9.99999e-01,9.99999e-01,9.99952e-01,9.82641e-06,9.99999e-01
4.531182300e-01,1.23395e-05,9.99999e-01,9.99999e-01,9.99980e-01,1.23398e-05,9.99999e-01
4.553838212e-01,1.54263e-05,9.99999e-01,9.99999e-01,9.99986e-01,1.54265e-05,9.99999e-01
4.576607403e-01,1.92003e-05,9.99999e-01,9.99999e-01,9.99993e-01,1.92004e-05,9.99999e-01
4.599490440e-01,2.37944e-05,9.99999e-01,9.99999e-01,9.99995e-01,2.37945e-05,9.99999e-01
4.622487892e-01,2.93631e-05,9.99999e-01,9.99999e-01,9.99998e-01,2.93631e-05,9.99999e-01
4.645600332e-01,3.60847e-05,9.99999e-01,9.99999e-01,9.99996e-01,3.60848e-05,9.99999e-01
4.668828333e-01,4.41629e-05,9.99999e-01,9.99999e-01,9.99951e-01,4.41650e-05,9.99999e-01
4.692172475e-01,5.38337e-05,9.99999e-01,9.99999e-01,9.99897e-01,5.38392e-05,9.99999e-01
4.715633337e-01,6.53719e-05,9.99999e-01,9.99999e-01,9.99932e-01,6.53763e-05,9.99999e-01
4.739211504e-01,7.90766e-05,9.99999e-01,9.99999e-01,9.99935e-01,7.90817e-05,9.99999e-01
4.762907561e-01,9.52982e-05,9.99999e-01,9.99999e-01,9.99966e-01,9.53013e-05,9.99999e-01
4.786722099e-01,1.14424e-04,9.99999e-01,9.99999e-01,9.99986e-01,1.14425e-04,9.99999e-01
4.810655710e-01,1.36891e-04,9.99999e-01,9.99999e-01,9.99995e-01,1.36891e-04,9.99999e-01
4.834708988e-01,1.63183e-04,9.99999e-01,9.99999e-01,9.99959e-01,1.63189e-04,9.99999e-01
4.858882533e-01,1.93852e-04,9.99999e-01,9.99999e-01,9.99927e-01,1.93866e-04,9.99999e-01
4.883176946e-01,2.29512e-04,9.99999e-01,9.99999e-01,9.99938e-01,2.29526e-04,9.99999e-01
4.907592831e-01,2.70826e-04,9.99999e-01,9.99999e-01,9.99944e-01,2.70841e-04,9.99999e-01
4.932130795e-01,3.18537e-04,9.99999e-01,9.99999e-01,9.99960e-01,3.18550e-04,9.99999e-01
4.956791449e-01,3.73456e-04,9.99999e-01,9.99999e-01,9.99978e-01,3.73463e-04,9.99999e-01
4.981575406e-01,4.36425e-04,9.99999e-01,9.99999e-01,9.99895e-01,4.36470e-04,9.99999e-01
5.006483283e-01,5.08401e-04,9.99999e-01,9.99999e-01,9.99729e-01,5.08538e-04,9.99999e-01
5.031515699e-01,5.89918e-04,9.99999e-01,9.99999e-01,9.98641e-01,5.90720e-04,9.99999e-01
5.056673278e-01,6.83668e-04,9.99999e-01,9.99999e-01,9.99286e-01,6.84156e-04,9.99999e-01
5.081956644e-01,7.89365e-04,9.99999e-01,9.99999e-01,9.99100e-01,7.90076e-04,9.99999e-01
5.107366428e-01,9.09251e-04,9.99999e-01,9.99999e-01,9.99392e-01,9.09803e-04,9.99999e-01
5.132903260e-01,1.04440e-03,9.99999e-01,9.99999e-01,9.99653e-01,1.04476e-03,9.99999e-01
5.158567776e-01,1.19628e-03,9.99999e-01,9.99999e-01,9.99853e-01,1.19646e-03,9.99999e-01
5.184360615e-01,1.36644e-03,9.99999e-01,9.99999e-01,9.99941e-01,1.36652e-03,9.99999e-01
5.210282418e-01,1.55663e-03,9.99999e-01,9.99999e-01,9.99977e-01,1.55666e-03,9.99999e-01
5.236333830e-01,1.76855e-03,9.99999e-01,9.99999e-01,9.99911e-01,1.76871e-03,9.99999e-01
5.262515499e-01,2.00446e-03,9.99999e-01,9.99999e-01,9.99944e-01,2.00457e-03,9.99999e-01
5.288828077e-01,2.26616e-03,9.99999e-01,9.99999e-01,9.99948e-01,2.26628e-03,9.99999e-01
5.315272217e-01,2.55584e-03,9.99999e-01,9.99999e-01,9.99955e-01,2.55595e-03,9.99999e-01
5.341848578e-01,2.87572e-03,9.99999e-01,9.99999e-01,9.99970e-01,2.87581e-03,9.99999e-01
5.368557821e-01,3.22783e-03,9.99999e-01,9.99999e-01,9.99896e-01,3.22816e-03,9.99999e-01
5.395400610e-01,3.61407e-03,9.99999e-01,9.99999e-01,9.99623e-01,3.61543e-03,9.99999e-01
5.422377613e-01,4.03817e-03,9.99999e-01,9.99999e-01,9.99521e-01,4.04010e-03,9.99999e-01
5.449489501e-01,4.50274e-03,9.99999e-01,9.99999e-01,9.99551e-01,4.50476e-03,9.99999e-01
5.476736949e-01,5.01011e-03,9.99999e-01,9.99999e-01,9.99606e-01,5.01208e-03,9.99999e-01
5.504120634e-01,5.56319e-03,9.99999e-01,9.99999e-01,9.99714e-01,5.56478e-03,9.99999e-01
5.531641237e-01,6.16480e-03,9.99999e-01,9.99999e-01,9.99856e-01,6.16568e-03,9.99999e-01
5.559299443e-01,6.81717e-03,9.99999e-01,9.99999e-01,9.99930e-01,6.81764e-03,9.99999e-01
5.587095940e-01,7.52327e-03,9.99999e-01,9.99999e-01,9.99955e-01,7.52360e-03,9.99999e-01
5.615031420e-01,8.28610e-03,9.99999e-01,9.99999e-01,9.99950e-01,8.28650e-03,9.99999e-01
5.643106577e-01,9.10887e-03,9.99999e-01,9.99999e-01,9.99943e-01,9.10938e-03,9.99999e-01
5.671322110e-01,9.98841e-03,9.99999e-01,9.99999e-01,9.99314e-01,9.99525e-03,9.99999e-01
5.699678720e-01,1.09395e-02,9.99999e-01,9.99999e-01,9.99294e-01,1.09472e-02,9.99999e-01
5.728177114e-01,1.19594e-02,9.99999e-01,9.99999e-01,9.99255e-01,1.19683e-02,9.99999e-01
5.756818000e-01,1.30527e-02,9.99999e-01,9.99999e-01,9.99318e-01,1.30616e-02,9.99999e-01
5.785602090e-01,1.42217e-02,9.99999e-01,9.99999e-01,9.99407e-01,1.42301e-02,9.99999e-01
5.814530100e-01,1.54678e-02,9.99999e-01,9.99999e-01,9.99403e-01,1.54770e-02,9.99999e-01
5.843602750e-01,1.67932e-02,9.99999e-01,9.99999e-01,9.99282e-01,1.68053e-02,9.99999e-01
5.872820764e-01,1.81056e-02,9.99999e-01,9.99999e-01,9.93838e-01,1.82179e-02,9.99999e-01
5.902184868e-01,1.95721e-02,9.99999e-01,9.99999e-01,9.92616e-01,1.97177e-02,9.99999e-01
5.931695792e-01,2.11961e-02,9.99999e-01,9.99999e-01,9.94761e-01,2.13078e-02,9.99999e-01
5.961354271e-01,2.28591e-02,9.99999e-01,9.99999e-01,9.94272e-01,2.29908e-02,9.99999e-01
5.991161043e-01,2.46661e-02,9.99999e-01,9.99999e-01,9.95825e-01,2.47695e-02,9.99999e-01
6.021116848e-01,2.65835e-02,9.99999e-01,9.99999e-01,9.97633e-01,2.66465e-02,9.99999e-01
6.051222432e-01,2.85903e-02,9.99999e-01,9.99999e-01,9.98802e-01,2.86245e-02,9.99999e-01
6.081478544e-01,3.06900e-02,9.99999e-01,9.99999e-01,9.99482e-01,3.07059e-02,9.99999e-01
6.111885937e-01,3.28858e-02,9.99999e-01,9.99999e-01,9.99781e-01,3.28929e-02,9.99999e-01
6.142445367e-01,3.51845e-02,9.99999e-01,9.99999e-01,9.99901e-01,3.51879e-02,9.99999e-01
6.173157594e-01,3.75909e-02,9.99999e-01,9.99999e-01,9.99945e-01,3.75929e-02,9.99999e-01
6.204023382e-01,4.01080e-02,9.99999e-01,9.99999e-01,9.99953e-01,4.01098e-02,9.99999e-01
6.235043498e-01,4.27318e-02,9.99999e-01,9.99999e-01,9.99793e-01,4.27406e-02,9.99999e-01
6.266218716e-01,4.54381e-02,9.99999e-01,9.99999e-01,9.98931e-01,4.54867e-02,9.99999e-01
6.297549810e-01,4.83309e-02,9.99999e-01,9.99999e-01,9.99607e-01,4.83498e-02,9.99999e-01
6.329037559e-01,5.12916e-02,9.99999e-01,9.99999e-01,9.99228e-01,5.13312e-02,9.99999e-01
6.360682746e-01,5.43960e-02,9.99999e-01,9.99999e-01,9.99339e-01,5.44320e-02,9.99999e-01
6.392486160e-01,5.76041e-02,9.99999e-01,9.99999e-01,9.99145e-01,5.76533e-02,9.99999e-01
6.424448591e-01,6.09256e-02,9.99999e-01,9.99999e-01,9.98845e-01,6.09960e-02,9.99999e-01
6.456570834e-01,6.41159e-02,9.99999e-01,9.99999e-01,9.94651e-01,6.44606e-02,9.99999e-01
6.488853688e-01,6.77847e-02,9.99999e-01,9.99999e-01,9.96133e-01,6.80477e-02,9.99999e-01
6.521297956e-01,7.14750e-02,9.99999e-01,9.99999e-01,9.96059e-01,7.17577e-02,9.99999e-01
6.553904446e-01,7.52925e-02,9.99999e-01,9.99999e-01,9.96055e-01,7.55906e-02,9.99999e-01
6.586673968e-01,7.92791e-02,9.99999e-01,9.99999e-01,9.96638e-01,7.95465e-02,9.99999e-01
6.619607338e-01,8.34684e-02,9.99999e-01,9.99999e-01,9.98126e-01,8.36251e-02,9.99999e-01
6.652705375e-01,8.77272e-02,9.99999e-01,9.99999e-01,9.98875e-01,8.78260e-02,9.99999e-01
6.685968902e-01,9.21047e-02,9.99999e-01,9.99999e-01,9.99522e-01,9.21487e-02,9.99999e-01
6.719398746e-01,9.65690e-02,9.99999e-01,9.99999e-01,9.99757e-01,9.65924e-02,9.99999e-01
6.752995740e-01,1.01143e-01,9.99999e-01,9.99999e-01,9.99871e-01,1.01156e-01,9.99999e-01
6.786760719e-01,1.05819e-01,9.99999e-01,9.99999e-01,9.99807e-01,1.05839e-01,9.99999e-01
6.820694522e-01,1.10604e-01,9.99999e-01,9.99999e-01,9.99670e-01,1.10640e-01,9.99999e-01
6.854797995e-01,1.15509e-01,9.99999e-01,9.99999e-01,9.99578e-01,1.15557e-01,9.99999e-01
6.889071985e-01,1.20465e-01,9.99999e-01,9.99999e-01,9.98963e-01,1.20589e-01,9.99999e-01
6.923517345e-01,1.23645e-01,9.99999e-01,9.99999e-01,9.83380e-01,1.25735e-01,9.99999e-01
6.958134932e-01,1.29884e-01,9.99999e-01,9.99999e-01,9.91540e-01,1.30992e-01,9.99999e-01
6.992925606e-01,1.35234e-01,9.99999e-01,9.99999e-01,9.91760e-01,1.36358e-01,9.99999e-01
7.027890234e-01,1.40403e-01,9.99999e-01,9.99999e-01,9.89931e-01,1.41831e-01,9.99999e-01
7.063029686e-01,1.46160e-01,9.99999e-01,9.99999e-01,9.91518e-01,1.47410e-01,9.99999e-01
7.098344834e-01,1.51845e-01,9.99999e-01,9.99999e-01,9.91860e-01,1.53091e-01,9.99999e-01
7.133836558e-01,1.57127e-01,9.99999e-01,9.99999e-01,9.89009e-01,1.58873e-01,9.99999e-01
7.169505741e-01,1.50867e-01,9.99999e-01,9.99999e-01,9.15722e-01,1.64752e-01,9.99998e-01
7.205353270e-01,1.63675e-01,9.99999e-01,9.99999e-01,9.58699e-01,1.70726e-01,9.99998e-01
7.241380036e-01,1.67393e-01,9.99999e-01,9.99999e-01,9.46829e-01,1.76793e-01,9.99998e-01
7.277586936e-01,1.74159e-01,9.99999e-01,9.99999e-01,9.51957e-01,1.82949e-01,9.99998e-01
7.313974871e-01,1.79604e-01,9.99999e-01,9.99999e-01,9.49328e-01,1.89191e-01,9.99998e-01
7.350544745e-01,1.90029e-01,9.99999e-01,9.99999e-01,9.71931e-01,1.95516e-01,9.99999e-01
7.387297469e-01,1.97739e-01,9.99999e-01,9.99999e-01,9.79281e-01,2.01922e-01,9.99999e-01
7.424233956e-01,2.06287e-01,9.99999e-01,9.99999e-01,9.89836e-01,2.08405e-01,9.99999e-01
7.461355126e-01,2.13633e-01,9.99999e-01,9.99999e-01,9.93818e-01,2.14962e-01,9.99999e-01
7.498661902e-01,2.20953e-01,9.99999e-01,9.99999e-01,9.97127e-01,2.21589e-01,9.99999e-01
7.536155211e-01,2.27961e-01,9.99999e-01,9.99999e-01,9.98585e-01,2.28284e-01,9.99999e-01
7.573835987e-01,2.34872e-01,9.99999e-01,9.99999e-01,9.99271e-01,2.35043e-01,9.99999e-01
7.611705167e-01,2.41753e-01,9.99999e-01,9.99999e-01,9.99547e-01,2.41863e-01,9.99999e-01
7.649763693e-01,2.48669e-01,9.99999e-01,9.99999e-01,9.99715e-01,2.48740e-01,9.99999e-01
7.688012511e-01,2.55620e-01,9.99999e-01,9.99999e-01,9.99801e-01,2.55671e-01,9.99999e-01
7.726452574e-01,2.62609e-01,9.99999e-01,9.99999e-01,9.99836e-01,2.62652e-01,9.99999e-01
7.765084837e-01,2.69617e-01,9.99999e-01,9.99999e-01,9.99765e-01,2.69680e-01,9.99999e-01
7.803910261e-01,2.60293e-01,9.99999e-01,9.41429e-01,9.98986e-01,2.76752e-01,9.99999e-01
7.842929812e-01,2.17383e-01,9.99999e-01,7.68300e-01,9.96467e-01,2.83865e-01,9.99999e-01
7.882144461e-01,2.17819e-01,9.99999e-01,7.53548e-01,9.92806e-01,2.91014e-01,9.99999e-01
7.921555184e-01,2.50944e-01,9.99999e-01,8.44719e-01,9.96074e-01,2.98197e-01,9.99999e-01
7.961162960e-01,2.71040e-01,9.99999e-01,8.93647e-01,9.92975e-01,3.05410e-01,9.99999e-01
8.000968774e-01,2.91753e-01,9.99999e-01,9.40702e-01,9.91944e-01,3.12649e-01,9.99999e-01
8.040973618e-01,3.07488e-01,9.99999e-01,9.68955e-01,9.91928e-01,3.19913e-01,9.99999e-01
8.081178486e-01,3.16606e-01,9.99999e-01,9.85557e-01,9.81768e-01,3.27196e-01,9.99999e-01
8.121584379e-01,3.08529e-01,9.99999e-01,9.95573e-01,9.26399e-01,3.34497e-01,9.99998e-01
8.162192301e-01,3.12212e-01,9.99999e-01,9.99019e-01,9.14271e-01,3.41811e-01,9.99998e-01
8.203003262e-01,3.33661e-01,9.99999e-01,9.99986e-01,9.55685e-01,3.49136e-01,9.99998e-01
8.244018279e-01,3.35257e-01,9.99999e-01,9.99999e-01,9.40493e-01,3.56469e-01,9.99998e-01
8.285238370e-01,3.44699e-01,9.99999e-01,9.99999e-01,9.47478e-01,3.63807e-01,9.99998e-01
8.326664562e-01,3.51548e-01,9.99999e-01,9.99999e-01,9.47197e-01,3.71146e-01,9.99998e-01
8.368297885e-01,3.64113e-01,9.99999e-01,9.99999e-01,9.62031e-01,3.78484e-01,9.99999e-01
8.410139374e-01,3.77050e-01,9.99999e-01,9.99999e-01,9.77274e-01,3.85817e-01,9.99999e-01
8.452190071e-01,3.88745e-01,9.99999e-01,9.99999e-01,9.88809e-01,3.93144e-01,9.99999e-01
8.494451021e-01,3.97844e-01,9.99999e-01,9.99999e-01,9.93464e-01,4.00461e-01,9.99999e-01
8.536923276e-01,4.06194e-01,9.99999e-01,9.99999e-01,9.96145e-01,4.07766e-01,9.99999e-01
8.579607893e-01,4.14067e-01,9.99999e-01,9.99999e-01,9.97616e-01,4.15055e-01,9.99999e-01
8.622505932e-01,4.21690e-01,9.99999e-01,9.99999e-01,9.98489e-01,4.22328e-01,9.99999e-01
8.665618462e-01,3.83439e-01,9.99999e-01,8.93384e-01,9.99061e-01,4.29580e-01,9.99999e-01
8.708946554e-01,2.24684e-01,9.99999e-01,5.14897e-01,9.98922e-01,4.36810e-01,9.99999e-01
8.752491287e-01,2.58422e-01,9.99999e-01,5.82812e-01,9.98560e-01,4.44015e-01,9.99999e-01
8.796253743e-01,3.33724e-01,9.99999e-01,7.41057e-01,9.97999e-01,4.51193e-01,9.99999e-01
8.840235012e-01,3.91055e-01,9.99999e-01,8.55096e-01,9.97717e-01,4.58342e-01,9.99999e-01
8.884436187e-01,4.34020e-01,9.99999e-01,9.40292e-01,9.91521e-01,4.65459e-01,9.99999e-01
8.928858368e-01,4.22144e-01,9.99999e-01,9.75303e-01,9.15608e-01,4.72543e-01,9.99998e-01
8.973502660e-01,4.08741e-01,9.99999e-01,9.93984e-01,8.57242e-01,4.79592e-01,9.99997e-01
9.018370173e-01,4.49871e-01,9.99999e-01,9.99337e-01,9.25092e-01,4.86604e-01,9.99997e-01
9.063462024e-01,4.52627e-01,9.99999e-01,9.82535e-01,9.32440e-01,4.93577e-01,9.99996e-01
9.108779334e-01,4.32036e-01,9.99999e-01,9.61218e-01,8.97267e-01,5.00509e-01,9.99996e-01
9.154323231e-01,4.44738e-01,9.99999e-01,9.90878e-01,8.84277e-01,5.07399e-01,9.99996e-01
9.200094847e-01,4.13266e-01,9.99999e-01,8.77266e-01,9.08522e-01,5.14244e-01,9.99995e-01
9.246095321e-01,3.71073e-01,9.99999e-01,8.24131e-01,8.59245e-01,5.21044e-01,9.99992e-01
9.292325798e-01,1.74584e-01,9.99999e-01,8.58683e-01,3.75873e-01,5.27797e-01,9.99984e-01
9.338787427e-01,1.36167e-01,9.99999e-01,8.63940e-01,2.88325e-01,5.34501e-01,9.99980e-01
9.385481364e-01,2.96537e-01,9.99999e-01,8.97737e-01,6.04407e-01,5.41156e-01,9.99980e-01
9.432408771e-01,2.57265e-01,9.99999e-01,9.36148e-01,4.98838e-01,5.47760e-01,9.99978e-01
9.479570815e-01,2.07602e-01,9.99999e-01,9.66628e-01,3.86335e-01,5.54311e-01,9.99980e-01
9.526968669e-01,2.68625e-01,9.99999e-01,9.83817e-01,4.85834e-01,5.60809e-01,9.99985e-01
9.574603512e-01,2.85907e-01,9.99999e-01,9.93053e-01,5.07160e-01,5.67253e-01,9.99989e-01
9.622476530e-01,3.28716e-01,9.99999e-01,9.97831e-01,5.74158e-01,5.73641e-01,9.99992e-01
9.670588912e-01,4.20167e-01,9.99999e-01,9.99351e-01,7.24891e-01,5.79973e-01,9.99995e-01
9.718941857e-01,4.78298e-01,9.99999e-01,9.99955e-01,8.15897e-01,5.86247e-01,9.99996e-01
9.767536566e-01,5.00306e-01,9.99999e-01,9.99999e-01,8.44452e-01,5.92464e-01,9.99997e-01
9.816374249e-01,5.28215e-01,9.99999e-01,9.99999e-01,8.82387e-01,5.98621e-01,9.99998e-01
9.865456120e-01,5.59217e-01,9.99999e-01,9.99999e-01,9.24754e-01,6.04720e-01,9.99998e-01
9.914783401e-01,5.81892e-01,9.99999e-01,9.99999e-01,9.52738e-01,6.10758e-01,9.99999e-01
9.964357318e-01,6.00691e-01,9.99999e-01,9.99999e-01,9.73985e-01,6.16735e-01,9.99999e-01
1.001417910e+00,6.12898e-01,9.99999e-01,9.99999e-01,9.84336e-01,6.22651e-01,9.99999e-01
1.006425000e+00,6.22860e-01,9.99999e-01,9.99999e-01,9.91017e-01,6.28505e-01,9.99999e-01
1.011457125e+00,6.30766e-01,9.99999e-01,9.99999e-01,9.94433e-01,6.34297e-01,9.99999e-01
1.016514411e+00,6.37602e-01,9.99999e-01,9.99999e-01,9.96211e-01,6.40026e-01,9.99999e-01
1.021596983e+00,6.43672e-01,9.99999e-01,9.99891e-01,9.96977e-01,6.45693e-01,9.99999e-01
1.026704968e+00,6.45273e-01,9.99999e-01,9.93088e-01,9.97640e-01,6.51296e-01,9.99999e-01
1.031838492e+00,6.09543e-01,9.99999e-01,9.29518e-01,9.98289e-01,6.56836e-01,9.99999e-01
1.036997685e+00,5.75367e-02,9.99999e-01,8.69406e-02,9.98980e-01,6.62312e-01,9.99999e-01
1.042182673e+00,1.88124e-02,9.99999e-01,2.82025e-02,9.98779e-01,6.67724e-01,9.99999e-01
1.047393587e+00,3.13454e-02,9.99999e-01,4.66352e-02,9.98385e-01,6.73072e-01,9.99999e-01
1.052630555e+00,9.45307e-05,9.99999e-01,1.39562e-04,9.97781e-01,6.78356e-01,9.99999e-01
1.057893707e+00,3.25324e-04,9.99999e-01,4.76964e-04,9.96292e-01,6.83576e-01,9.99999e-01
1.063183176e+00,2.29684e-03,9.99999e-01,3.34797e-03,9.93912e-01,6.88732e-01,9.99999e-01
1.068499092e+00,1.10686e-02,9.99999e-01,1.60775e-02,9.89844e-01,6.93823e-01,9.99999e-01
1.073841587e+00,5.03296e-02,9.99999e-01,7.27045e-02,9.88099e-01,6.98851e-01,9.99999e-01
1.079210795e+00,1.32359e-01,9.99999e-01,1.90537e-01,9.84831e-01,7.03815e-01,9.99999e-01
1.084606849e+00,2.75727e-01,9.99999e-01,3.97478e-01,9.77082e-01,7.08715e-01,9.99998e-01
1.090029883e+00,4.27033e-01,9.99999e-01,6.17882e-01,9.67011e-01,7.13551e-01,9.99998e-01
1.095480033e+00,5.18188e-01,9.99999e-01,7.88854e-01,9.12895e-01,7.18324e-01,9.99997e-01
1.100957433e+00,5.13044e-01,9.99999e-01,8.91749e-01,7.94024e-01,7.23033e-01,9.99995e-01
1.106462220e+00,3.90330e-01,9.99999e-01,9.53787e-01,5.60773e-01,7.27680e-01,9.99990e-01
1.111994531e+00,2.18478e-01,9.99999e-01,9.82606e-01,3.03022e-01,7.32263e-01,9.99982e-01
1.117554504e+00,1.09728e-01,9.99999e-01,9.95752e-01,1.49386e-01,7.36784e-01,9.99975e-01
1.123142276e+00,1.93909e-01,9.99999e-01,9.99722e-01,2.61627e-01,7.41243e-01,9.99970e-01
1.128757988e+00,3.04304e-01,9.99999e-01,9.99999e-01,4.08123e-01,7.45640e-01,9.99968e-01
1.134401778e+00,1.50001e-01,9.99999e-01,9.99999e-01,2.00015e-01,7.49976e-01,9.99964e-01
1.140073787e+00,4.36000e-01,9.99999e-01,9.99999e-01,5.78074e-01,7.54250e-01,9.99971e-01
1.145774156e+00,2.50683e-01,9.99999e-01,9.99999e-01,3.30522e-01,7.58464e-01,9.99975e-01
1.151503026e+00,2.24026e-01,9.99999e-01,9.99999e-01,2.93766e-01,7.62617e-01,9.99978e-01
1.157260541e+00,2.66295e-01,9.99999e-01,9.99999e-01,3.47327e-01,7.66710e-01,9.99983e-01
1.163046844e+00,3.51940e-01,9.99999e-01,9.99999e-01,4.56628e-01,7.70743e-01,9.99989e-01
1.168862078e+00,4.46313e-01,9.99999e-01,9.99999e-01,5.76100e-01,7.74718e-01,9.99994e-01
1.174706389e+00,5.53751e-01,9.99999e-01,9.99999e-01,7.11184e-01,7.78634e-01,9.99997e-01
1.180579921e+00,6.35608e-01,9.99999e-01,9.99999e-01,8.12288e-01,7.82492e-01,9.99997e-01
1.186482820e+00,6.98840e-01,9.99999e-01,9.99982e-01,8.88792e-01,7.86292e-01,9.99998e-01
1.192415234e+00,7.19848e-01,9.99999e-01,9.75714e-01,9.33384e-01,7.90035e-01,9.99998e-01
1.198377311e+00,4.09726e-01,9.99999e-01,5.41866e-01,9.43452e-01,7.93721e-01,9.99998e-01
1.204369197e+00,2.09286e-18,9.99999e-01,2.70957e-18,9.46518e-01,7.97351e-01,9.99998e-01
1.210391043e+00,1.29816e-71,9.99999e-01,1.66890e-71,9.48776e-01,8.00926e-01,9.99998e-01
1.216442998e+00,4.24770e-62,9.99999e-01,5.42860e-62,9.56363e-01,8.04446e-01,9.99999e-01
1.222525213e+00,3.55267e-61,9.99999e-01,4.47697e-61,9.65810e-01,8.07911e-01,9.99999e-01
1.228637839e+00,2.48790e-47,9.99999e-01,3.11727e-47,9.76114e-01,8.11322e-01,9.99999e-01
1.234781029e+00,7.56034e-30,9.99999e-01,9.35243e-30,9.82235e-01,8.14680e-01,9.99999e-01
1.240954934e+00,5.84370e-20,9.99999e-01,7.19535e-20,9.88718e-01,8.17984e-01,9.99999e-01
1.247159708e+00,3.52155e-10,9.99999e-01,4.31052e-10,9.91213e-01,8.21237e-01,9.99999e-01
1.253395507e+00,8.44245e-07,9.99999e-01,1.02981e-06,9.92182e-01,8.24438e-01,9.99999e-01
1.259662485e+00,3.06918e-04,9.99999e-01,3.72948e-04,9.92553e-01,8.27588e-01,9.99999e-01
1.265960797e+00,9.49491e-03,9.99999e-01,1.15266e-02,9.88156e-01,8.30687e-01,9.99999e-01
1.272290601e+00,1.12698e-01,9.99999e-01,1.37385e-01,9.81383e-01,8.33736e-01,9.99999e-01
1.278652054e+00,9.39371e-02,9.99999e-01,1.15319e-01,9.63363e-01,8.36736e-01,9.99998e-01
1.285045314e+00,5.60445e-04,9.99999e-01,6.86241e-04,9.34511e-01,8.39687e-01,9.99998e-01
1.291470541e+00,5.91980e-09,9.99999e-01,7.53292e-09,8.88719e-01,8.42590e-01,9.99997e-01
1.297927893e+00,7.24191e-04,9.99999e-01,9.22155e-04,8.45728e-01,8.45446e-01,9.99995e-01
1.304417533e+00,1.88254e-02,9.99999e-01,2.61599e-02,8.21489e-01,8.48254e-01,9.99992e-01
1.310939621e+00,3.18003e-03,9.99999e-01,4.24676e-03,7.79920e-01,8.51016e-01,9.99986e-01
1.317494319e+00,3.62254e-25,9.99999e-01,4.86609e-25,7.83849e-01,8.53732e-01,9.99978e-01
1.324081790e+00,3.18262e-12,9.99999e-01,4.37361e-12,6.98679e-01,8.56403e-01,9.99964e-01
1.330702199e+00,3.97642e-10,9.99999e-01,8.41488e-10,2.77705e-01,8.59029e-01,9.99941e-01
1.337355710e+00,3.37556e-10,9.99999e-01,4.74666e-09,2.47927e-02,8.61612e-01,9.99887e-01
1.344042489e+00,9.92154e-14,9.99999e-01,4.70802e-11,1.59315e-04,8.64150e-01,9.99760e-01
1.350762701e+00,1.27288e-16,9.99999e-01,4.71827e-10,4.80950e-08,8.66646e-01,9.99617e-01
1.357516515e+00,3.37828e-16,9.99999e-01,1.82614e-06,1.92550e-11,8.69100e-01,9.99525e-01
1.364304097e+00,7.88141e-11,9.99999e-01,1.15760e-04,2.23108e-07,8.71511e-01,9.99491e-01
1.371125618e+00,8.81365e-07,9.99999e-01,9.54610e-03,4.72910e-05,8.73882e-01,9.99487e-01
1.377981246e+00,4.36872e-06,9.99999e-01,1.94789e-02,1.44652e-04,8.76212e-01,9.99449e-01
1.384871152e+00,1.61897e-07,9.99999e-01,1.00999e-01,1.21151e-06,8.78502e-01,9.99465e-01
1.391795508e+00,4.33804e-08,9.99999e-01,1.20662e-01,2.51456e-07,8.80753e-01,9.99546e-01
1.398754485e+00,1.43661e-06,9.99999e-01,2.67859e-01,5.24231e-06,8.82965e-01,9.99610e-01
1.405748258e+00,1.93792e-06,9.99999e-01,3.81520e-01,4.81928e-06,8.85138e-01,9.99650e-01
1.412776999e+00,2.76590e-06,9.99999e-01,5.43086e-01,4.85006e-06,8.87274e-01,9.99719e-01
1.419840884e+00,5.79467e-06,9.99999e-01,4.82026e-01,1.00073e-05,8.89372e-01,9.99790e-01
1.426940089e+00,5.68155e-05,9.99999e-01,2.73470e-02,1.72157e-04,8.91434e-01,9.99869e-01
1.434074789e+00,0.00000e+00,9.99999e-01,0.00000e+00,1.10791e-03,8.93460e-01,9.99918e-01
1.441245163e+00,0.00000e+00,9.99999e-01,0.00000e+00,4.10333e-03,8.95451e-01,9.99936e-01
1.448451389e+00,0.00000e+00,9.99999e-01,0.00000e+00,2.19218e-02,8.97406e-01,9.99947e-01
1.455693646e+00,0.00000e+00,9.99999e-01,0.00000e+00,7.46129e-02,8.99327e-01,9.99956e-01
1.462972114e+00,2.26059e-284,9.99999e-01,1.07400e-283,1.00405e-01,9.01214e-01,9.99962e-01
1.470286975e+00,9.29145e-119,9.99999e-01,4.94348e-118,6.99440e-02,9.03067e-01,9.99966e-01
1.477638409e+00,4.31564e-75,9.99999e-01,2.29149e-74,8.94519e-02,9.04888e-01,9.99971e-01
1.485026601e+00,2.84579e-42,9.99999e-01,1.25584e-41,1.36096e-01,9.06676e-01,9.99977e-01
1.492451734e+00,5.95163e-36,9.99999e-01,1.81719e-35,2.28281e-01,9.08432e-01,9.99984e-01
1.499913993e+00,5.42388e-16,9.99999e-01,1.06594e-15,3.65808e-01,9.10157e-01,9.99991e-01
1.507413563e+00,9.13636e-15,9.99999e-01,1.77446e-14,4.82581e-01,9.11851e-01,9.99995e-01
1.514950631e+00,4.39200e-16,9.99999e-01,6.48591e-16,6.31412e-01,9.13514e-01,9.99996e-01
1.522525384e+00,3.89241e-53,9.99999e-01,5.20510e-53,7.42192e-01,9.15148e-01,9.99998e-01
1.530138011e+00,5.08198e-126,9.99999e-01,6.25148e-126,8.03589e-01,9.16752e-01,9.99998e-01
1.537788701e+00,2.36220e-93,9.99999e-01,2.79577e-93,8.83537e-01,9.18327e-01,9.99999e-01
1.545477645e+00,3.87711e-20,9.99999e-01,4.44617e-20,9.23953e-01,9.19874e-01,9.99999e-01
1.553205033e+00,1.45646e-14,9.99999e-01,1.65528e-14,9.37258e-01,9.21393e-01,9.99999e-01
1.560971058e+00,5.46221e-15,9.99999e-01,6.06373e-15,9.60985e-01,9.22884e-01,9.99999e-01
1.568775913e+00,1.71122e-318,9.99999e-01,1.88491e-318,9.73938e-01,9.24348e-01,9.99999e-01
1.576619793e+00,0.00000e+00,9.99999e-01,0.00000e+00,9.79736e-01,9.25786e-01,9.99999e-01
1.584502892e+00,0.00000e+00,9.99999e-01,0.00000e+00,9.87623e-01,9.27197e-01,9.99999e-01
1.592425406e+00,7.26911e-284,9.99999e-01,7.88181e-284,9.88523e-01,9.28582e-01,9.99999e-01
1.600387533e+00,0.00000e+00,9.99999e-01,0.00000e+00,9.92060e-01,9.29942e-01,9.99999e-01
1.608389471e+00,0.00000e+00,9.99999e-01,0.00000e+00,9.91792e-01,9.31277e-01,9.99999e-01
1.616431418e+00,0.00000e+00,9.99999e-01,0.00000e+00,9.91577e-01,9.32588e-01,9.99999e-01
1.624513575e+00,0.00000e+00,9.99999e-01,0.00000e+00,9.90995e-01,9.33874e-01,9.99999e-01
1.632636143e+00,8.62441e-268,9.99999e-01,9.28475e-268,9.85920e-01,9.35137e-01,9.99999e-01
1.640799324e+00,1.96010e-109,9.99999e-01,2.11415e-109,9.81266e-01,9.36377e-01,9.99999e-01
1.649003321e+00,1.94980e-109,9.99999e-01,2.11377e-109,9.76219e-01,9.37593e-01,9.99999e-01
1.657248337e+00,1.10058e-84,9.99999e-01,1.19218e-84,9.68524e-01,9.38788e-01,9.99999e-01
1.665534579e+00,2.97272e-85,9.99999e-01,3.25526e-85,9.57406e-01,9.39960e-01,9.99999e-01
1.673862252e+00,1.56336e-54,9.99999e-01,1.70012e-54,9.42642e-01,9.41110e-01,9.99999e-01
1.682231563e+00,6.38249e-38,9.99999e-01,6.92751e-38,9.49614e-01,9.42239e-01,9.99998e-01
1.690642721e+00,2.63563e-21,9.99999e-01,2.91133e-21,9.13134e-01,9.43347e-01,9.99998e-01
1.699095934e+00,1.05253e-13,9.99999e-01,1.17462e-13,9.01358e-01,9.44434e-01,9.99998e-01
1.707591414e+00,2.39849e-07,9.99999e-01,2.68384e-07,8.93734e-01,9.45501e-01,9.99997e-01
1.716129371e+00,1.40979e-04,9.99999e-01,1.63530e-04,8.70267e-01,9.46548e-01,9.99995e-01
1.724710018e+00,5.77747e-03,9.99999e-01,7.11159e-03,8.12092e-01,9.47576e-01,9.99994e-01
1.733333568e+00,2.86429e-02,9.99999e-01,3.78897e-02,7.61815e-01,9.48584e-01,9.99991e-01
1.742000236e+00,9.55871e-02,9.99999e-01,1.45684e-01,6.61345e-01,9.49574e-01,9.99987e-01
1.750710237e+00,7.52100e-04,9.99999e-01,1.29365e-03,4.65244e-01,9.50545e-01,9.99980e-01
1.759463788e+00,2.23690e-52,9.99999e-01,4.71239e-52,2.39877e-01,9.51498e-01,9.99969e-01
1.768261107e+00,3.92642e-55,9.99999e-01,1.77244e-54,7.35096e-02,9.52432e-01,9.99950e-01
1.777102413e+00,3.92601e-54,9.99999e-01,5.85813e-53,1.36327e-02,9.53350e-01,9.99922e-01
1.785987925e+00,8.64520e-52,9.99999e-01,9.60334e-50,1.12336e-03,9.54250e-01,9.99876e-01
1.794917864e+00,4.72316e-50,9.99999e-01,1.63956e-47,1.20451e-04,9.55133e-01,9.99785e-01
1.803892454e+00,9.43146e-51,9.99999e-01,1.06297e-45,2.91099e-07,9.55999e-01,9.99675e-01
1.812911916e+00,6.17625e-51,9.99999e-01,6.56714e-44,5.51142e-09,9.56849e-01,9.99558e-01
1.821976476e+00,5.33726e-51,9.99999e-01,5.58992e-44,9.71531e-09,9.57683e-01,9.99479e-01
1.831086358e+00,4.72672e-43,9.99999e-01,2.09233e-35,7.62476e-10,9.58502e-01,9.99414e-01
1.840241790e+00,2.36186e-36,9.99999e-01,3.67023e-30,3.76380e-08,9.59304e-01,9.99352e-01
1.849442999e+00,5.74446e-27,9.99999e-01,5.19270e-21,1.59628e-07,9.60092e-01,9.99301e-01
1.858690214e+00,1.49930e-29,9.99999e-01,1.07662e-19,2.39768e-11,9.60865e-01,9.99192e-01
1.867983665e+00,3.75372e-30,9.99999e-01,2.16297e-20,5.79452e-12,9.61623e-01,9.99101e-01
1.877323583e+00,1.24913e-102,9.99999e-01,4.07571e-99,3.30862e-05,9.62366e-01,9.99144e-01
1.886710201e+00,6.43794e-133,9.99999e-01,4.12859e-130,8.02178e-05,9.63096e-01,9.99275e-01
1.896143752e+00,3.53177e-151,9.99999e-01,1.51930e-148,3.33344e-04,9.63811e-01,9.99346e-01
1.905624471e+00,6.98626e-178,9.99999e-01,3.01241e-172,3.54489e-07,9.64513e-01,9.99391e-01
1.915152593e+00,2.75212e-140,9.99999e-01,1.48711e-133,1.03213e-08,9.65202e-01,9.99432e-01
1.924728356e+00,2.76353e-167,9.99999e-01,8.93296e-160,1.06338e-09,9.65877e-01,9.99499e-01
1.934351998e+00,0.00000e+00,9.99999e-01,0.00000e+00,1.61152e-10,9.66540e-01,9.99587e-01
1.944023758e+00,0.00000e+00,9.99999e-01,0.00000e+00,1.52111e-06,9.67190e-01,9.99702e-01
1.953743877e+00,0.00000e+00,9.99999e-01,0.00000e+00,6.48970e-06,9.67827e-01,9.99804e-01
1.963512596e+00,0.00000e+00,9.99999e-01,0.00000e+00,2.96161e-04,9.68453e-01,9.99878e-01
1.973330159e+00,0.00000e+00,9.99999e-01,0.00000e+00,2.20344e-03,9.69066e-01,9.99926e-01
1.983196810e+00,0.00000e+00,9.99999e-01,0.00000e+00,4.25544e-02,9.69668e-01,9.99952e-01
1.993112794e+00,0.00000e+00,9.99999e-01,0.00000e+00,8.37092e-02,9.70258e-01,9.99968e-01
2.003078358e+00,0.00000e+00,9.99999e-01,0.00000e+00,2.08449e-01,9.70837e-01,9.99979e-01
2.013093750e+00,0.00000e+00,9.99999e-01,0.00000e+00,3.60146e-01,9.71404e-01,9.99986e-01
2.023159218e+00,0.00000e+00,9.99999e-01,0.00000e+00,5.52942e-01,9.71961e-01,9.99991e-01
2.033275015e+00,0.00000e+00,9.99999e-01,0.00000e+00,6.35401e-01,9.72507e-01,9.99994e-01
2.043441390e+00,0.00000e+00,9.99999e-01,0.00000e+00,7.54111e-01,9.73043e-01,9.99996e-01
2.053658597e+00,0.00000e+00,9.99999e-01,0.00000e+00,7.94478e-01,9.73568e-01,9.99997e-01
2.063926890e+00,0.00000e+00,9.99999e-01,0.00000e+00,8.55757e-01,9.74083e-01,9.99997e-01
2.074246524e+00,0.00000e+00,9.99999e-01,0.00000e+00,8.74111e-01,9.74589e-01,9.99998e-01
2.084617757e+00,0.00000e+00,9.99999e-01,0.00000e+00,9.15896e-01,9.75084e-01,9.99998e-01
2.095040845e+00,0.00000e+00,9.99999e-01,0.00000e+00,9.32898e-01,9.75570e-01,9.99998e-01
2.105516050e+00,0.00000e+00,9.99999e-01,0.00000e+00,9.42302e-01,9.76047e-01,9.99998e-01
2.116043630e+00,0.00000e+00,9.99999e-01,0.00000e+00,9.44805e-01,9.76515e-01,9.99998e-01
2.126623848e+00,0.00000e+00,9.99999e-01,0.00000e+00,9.65994e-01,9.76973e-01,9.99998e-01
2.137256967e+00,0.00000e+00,9.99999e-01,0.00000e+00,9.67571e-01,9.77423e-01,9.99998e-01
2.147943252e+00,0.00000e+00,9.99999e-01,0.00000e+00,9.68806e-01,9.77864e-01,9.99998e-01
2.158682968e+00,1.04428e-219,9.99999e-01,1.09228e-219,9.71409e-01,9.78296e-01,9.99998e-01
2.169476383e+00,1.12120e-106,9.99999e-01,1.17182e-106,9.69595e-01,9.78720e-01,9.99998e-01
2.180323765e+00,1.34759e-66,9.99999e-01,1.40872e-66,9.65202e-01,9.79136e-01,9.99998e-01
2.191225384e+00,7.25062e-34,9.99999e-01,7.57326e-34,9.57726e-01,9.79544e-01,9.99998e-01
2.202181511e+00,4.80642e-22,9.99999e-01,5.06336e-22,9.47907e-01,9.79944e-01,9.99998e-01
2.213192418e+00,9.51806e-12,9.99999e-01,9.98618e-12,9.47263e-01,9.80336e-01,9.99998e-01
2.224258381e+00,9.46331e-08,9.99999e-01,1.00120e-07,9.38168e-01,9.80721e-01,9.99998e-01
2.235379672e+00,1.57394e-05,9.99999e-01,1.67089e-05,9.46877e-01,9.81098e-01,9.99998e-01
2.246556571e+00,5.38471e-04,9.99999e-01,5.87174e-04,9.08463e-01,9.81468e-01,9.99997e-01
2.257789354e+00,8.29066e-03,9.99999e-01,9.02133e-03,9.28266e-01,9.81831e-01,9.99997e-01
2.269078300e+00,1.19346e-02,9.99999e-01,1.44325e-02,8.33202e-01,9.82186e-01,9.99996e-01
2.280423692e+00,1.54337e-02,9.99999e-01,1.80115e-02,8.59296e-01,9.82535e-01,9.99996e-01
2.291825810e+00,5.12386e-02,9.99999e-01,6.90296e-02,7.42760e-01,9.82877e-01,9.99995e-01
2.303284939e+00,9.19487e-02,9.99999e-01,1.20837e-01,7.66347e-01,9.83212e-01,9.99993e-01
2.314801364e+00,9.67968e-02,9.99999e-01,1.52562e-01,6.34382e-01,9.83541e-01,9.99991e-01
2.326375371e+00,1.78557e-01,9.99999e-01,2.86226e-01,6.23876e-01,9.83864e-01,9.99988e-01
2.338007248e+00,1.50195e-01,9.99999e-01,2.54977e-01,5.86088e-01,9.84180e-01,9.99984e-01
2.349697284e+00,1.28525e-01,9.99999e-01,3.07063e-01,4.07103e-01,9.84490e-01,9.99978e-01
2.361445770e+00,1.82764e-01,9.99999e-01,3.86597e-01,4.73727e-01,9.84794e-01,9.99970e-01
2.373252999e+00,1.61122e-01,9.99999e-01,4.25329e-01,3.68075e-01,9.85092e-01,9.99959e-01
2.385119264e+00,1.29874e-01,9.99999e-01,6.88584e-01,1.82730e-01,9.85384e-01,9.99944e-01
2.397044861e+00,2.89915e-01,9.99999e-01,8.55909e-01,3.40493e-01,9.85671e-01,9.99916e-01
2.409030085e+00,1.08056e-01,9.99999e-01,7.63974e-01,1.40462e-01,9.85952e-01,9.99877e-01
2.421075235e+00,1.12956e-01,9.99999e-01,6.23602e-01,1.63114e-01,9.86227e-01,9.99832e-01
2.433180612e+00,1.18468e-02,9.99999e-01,9.44626e-02,7.43975e-02,9.86498e-01,9.99773e-01
2.445346515e+00,7.41535e-03,9.99999e-01,3.18144e-01,1.68148e-02,9.86762e-01,9.99697e-01
2.457573247e+00,1.02596e-04,9.99999e-01,5.09830e-03,5.79690e-03,9.87022e-01,9.99592e-01
2.469861113e+00,1.03260e-16,9.99999e-01,4.44194e-14,1.22256e-04,9.87277e-01,9.99448e-01
2.482210419e+00,1.03412e-69,9.99999e-01,9.06468e-63,1.45392e-08,9.87527e-01,9.99224e-01
2.494621471e+00,7.84137e-108,9.99999e-01,6.34793e-98,3.92838e-12,9.87771e-01,9.98900e-01
2.507094578e+00,3.45623e-115,9.99999e-01,2.94722e-95,4.66137e-22,9.88012e-01,9.98395e-01
2.519630051e+00,8.87098e-158,9.99999e-01,2.27683e-126,1.18564e-33,9.88247e-01,9.97656e-01
2.532228202e+00,9.59190e-214,9.99999e-01,1.46963e-170,2.20238e-45,9.88478e-01,9.96863e-01
2.544889343e+00,4.63779e-225,9.99999e-01,5.84946e-168,2.45443e-59,9.88704e-01,9.95991e-01
2.557613789e+00,9.14333e-310,9.99999e-01,2.42737e-252,1.17764e-59,9.88926e-01,9.95283e-01
2.570401858e+00,0.00000e+00,9.99999e-01,0.00000e+00,1.04748e-83,9.89143e-01,9.94897e-01
2.583253867e+00,0.00000e+00,9.99999e-01,0.00000e+00,1.00807e-83,9.89357e-01,9.94422e-01
2.596170137e+00,0.00000e+00,9.99999e-01,0.00000e+00,8.75979e-70,9.89566e-01,9.94337e-01
2.609150988e+00,0.00000e+00,9.99999e-01,0.00000e+00,4.37297e-50,9.89771e-01,9.93953e-01
2.622196742e+00,0.00000e+00,9.99999e-01,0.00000e+00,4.19129e-42,9.89972e-01,9.93787e-01
2.635307726e+00,0.00000e+00,9.99999e-01,0.00000e+00,2.37103e-19,9.90169e-01,9.93507e-01
2.648484265e+00,0.00000e+00,9.99999e-01,0.00000e+00,2.98056e-23,9.90362e-01,9.92587e-01
2.661726686e+00,0.00000e+00,9.99999e-01,0.00000e+00,9.07116e-41,9.90552e-01,9.91746e-01
2.675035320e+00,0.00000e+00,9.99999e-01,0.00000e+00,6.86884e-148,9.90737e-01,9.92162e-01
2.688410496e+00,0.00000e+00,9.99999e-01,0.00000e+00,6.07019e-72,9.90919e-01,9.92606e-01
2.701852549e+00,0.00000e+00,9.99999e-01,0.00000e+00,7.09886e-63,9.91098e-01,9.93310e-01
2.715361811e+00,0.00000e+00,9.99999e-01,0.00000e+00,2.32738e-62,9.91273e-01,9.93772e-01
2.728938620e+00,0.00000e+00,9.99999e-01,0.00000e+00,1.66863e-44,9.91445e-01,9.94479e-01
2.742583314e+00,0.00000e+00,9.99999e-01,0.00000e+00,1.37328e-47,9.91613e-01,9.94684e-01
2.756296230e+00,0.00000e+00,9.99999e-01,0.00000e+00,2.50048e-49,9.91778e-01,9.94896e-01
2.770077711e+00,0.00000e+00,9.99999e-01,0.00000e+00,1.42045e-67,9.91940e-01,9.95612e-01
2.783928100e+00,0.00000e+00,9.99999e-01,0.00000e+00,1.71763e-67,9.92098e-01,9.95990e-01
2.797847740e+00,0.00000e+00,9.99999e-01,0.00000e+00,2.14222e-51,9.92254e-01,9.96552e-01
2.811836979e+00,0.00000e+00,9.99999e-01,0.00000e+00,8.89376e-55,9.92406e-01,9.97254e-01
2.825896164e+00,0.00000e+00,9.99999e-01,0.00000e+00,2.18343e-47,9.92555e-01,9.97881e-01
2.840025645e+00,0.00000e+00,9.99999e-01,0.00000e+00,2.50098e-36,9.92702e-01,9.98328e-01
2.854225773e+00,0.00000e+00,9.99999e-01,0.00000e+00,6.97066e-32,9.92846e-01,9.98672e-01
2.868496902e+00,0.00000e+00,9.99999e-01,0.00000e+00,4.19301e-30,9.92986e-01,9.99044e-01
2.882839386e+00,0.00000e+00,9.99999e-01,0.00000e+00,4.69021e-24,9.93124e-01,9.99299e-01
2.897253583e+00,0.00000e+00,9.99999e-01,0.00000e+00,1.65196e-20,9.93260e-01,9.99438e-01
2.911739851e+00,0.00000e+00,9.99999e-01,0.00000e+00,5.11204e-14,9.93392e-01,9.99550e-01
2.926298550e+00,0.00000e+00,9.99999e-01,0.00000e+00,3.13363e-10,9.93522e-01,9.99660e-01
2.940930043e+00,0.00000e+00,9.99999e-01,0.00000e+00,5.37464e-10,9.93650e-01,9.99729e-01
2.955634693e+00,0.00000e+00,9.99999e-01,0.00000e+00,8.45947e-10,9.93775e-01,9.99775e-01
2.970412867e+00,0.00000e+00,9.99999e-01,0.00000e+00,5.28414e-09,9.93898e-01,9.99823e-01
2.985264931e+00,0.00000e+00,9.99999e-01,0.00000e+00,6.89783e-07,9.94018e-01,9.99862e-01
3.000191256e+00,0.00000e+00,9.99999e-01,0.00000e+00,5.37356e-06,9.94136e-01,9.99883e-01
3.015192212e+00,0.00000e+00,9.99999e-01,0.00000e+00,3.18270e-05,9.94251e-01,9.99902e-01
3.030268173e+00,0.00000e+00,9.99999e-01,0.00000e+00,1.70014e-04,9.94364e-01,9.99916e-01
3.045419514e+00,2.66959e-253,9.99999e-01,1.09245e-249,2.61969e-05,9.94475e-01,9.99923e-01
3.060646612e+00,1.17548e-116,9.99999e-01,2.44616e-114,1.49118e-03,9.94584e-01,9.99932e-01
3.075949845e+00,5.73843e-94,9.99999e-01,9.36002e-91,1.93331e-03,9.94691e-01,1.04364e-01
3.091329594e+00,2.33112e-90,9.99999e-01,4.41556e-86,1.60789e-03,9.94795e-01,3.92545e-03
3.106786242e+00,9.07919e-94,9.99999e-01,1.90282e-85,5.39528e-03,9.94898e-01,3.33973e-07
3.122320173e+00,1.63934e-78,9.99999e-01,2.13831e-59,1.11991e-02,9.94998e-01,2.31382e-18
3.137931774e+00,3.82825e-68,9.99999e-01,2.06528e-58,1.30898e-02,9.95097e-01,6.51773e-09
3.153621433e+00,3.37766e-63,9.99999e-01,2.81843e-60,5.83938e-02,9.95193e-01,6.69330e-03
3.169389540e+00,2.43362e-90,9.99999e-01,8.21904e-81,7.36522e-02,9.95288e-01,1.65323e-09
3.185236488e+00,2.44618e-80,9.99999e-01,5.94352e-65,4.42367e-02,9.95381e-01,3.45397e-15
3.201162670e+00,4.59417e-79,9.99999e-01,7.11381e-52,1.94441e-03,9.95472e-01,5.45228e-26
3.217168483e+00,7.30284e-88,9.99999e-01,8.04984e-50,1.04211e-02,9.95561e-01,4.20626e-37
3.233254326e+00,2.18445e-98,9.99999e-01,3.65104e-42,4.59302e-02,9.95649e-01,5.59643e-56
3.249420598e+00,1.28920e-115,9.99999e-01,3.19225e-24,1.24456e-01,9.95734e-01,1.70218e-91
3.265667701e+00,1.07110e-167,9.99999e-01,7.17176e-21,4.38532e-02,9.95818e-01,1.34612e-146
3.281996039e+00,9.82071e-246,9.99999e-01,1.00963e-15,8.22091e-02,9.95901e-01,7.19385e-230
3.298406019e+00,0.00000e+00,9.99999e-01,1.89841e-13,1.71503e-02,9.95982e-01,0.00000e+00
3.314898049e+00,0.00000e+00,9.99999e-01,4.46525e-13,1.38476e-02,9.96061e-01,0.00000e+00
3.331472540e+00,0.00000e+00,9.99999e-01,1.61651e-12,3.40432e-02,9.96139e-01,0.00000e+00
3.348129902e+00,4.54537e-284,9.99999e-01,5.73619e-10,2.71310e-02,9.96215e-01,1.52857e-273
3.364870552e+00,1.13931e-195,9.99999e-01,1.50297e-09,5.42750e-02,9.96289e-01,1.03864e-185
3.381694905e+00,5.86835e-123,9.99999e-01,2.74166e-08,7.66647e-02,9.96362e-01,1.15431e-114
3.398603379e+00,2.76983e-75,9.99999e-01,2.12192e-06,1.48281e-01,9.96434e-01,6.93337e-69
3.415596396e+00,3.86777e-46,9.99999e-01,4.67323e-06,2.48770e-01,9.96504e-01,2.87661e-40
3.432674378e+00,2.75712e-31,9.99999e-01,4.43101e-07,2.68154e-01,9.96573e-01,1.77354e-24
3.449837750e+00,2.38279e-20,9.99999e-01,1.77133e-09,4.04796e-01,9.96641e-01,2.53902e-11
3.467086939e+00,1.27512e-18,9.99999e-01,1.42979e-16,5.37201e-01,9.96707e-01,1.43514e-02
3.484422373e+00,1.08859e-22,9.99999e-01,3.15568e-22,5.55950e-01,9.96772e-01,4.97652e-01
3.501844485e+00,8.26664e-33,9.99999e-01,6.74471e-32,7.13285e-01,9.96836e-01,1.57473e-01
3.519353708e+00,1.73545e-38,9.99999e-01,2.08165e-38,7.54838e-01,9.96898e-01,9.98885e-01
3.536950476e+00,1.04021e-47,9.99999e-01,1.27758e-47,7.74035e-01,9.96959e-01,9.96837e-01
3.554635228e+00,9.36222e-47,9.99999e-01,1.06787e-46,8.55131e-01,9.97019e-01,9.92867e-01
3.572408405e+00,2.01475e-38,9.99999e-01,2.26619e-38,8.59460e-01,9.97078e-01,9.88012e-01
3.590270447e+00,3.81140e-36,9.99999e-01,4.12479e-36,8.99890e-01,9.97136e-01,9.93189e-01
3.608221799e+00,1.04068e-25,9.99999e-01,1.11130e-25,9.21410e-01,9.97192e-01,9.96588e-01
3.626262908e+00,9.78955e-15,9.99999e-01,1.02045e-14,9.32539e-01,9.97247e-01,9.99296e-01
3.644394222e+00,1.14851e-11,9.99999e-01,1.19358e-11,9.58902e-01,9.97302e-01,9.99721e-01
3.662616193e+00,4.72271e-06,9.99999e-01,4.94457e-06,9.32335e-01,9.97355e-01,9.98368e-01
3.680929274e+00,2.67592e-03,9.99999e-01,2.93518e-03,8.93695e-01,9.97407e-01,9.92086e-01
3.699333921e+00,5.49383e-02,9.99999e-01,5.88658e-02,9.48732e-01,9.97458e-01,9.82396e-01
3.717830590e+00,2.75371e-02,9.99999e-01,2.96049e-02,9.59545e-01,9.97508e-01,9.65156e-01
3.736419743e+00,2.97526e-04,9.99999e-01,3.26554e-04,9.52977e-01,9.97557e-01,9.46829e-01
3.755101842e+00,8.55601e-13,9.99999e-01,9.32423e-13,9.49494e-01,9.97606e-01,9.53023e-01
3.773877351e+00,4.94866e-29,9.99999e-01,5.26734e-29,9.58158e-01,9.97653e-01,9.72889e-01
3.792746738e+00,3.22991e-73,9.99999e-01,3.38607e-73,9.49880e-01,9.97699e-01,9.89202e-01
3.811710472e+00,9.23733e-48,9.99999e-01,9.62719e-48,9.38678e-01,9.97744e-01,9.95125e-01
3.830769024e+00,1.44813e-47,9.99999e-01,1.51593e-47,9.33933e-01,9.97789e-01,9.98140e-01
3.849922869e+00,1.35070e-65,9.99999e-01,1.42868e-65,9.04160e-01,9.97833e-01,9.99504e-01
3.869172484e+00,9.06135e-41,9.99999e-01,9.66512e-41,8.91178e-01,9.97875e-01,9.95803e-01
3.888518346e+00,1.46982e-17,9.99999e-01,1.56253e-17,9.37190e-01,9.97917e-01,9.89915e-01
3.907960938e+00,1.07049e-13,9.99999e-01,1.15506e-13,9.29867e-01,9.97958e-01,9.82670e-01
3.927500742e+00,4.98241e-14,9.99999e-01,5.71479e-14,6.40393e-01,9.97999e-01,9.79270e-01
3.947138246e+00,1.73175e-20,9.99999e-01,2.16425e-20,7.54037e-01,9.98038e-01,9.88518e-01
3.966873937e+00,5.75604e-31,9.99999e-01,6.65426e-31,4.98194e-01,9.98077e-01,9.97627e-01
3.986708307e+00,4.68040e-48,9.99999e-01,5.02475e-48,8.82775e-01,9.98115e-01,9.99996e-01
4.006641849e+00,1.72893e-87,9.99999e-01,1.78099e-87,9.56146e-01,9.98152e-01,9.99996e-01
4.026675058e+00,0.00000e+00,9.99999e-01,0.00000e+00,9.49327e-01,9.98188e-01,9.99996e-01
4.046808433e+00,0.00000e+00,9.99999e-01,0.00000e+00,9.38564e-01,9.98224e-01,9.99996e-01
4.067042475e+00,0.00000e+00,9.99999e-01,0.00000e+00,9.29766e-01,9.98259e-01,9.99996e-01
4.087377688e+00,0.00000e+00,9.99999e-01,0.00000e+00,9.24723e-01,9.98293e-01,9.99996e-01
4.107814576e+00,0.00000e+00,9.99999e-01,0.00000e+00,8.97650e-01,9.98327e-01,9.99996e-01
4.128353649e+00,0.00000e+00,9.99999e-01,0.00000e+00,8.43820e-01,9.98360e-01,9.99996e-01
4.148995417e+00,0.00000e+00,9.99999e-01,0.00000e+00,8.09095e-01,9.98392e-01,9.99995e-01
4.169740394e+00,0.00000e+00,9.99999e-01,0.00000e+00,7.13424e-01,9.98424e-01,9.99995e-01
4.190589096e+00,0.00000e+00,9.99999e-01,0.00000e+00,6.64500e-01,9.98455e-01,9.99995e-01
4.211542042e+00,0.00000e+00,9.99999e-01,0.00000e+00,5.24796e-01,9.98486e-01,9.99995e-01
4.232599752e+00,0.00000e+00,9.99999e-01,0.00000e+00,4.89819e-01,9.98516e-01,9.99995e-01
4.253762751e+00,0.00000e+00,9.99999e-01,0.00000e+00,4.06512e-01,9.98545e-01,9.99994e-01
4.275031564e+00,0.00000e+00,9.99999e-01,0.00000e+00,2.88335e-01,9.98574e-01,9.99994e-01
4.296406722e+00,0.00000e+00,9.99999e-01,0.00000e+00,1.97783e-01,9.98602e-01,9.99994e-01
4.317888756e+00,0.00000e+00,9.99999e-01,0.00000e+00,2.41179e-01,9.98629e-01,9.99993e-01
4.339478200e+00,0.00000e+00,9.99999e-01,0.00000e+00,1.67035e-01,9.98656e-01,9.99993e-01
4.361175591e+00,0.00000e+00,9.99999e-01,0.00000e+00,1.27974e-01,9.98683e-01,9.99992e-01
4.382981469e+00,0.00000e+00,9.99999e-01,0.00000e+00,1.27584e-01,9.98709e-01,9.99992e-01
4.404896376e+00,0.00000e+00,9.99999e-01,0.00000e+00,1.21077e-01,9.98734e-01,9.99991e-01
4.426920858e+00,0.00000e+00,9.99999e-01,0.00000e+00,5.98863e-02,9.98759e-01,9.99990e-01
4.449055462e+00,0.00000e+00,9.99999e-01,0.00000e+00,1.21748e-01,9.98784e-01,9.99989e-01
4.471300739e+00,0.00000e+00,9.99999e-01,0.00000e+00,6.78028e-02,9.98808e-01,9.99988e-01
4.493657243e+00,0.00000e+00,9.99999e-01,0.00000e+00,1.16991e-01,9.98831e-01,9.99987e-01
4.516125529e+00,0.00000e+00,9.99999e-01,0.00000e+00,4.07959e-02,9.98854e-01,9.99986e-01
4.538706157e+00,0.00000e+00,9.99999e-01,0.00000e+00,9.05302e-02,9.98877e-01,9.99985e-01
4.561399688e+00,0.00000e+00,9.99999e-01,0.00000e+00,7.99256e-02,9.98899e-01,9.99983e-01
4.584206686e+00,0.00000e+00,9.99999e-01,0.00000e+00,1.26518e-01,9.98921e-01,9.99981e-01
4.607127720e+00,0.00000e+00,9.99999e-01,0.00000e+00,7.09429e-02,9.98942e-01,9.99978e-01
4.630163358e+00,0.00000e+00,9.99999e-01,0.00000e+00,1.51005e-02,9.98963e-01,9.99975e-01
4.653314175e+00,0.00000e+00,9.99999e-01,0.00000e+00,1.18798e-02,9.98983e-01,9.99971e-01
4.676580746e+00,0.00000e+00,9.99999e-01,0.00000e+00,2.01594e-03,9.99003e-01,9.99967e-01
4.699963650e+00,0.00000e+00,9.99999e-01,0.00000e+00,8.91240e-03,9.99023e-01,9.99961e-01
4.723463468e+00,0.00000e+00,9.99999e-01,0.00000e+00,1.64245e-03,9.99042e-01,9.99954e-01
4.747080785e+00,0.00000e+00,9.99999e-01,0.00000e+00,1.73676e-02,9.99061e-01,9.99946e-01
4.770816189e+00,0.00000e+00,9.99999e-01,0.00000e+00,2.54924e-03,9.99080e-01,9.99936e-01
4.794670270e+00,0.00000e+00,9.99999e-01,0.00000e+00,4.51361e-04,9.99098e-01,9.99925e-01
4.818643622e+00,0.00000e+00,9.99999e-01,0.00000e+00,2.86599e-04,9.99116e-01,9.99911e-01
4.842736840e+00,0.00000e+00,9.99999e-01,0.00000e+00,9.51647e-05,9.99133e-01,9.99895e-01
4.866950524e+00,0.00000e+00,9.99999e-01,0.00000e+00,1.03555e-03,9.99150e-01,9.99876e-01
4.891285276e+00,0.00000e+00,9.99999e-01,0.00000e+00,2.53325e-05,9.99167e-01,9.99851e-01
4.915741703e+00,0.00000e+00,9.99999e-01,0.00000e+00,1.56963e-04,9.99183e-01,9.99826e-01
4.940320411e+00,0.00000e+00,9.99999e-01,0.00000e+00,1.23959e-05,9.99199e-01,9.99793e-01
4.965022013e+00,0.00000e+00,9.99999e-01,0.00000e+00,7.42400e-07,9.99215e-01,9.99760e-01
4.989847123e+00,0.00000e+00,9.99999e-01,0.00000e+00,5.62438e-06,9.99231e-01,9.99729e-01
5.014796359e+00,0.00000e+00,9.99999e-01,0.00000e+00,1.26078e-09,9.99246e-01,9.99686e-01
5.039870341e+00,0.00000e+00,9.99999e-01,0.00000e+00,6.35214e-07,9.99261e-01,9.99636e-01
5.065069693e+00,0.00000e+00,9.99999e-01,0.00000e+00,5.90723e-07,9.99275e-01,9.99565e-01
5.090395041e+00,0.00000e+00,9.99999e-01,0.00000e+00,1.34707e-09,9.99290e-01,9.99498e-01
5.115847016e+00,0.00000e+00,9.99999e-01,0.00000e+00,1.11758e-10,9.99304e-01,9.99416e-01
5.141426251e+00,0.00000e+00,9.99999e-01,0.00000e+00,3.72250e-13,9.99317e-01,9.99327e-01
5.167133383e+00,0.00000e+00,9.99999e-01,0.00000e+00,1.03743e-14,9.99331e-01,9.99237e-01
5.192969049e+00,0.00000e+00,9.99999e-01,0.00000e+00,1.09001e-14,9.99344e-01,9.99134e-01
5.218933895e+00,0.00000e+00,9.99999e-01,0.00000e+00,9.10247e-23,9.99357e-01,9.99038e-01
5.245028564e+00,0.00000e+00,9.99999e-01,0.00000e+00,2.55086e-17,9.99370e-01,9.98942e-01
5.271253707e+00,0.00000e+00,9.99999e-01,0.00000e+00,2.54813e-18,9.99382e-01,9.98811e-01
5.297609976e+00,0.00000e+00,9.99999e-01,0.00000e+00,1.15548e-21,9.99394e-01,9.98685e-01
5.324098025e+00,0.00000e+00,9.99999e-01,0.00000e+00,3.86297e-22,9.99406e-01,9.98566e-01
5.350718516e+00,0.00000e+00,9.99999e-01,0.00000e+00,6.59216e-27,9.99418e-01,9.98361e-01
5.377472108e+00,0.00000e+00,9.99999e-01,0.00000e+00,8.03593e-28,9.99429e-01,9.98254e-01
5.404359469e+00,0.00000e+00,9.99999e-01,0.00000e+00,8.13566e-28,9.99441e-01,9.98022e-01
5.431381266e+00,0.00000e+00,9.99999e-01,0.00000e+00,7.62874e-51,9.99452e-01,9.97872e-01
5.458538172e+00,0.00000e+00,9.99999e-01,0.00000e+00,6.07649e-51,9.99462e-01,9.97643e-01
5.485830863e+00,0.00000e+00,9.99999e-01,4.13533e-321,2.56446e-54,9.99473e-01,9.97370e-01
5.513260018e+00,8.46649e-292,9.99999e-01,2.54689e-236,2.28534e-57,9.99483e-01,9.97104e-01
5.540826318e+00,7.73988e-215,9.99999e-01,8.03174e-157,2.97156e-60,9.99494e-01,9.96778e-01
5.568530449e+00,2.49606e-210,9.99999e-01,1.37066e-118,5.73421e-94,9.99504e-01,9.63159e-01
5.596373101e+00,3.61173e-175,9.99999e-01,1.19189e-87,9.62620e-90,9.99513e-01,9.46940e-01
5.624354967e+00,1.71994e-156,9.99999e-01,2.12058e-77,5.20036e-81,9.99523e-01,9.30173e-01
5.652476742e+00,7.09080e-152,9.99999e-01,1.09446e-65,2.21994e-88,9.99532e-01,9.08352e-01
5.680739126e+00,5.41383e-159,9.99999e-01,4.05527e-59,7.07479e-102,9.99542e-01,8.81743e-01
5.709142821e+00,1.36797e-165,9.99999e-01,5.01419e-56,5.46380e-111,9.99551e-01,8.47714e-01
5.737688535e+00,8.86595e-164,9.99999e-01,1.15480e-57,1.41300e-107,9.99559e-01,8.02055e-01
5.766376978e+00,1.55375e-130,9.99999e-01,9.78285e-51,6.38422e-82,9.99568e-01,7.48668e-01
5.795208863e+00,5.89755e-110,9.99999e-01,5.14676e-37,9.97522e-75,9.99577e-01,6.83095e-01
5.824184907e+00,2.18739e-116,9.99999e-01,7.91869e-27,6.30748e-91,9.99585e-01,6.00537e-01
5.853305832e+00,3.36303e-115,9.99999e-01,2.72416e-27,2.06289e-89,9.99593e-01,5.11059e-01
5.882572361e+00,7.88975e-140,9.99999e-01,8.36816e-32,6.98486e-110,9.99601e-01,4.12494e-01
5.911985223e+00,1.05558e-131,9.99999e-01,1.36205e-27,1.71044e-105,9.99609e-01,3.11283e-01
5.941545149e+00,8.75877e-122,9.99999e-01,1.01465e-14,1.22525e-108,9.99617e-01,2.19833e-01
5.971252874e+00,4.18532e-102,9.99999e-01,2.96354e-09,8.99233e-94,9.99624e-01,1.35190e-01
6.001109139e+00,5.78670e-71,9.99999e-01,1.95245e-07,2.49929e-63,9.99632e-01,7.13673e-02
6.031114685e+00,7.25144e-78,9.99999e-01,2.88986e-08,1.04424e-69,9.99639e-01,3.24132e-02
6.061270258e+00,4.92180e-80,9.99999e-01,6.68699e-11,2.51986e-69,9.99646e-01,1.07517e-02
6.091576609e+00,8.53299e-75,9.99999e-01,3.30969e-15,9.18252e-59,9.99653e-01,2.52051e-03
6.122034492e+00,3.61751e-58,9.99999e-01,1.44079e-19,2.26629e-37,9.99660e-01,4.20119e-04
6.152644665e+00,6.02895e-67,9.99999e-01,1.54583e-26,4.69425e-38,9.99667e-01,4.09139e-05
6.183407888e+00,9.64218e-60,9.99999e-01,1.20427e-30,1.39984e-25,9.99673e-01,1.98524e-06
6.214324928e+00,8.11724e-56,9.99999e-01,1.42355e-32,2.08725e-17,9.99680e-01,3.91370e-08
6.245396552e+00,3.29995e-45,9.99999e-01,5.98898e-25,3.96234e-12,9.99686e-01,2.41389e-10
6.276623535e+00,1.41141e-46,9.99999e-01,1.14194e-22,1.25452e-12,9.99692e-01,3.36447e-13
6.308006653e+00,1.27390e-50,9.99999e-01,8.48074e-24,1.71670e-12,9.99698e-01,7.09728e-17
6.339546686e+00,9.43462e-77,9.99999e-01,8.27489e-32,2.66246e-26,9.99704e-01,1.42429e-21
6.371244419e+00,1.04353e-116,9.99999e-01,4.53694e-36,4.33739e-56,9.99710e-01,1.62153e-27
6.403100641e+00,6.83917e-137,9.99999e-01,2.29046e-26,5.31451e-79,9.99716e-01,2.10914e-34
6.435116145e+00,1.05264e-225,9.99999e-01,1.96703e-12,2.04954e-173,9.99721e-01,7.94554e-43
6.467291725e+00,1.05651e-236,9.99999e-01,1.06491e-06,1.99051e-174,9.99727e-01,3.56222e-58
6.499628184e+00,5.17354e-275,9.99999e-01,1.86855e-03,3.71993e-199,9.99732e-01,1.01217e-74
6.532126325e+00,6.56479e-269,9.99999e-01,2.38389e-02,8.11670e-176,9.99737e-01,1.66990e-92
6.564786956e+00,0.00000e+00,9.99999e-01,7.10596e-02,2.42311e-211,9.99742e-01,9.83046e-117
6.597610891e+00,0.00000e+00,9.99999e-01,1.13227e-01,4.48236e-285,9.99748e-01,1.44959e-142
6.630598946e+00,0.00000e+00,9.99999e-01,1.49569e-01,2.58533e-187,9.99753e-01,4.11111e-179
6.663751940e+00,0.00000e+00,9.99999e-01,1.48963e-01,2.05482e-174,9.99757e-01,9.03973e-218
6.697070700e+00,0.00000e+00,9.99999e-01,8.80826e-02,6.28179e-138,9.99762e-01,1.61396e-267
6.730556054e+00,0.00000e+00,9.99999e-01,3.35022e-02,1.77893e-94,9.99767e-01,1.23976e-319
6.764208834e+00,0.00000e+00,9.99999e-01,5.72482e-03,1.58761e-94,9.99771e-01,0.00000e+00
6.798029878e+00,0.00000e+00,9.99999e-01,4.37143e-04,6.80859e-116,9.99776e-01,0.00000e+00
6.832020027e+00,0.00000e+00,9.99999e-01,7.84276e-06,6.36697e-116,9.99780e-01,0.00000e+00
6.866180128e+00,0.00000e+00,9.99999e-01,1.44840e-08,3.08506e-133,9.99785e-01,0.00000e+00
6.900511028e+00,0.00000e+00,9.99999e-01,4.38659e-12,2.56796e-76,9.99789e-01,0.00000e+00
6.935013583e+00,0.00000e+00,9.99999e-01,1.09204e-19,3.30360e-76,9.99793e-01,0.00000e+00
6.969688651e+00,0.00000e+00,9.99999e-01,9.08149e-28,7.97994e-96,9.99797e-01,0.00000e+00
7.004537095e+00,0.00000e+00,9.99999e-01,1.16132e-43,1.75621e-94,9.99801e-01,0.00000e+00
7.039559780e+00,0.00000e+00,9.99999e-01,3.18426e-56,1.49491e-102,9.99805e-01,0.00000e+00
7.074757579e+00,0.00000e+00,9.99999e-01,3.27665e-77,1.32528e-80,9.99809e-01,0.00000e+00
7.110131367e+00,0.00000e+00,9.99999e-01,7.20982e-90,6.47509e-80,9.99813e-01,0.00000e+00
7.145682024e+00,0.00000e+00,9.99999e-01,2.69388e-107,1.42948e-89,9.99816e-01,0.00000e+00
7.181410434e+00,0.00000e+00,9.99999e-01,4.64597e-117,8.98476e-114,9.99820e-01,0.00000e+00
7.217317486e+00,0.00000e+00,9.99999e-01,6.60196e-123,4.51088e-84,9.99823e-01,0.00000e+00
7.253404073e+00,0.00000e+00,9.99999e-01,2.78134e-121,3.36498e-84,9.99827e-01,0.00000e+00
7.289671094e+00,0.00000e+00,9.99999e-01,2.96885e-96,8.81392e-74,9.99830e-01,0.00000e+00
7.326119449e+00,0.00000e+00,9.99999e-01,8.07057e-91,1.39961e-73,9.99834e-01,0.00000e+00
7.362750046e+00,0.00000e+00,9.99999e-01,8.63628e-99,8.71857e-54,9.99837e-01,0.00000e+00
7.399563797e+00,0.00000e+00,9.99999e-01,4.71103e-98,5.51049e-44,9.99840e-01,0.00000e+00
7.436561616e+00,0.00000e+00,9.99999e-01,9.74044e-82,5.51710e-48,9.99843e-01,0.00000e+00
7.473744424e+00,0.00000e+00,9.99999e-01,6.12368e-54,3.07857e-45,9.99846e-01,0.00000e+00
7.511113146e+00,0.00000e+00,9.99999e-01,5.23664e-38,4.66015e-39,9.99849e-01,0.00000e+00
7.548668712e+00,0.00000e+00,9.99999e-01,2.32581e-23,5.22007e-41,9.99852e-01,0.00000e+00
7.586412055e+00,0.00000e+00,9.99999e-01,1.67560e-19,1.79253e-73,9.99855e-01,0.00000e+00
7.624344115e+00,0.00000e+00,9.99999e-01,4.86917e-19,2.03725e-36,9.99858e-01,0.00000e+00
7.662465836e+00,0.00000e+00,9.99999e-01,6.68655e-22,1.44717e-22,9.99861e-01,0.00000e+00
7.700778165e+00,0.00000e+00,9.99999e-01,2.88380e-29,6.23914e-23,9.99864e-01,0.00000e+00
7.739282056e+00,0.00000e+00,9.99999e-01,4.38252e-48,4.39334e-37,9.99866e-01,0.00000e+00
7.777978466e+00,0.00000e+00,9.99999e-01,3.39915e-64,1.61633e-25,9.99869e-01,0.00000e+00
7.816868359e+00,0.00000e+00,9.99999e-01,1.51088e-86,5.28445e-21,9.99871e-01,0.00000e+00
7.855952700e+00,0.00000e+00,9.99999e-01,1.59041e-88,1.59750e-21,9.99874e-01,0.00000e+00
7.895232464e+00,0.00000e+00,9.99999e-01,1.70805e-74,2.08114e-21,9.99876e-01,0.00000e+00
7.934708626e+00,0.00000e+00,9.99999e-01,1.26298e-68,2.21789e-13,9.99879e-01,0.00000e+00
7.974382169e+00,0.00000e+00,9.99999e-01,1.73439e-75,6.22827e-10,9.99881e-01,0.00000e+00
8.014254080e+00,0.00000e+00,9.99999e-01,4.46367e-91,1.07732e-10,9.99884e-01,0.00000e+00
8.054325351e+00,0.00000e+00,9.99999e-01,3.64882e-93,3.93392e-10,9.99886e-01,0.00000e+00
8.094596977e+00,0.00000e+00,9.99999e-01,3.34524e-89,5.21184e-08,9.99888e-01,0.00000e+00
8.135069962e+00,0.00000e+00,9.99999e-01,9.04129e-81,6.62816e-08,9.99890e-01,0.00000e+00
8.175745312e+00,0.00000e+00,9.99999e-01,5.67960e-67,1.00165e-08,9.99892e-01,0.00000e+00
8.216624039e+00,0.00000e+00,9.99999e-01,6.19432e-58,1.17935e-06,9.99894e-01,4.22227e-307
8.257707159e+00,6.25842e-288,9.99999e-01,5.52239e-46,3.25566e-05,9.99897e-01,1.49294e-239
8.298995695e+00,2.28950e-227,9.99999e-01,1.28489e-41,4.31857e-04,9.99899e-01,2.19375e-183
8.340490673e+00,5.22525e-180,9.99999e-01,1.62719e-38,6.85610e-05,9.99901e-01,9.88196e-139
8.382193126e+00,1.74975e-142,9.99999e-01,8.15189e-36,1.32081e-03,9.99902e-01,8.27707e-105
8.424104092e+00,2.29851e-110,9.99999e-01,5.74573e-29,2.76664e-04,9.99904e-01,1.46991e-79
8.466224613e+00,2.19773e-85,9.99999e-01,9.98907e-23,8.93464e-04,9.99906e-01,1.38093e-60
8.508555736e+00,1.93103e-58,9.99999e-01,1.43774e-13,3.91346e-04,9.99908e-01,1.47804e-43
8.551098514e+00,1.42920e-42,9.99999e-01,7.22376e-10,1.36921e-02,9.99910e-01,7.31439e-32
8.593854007e+00,6.40695e-35,9.99999e-01,1.76675e-09,6.46730e-02,9.99912e-01,4.23363e-25
8.636823277e+00,4.62652e-31,9.99999e-01,4.81130e-11,8.24698e-02,9.99913e-01,9.55220e-20
8.680007393e+00,2.16276e-28,9.99999e-01,1.49404e-12,1.87319e-02,9.99915e-01,3.65229e-15
8.723407430e+00,1.17838e-25,9.99999e-01,2.04867e-13,4.08080e-02,9.99917e-01,1.21633e-11
8.767024467e+00,2.86417e-25,9.99999e-01,1.84284e-15,2.30592e-02,9.99918e-01,3.80220e-09
8.810859590e+00,4.91347e-57,9.99999e-01,1.04975e-49,3.33450e-02,9.99920e-01,3.19145e-07
8.854913888e+00,6.34024e-176,9.99999e-01,1.93423e-170,2.06491e-01,9.99922e-01,1.31124e-05
8.899188457e+00,0.00000e+00,9.99999e-01,0.00000e+00,1.61814e-01,9.99923e-01,1.77668e-04
8.943684399e+00,0.00000e+00,9.99999e-01,0.00000e+00,9.42320e-02,9.99925e-01,1.30244e-03
8.988402821e+00,0.00000e+00,9.99999e-01,0.00000e+00,7.98001e-02,9.99926e-01,6.11396e-03
9.033344836e+00,0.00000e+00,9.99999e-01,0.00000e+00,4.82858e-02,9.99927e-01,1.98693e-02
9.078511560e+00,0.00000e+00,9.99999e-01,0.00000e+00,9.93748e-02,9.99929e-01,4.95049e-02
9.123904118e+00,0.00000e+00,9.99999e-01,0.00000e+00,1.94049e-01,9.99930e-01,9.92960e-02
9.169523638e+00,0.00000e+00,9.99999e-01,0.00000e+00,1.39634e-01,9.99932e-01,1.70154e-01
9.215371256e+00,0.00000e+00,9.99999e-01,0.00000e+00,3.43027e-01,9.99933e-01,2.56434e-01
9.261448113e+00,0.00000e+00,9.99999e-01,0.00000e+00,3.10410e-01,9.99934e-01,3.52231e-01
9.307755353e+00,0.00000e+00,9.99999e-01,0.00000e+00,1.81018e-01,9.99936e-01,4.40244e-01
9.354294130e+00,0.00000e+00,9.99999e-01,0.00000e+00,1.29532e-01,9.99937e-01,5.32368e-01
9.401065601e+00,0.00000e+00,9.99999e-01,0.00000e+00,4.55333e-02,9.99938e-01,6.16680e-01
9.448070929e+00,0.00000e+00,9.99999e-01,0.00000e+00,8.98131e-02,9.99939e-01,6.83768e-01
9.495311283e+00,0.00000e+00,9.99999e-01,0.00000e+00,2.85575e-01,9.99940e-01,7.41625e-01
9.542787840e+00,0.00000e+00,9.99999e-01,0.00000e+00,3.94087e-01,9.99942e-01,7.94810e-01
9.590501779e+00,0.00000e+00,9.99999e-01,0.00000e+00,2.18343e-01,9.99943e-01,8.38541e-01
9.638454288e+00,0.00000e+00,9.99999e-01,0.00000e+00,2.26702e-01,9.99944e-01,8.70691e-01
9.686646559e+00,0.00000e+00,9.99999e-01,0.00000e+00,2.44760e-01,9.99945e-01,8.96840e-01
9.735079792e+00,0.00000e+00,9.99999e-01,0.00000e+00,3.56103e-01,9.99946e-01,9.17940e-01
9.783755191e+00,0.00000e+00,9.99999e-01,0.00000e+00,2.47406e-01,9.99947e-01,9.34876e-01
9.832673967e+00,0.00000e+00,9.99999e-01,0.00000e+00,5.82842e-02,9.99948e-01,9.48416e-01
9.881837337e+00,0.00000e+00,9.99999e-01,0.00000e+00,1.36397e-02,9.99949e-01,9.60099e-01
9.931246523e+00,0.00000e+00,9.99999e-01,0.00000e+00,1.57654e-01,9.99950e-01,9.69249e-01
9.980902756e+00,0.00000e+00,9.99999e-01,0.00000e+00,2.90211e-01,9.99951e-01,9.99919e-01
1.003080727e+01,0.00000e+00,9.99999e-01,0.00000e+00,2.92213e-01,9.99952e-01,9.99918e-01
1.008096131e+01,0.00000e+00,9.99999e-01,0.00000e+00,3.42633e-01,9.99953e-01,9.99917e-01
1.013136611e+01,0.00000e+00,9.99999e-01,0.00000e+00,4.42035e-01,9.99954e-01,9.99916e-01
1.018202294e+01,0.00000e+00,9.99999e-01,0.00000e+00,4.81632e-01,9.99955e-01,9.99915e-01
1.023293306e+01,0.00000e+00,9.99999e-01,0.00000e+00,2.76188e-01,9.99956e-01,9.99914e-01
1.028409772e+01,0.00000e+00,9.99999e-01,0.00000e+00,1.02100e-01,9.99956e-01,9.99913e-01
1.033551821e+01,0.00000e+00,9.99999e-01,0.00000e+00,8.15474e-02,9.99957e-01,9.99912e-01
1.038719580e+01,0.00000e+00,9.99999e-01,0.00000e+00,2.09646e-02,9.99958e-01,9.99911e-01
1.043913178e+01,0.00000e+00,9.99999e-01,0.00000e+00,2.44511e-02,9.99959e-01,9.99910e-01
1.049132744e+01,0.00000e+00,9.99999e-01,0.00000e+00,1.07277e-01,9.99960e-01,9.99909e-01
1.054378408e+01,0.00000e+00,9.99999e-01,0.00000e+00,1.77564e-01,9.99960e-01,9.99908e-01
1.059650300e+01,0.00000e+00,9.99999e-01,0.00000e+00,1.62505e-01,9.99961e-01,9.99906e-01
1.064948551e+01,0.00000e+00,9.99999e-01,0.00000e+00,1.33634e-01,9.99962e-01,9.99905e-01
1.070273294e+01,0.00000e+00,9.99999e-01,0.00000e+00,5.87368e-02,9.99963e-01,9.99903e-01
1.075624661e+01,0.00000e+00,9.99999e-01,0.00000e+00,6.87692e-02,9.99963e-01,9.99901e-01
1.081002784e+01,0.00000e+00,9.99999e-01,0.00000e+00,7.32026e-02,9.99964e-01,9.99899e-01
1.086407798e+01,0.00000e+00,9.99999e-01,0.00000e+00,1.33004e-02,9.99965e-01,9.99898e-01
1.091839837e+01,0.00000e+00,9.99999e-01,0.00000e+00,2.31142e-03,9.99965e-01,9.99896e-01
1.097299036e+01,0.00000e+00,9.99999e-01,0.00000e+00,7.22734e-05,9.99966e-01,9.99894e-01
1.102785531e+01,0.00000e+00,9.99999e-01,0.00000e+00,2.62635e-05,9.99967e-01,9.99893e-01
1.108299459e+01,0.00000e+00,9.99999e-01,0.00000e+00,6.79585e-03,9.99967e-01,9.99892e-01
1.113840956e+01,0.00000e+00,9.99999e-01,0.00000e+00,5.58322e-02,9.99968e-01,9.99890e-01
1.119410161e+01,0.00000e+00,9.99999e-01,0.00000e+00,1.01852e-01,9.99969e-01,9.99889e-01
1.125007212e+01,0.00000e+00,9.99999e-01,0.00000e+00,4.45490e-02,9.99969e-01,9.99887e-01
1.130632248e+01,0.00000e+00,9.99999e-01,0.00000e+00,3.22582e-02,9.99970e-01,9.99886e-01
1.136285409e+01,0.00000e+00,9.99999e-01,0.00000e+00,7.38876e-02,9.99970e-01,9.99884e-01
1.141966836e+01,0.00000e+00,9.99999e-01,0.00000e+00,9.22983e-02,9.99971e-01,9.99883e-01
1.147676670e+01,0.00000e+00,9.99999e-01,0.00000e+00,5.48772e-02,9.99972e-01,9.99881e-01
1.153415054e+01,0.00000e+00,9.99999e-01,0.00000e+00,8.17417e-03,9.99972e-01,9.99879e-01
1.159182129e+01,0.00000e+00,9.99999e-01,0.00000e+00,1.66326e-03,9.99973e-01,9.99878e-01
1.164978039e+01,0.00000e+00,9.99999e-01,0.00000e+00,5.36068e-05,9.99973e-01,9.99876e-01
1.170802930e+01,0.00000e+00,9.99999e-01,0.00000e+00,4.19768e-06,9.99974e-01,9.99874e-01
1.176656944e+01,0.00000e+00,9.99999e-01,0.00000e+00,5.03063e-04,9.99974e-01,9.99872e-01
1.182540229e+01,0.00000e+00,9.99999e-01,0.00000e+00,6.43872e-03,9.99975e-01,9.99871e-01
1.188452930e+01,0.00000e+00,9.99999e-01,0.00000e+00,6.61629e-03,9.99975e-01,9.99869e-01
1.194395195e+01,0.00000e+00,9.99999e-01,0.00000e+00,1.26953e-02,9.99976e-01,9.99867e-01
1.200367171e+01,0.00000e+00,9.99999e-01,0.00000e+00,3.17935e-02,9.99976e-01,9.99864e-01
1.206369007e+01,0.00000e+00,9.99999e-01,0.00000e+00,8.91079e-03,9.99977e-01,9.99862e-01
1.212400852e+01,0.00000e+00,9.99999e-01,0.00000e+00,2.95789e-02,9.99977e-01,9.99860e-01
1.218462856e+01,0.00000e+00,9.99999e-01,0.00000e+00,2.74043e-02,9.99977e-01,9.99857e-01
1.224555170e+01,0.00000e+00,9.99999e-01,0.00000e+00,1.23793e-03,9.99978e-01,9.99855e-01
1.230677946e+01,0.00000e+00,9.99999e-01,0.00000e+00,1.35202e-04,9.99978e-01,9.99852e-01
1.236831336e+01,0.00000e+00,9.99999e-01,0.00000e+00,4.30279e-06,9.99979e-01,9.99849e-01
1.243015492e+01,0.00000e+00,9.99999e-01,0.00000e+00,6.38528e-09,9.99979e-01,9.99846e-01
1.249230570e+01,0.00000e+00,9.99999e-01,0.00000e+00,1.72248e-08,9.99979e-01,9.99842e-01
1.255476723e+01,0.00000e+00,9.99999e-01,0.00000e+00,1.90238e-07,9.99980e-01,9.99839e-01
1.261754106e+01,0.00000e+00,9.99999e-01,0.00000e+00,2.98449e-04,9.99980e-01,9.99835e-01
1.268062877e+01,0.00000e+00,9.99999e-01,0.00000e+00,2.25930e-03,9.99981e-01,9.99832e-01
1.274403191e+01,0.00000e+00,9.99999e-01,0.00000e+00,1.20685e-03,9.99981e-01,9.99827e-01
1.280775207e+01,0.00000e+00,9.99999e-01,0.00000e+00,4.64406e-03,9.99981e-01,9.99823e-01
1.287179083e+01,0.00000e+00,9.99999e-01,0.00000e+00,8.78675e-04,9.99982e-01,9.99819e-01
1.293614979e+01,0.00000e+00,9.99999e-01,0.00000e+00,1.81116e-03,9.99982e-01,9.99815e-01
1.300083054e+01,0.00000e+00,9.99999e-01,0.00000e+00,5.33203e-05,9.99982e-01,9.99810e-01
1.306583469e+01,0.00000e+00,9.99999e-01,0.00000e+00,3.20733e-05,9.99983e-01,9.99805e-01
1.313116386e+01,0.00000e+00,9.99999e-01,0.00000e+00,1.60401e-05,9.99983e-01,9.99800e-01
1.319681968e+01,0.00000e+00,9.99999e-01,0.00000e+00,6.22481e-06,9.99983e-01,9.99795e-01
1.326280378e+01,0.00000e+00,9.99999e-01,0.00000e+00,4.43367e-09,9.99984e-01,9.99790e-01
1.332911780e+01,0.00000e+00,9.99999e-01,0.00000e+00,3.74432e-09,9.99984e-01,9.99784e-01
1.339576339e+01,0.00000e+00,9.99999e-01,0.00000e+00,8.39150e-10,9.99984e-01,9.91383e-01
1.346274221e+01,0.00000e+00,9.99999e-01,0.00000e+00,3.85314e-14,9.99984e-01,9.90516e-01
1.353005592e+01,0.00000e+00,9.99999e-01,0.00000e+00,1.12643e-07,9.99985e-01,9.89562e-01
1.359770620e+01,0.00000e+00,9.99999e-01,0.00000e+00,5.29429e-07,9.99985e-01,9.88649e-01
1.366569473e+01,0.00000e+00,9.99999e-01,0.00000e+00,3.97525e-07,9.99985e-01,9.87653e-01
1.373402320e+01,0.00000e+00,9.99999e-01,0.00000e+00,2.66433e-05,9.99986e-01,9.86408e-01
1.380269332e+01,0.00000e+00,9.99999e-01,0.00000e+00,6.69404e-05,9.99986e-01,9.85219e-01
1.387170678e+01,0.00000e+00,9.99999e-01,0.00000e+00,2.56482e-06,9.99986e-01,9.83921e-01
1.394106532e+01,0.00000e+00,9.99999e-01,0.00000e+00,3.51182e-07,9.99986e-01,9.82514e-01
1.401077064e+01,0.00000e+00,9.99999e-01,0.00000e+00,1.45478e-08,9.99987e-01,9.80978e-01
1.408082450e+01,0.00000e+00,9.99999e-01,0.00000e+00,1.52862e-08,9.99987e-01,9.79315e-01
1.415122862e+01,0.00000e+00,9.99999e-01,0.00000e+00,4.35299e-12,9.99987e-01,9.77500e-01
1.422198476e+01,0.00000e+00,9.99999e-01,0.00000e+00,6.01146e-16,9.99987e-01,9.75539e-01
1.429309469e+01,0.00000e+00,9.99999e-01,0.00000e+00,2.99800e-15,9.99988e-01,9.73395e-01
1.436456016e+01,0.00000e+00,9.99999e-01,0.00000e+00,6.09729e-19,9.99988e-01,9.71075e-01
1.443638296e+01,0.00000e+00,9.99999e-01,0.00000e+00,1.43522e-21,9.99988e-01,9.68547e-01
1.450856487e+01,0.00000e+00,9.99999e-01,0.00000e+00,4.26274e-15,9.99988e-01,9.65807e-01
1.458110770e+01,0.00000e+00,9.99999e-01,0.00000e+00,7.24045e-11,9.99988e-01,9.62826e-01
1.465401324e+01,0.00000e+00,9.99999e-01,0.00000e+00,9.76438e-10,9.99989e-01,9.59601e-01
1.472728330e+01,0.00000e+00,9.99999e-01,0.00000e+00,1.17910e-09,9.99989e-01,9.56609e-01
1.480091972e+01,0.00000e+00,9.99999e-01,0.00000e+00,3.87380e-11,9.99989e-01,9.52844e-01
1.487492432e+01,0.00000e+00,9.99999e-01,0.00000e+00,3.46369e-18,9.99989e-01,9.48773e-01
1.494929894e+01,0.00000e+00,9.99999e-01,0.00000e+00,1.25212e-14,9.99989e-01,9.44348e-01
1.502404544e+01,0.00000e+00,9.99999e-01,0.00000e+00,4.73800e-12,9.99990e-01,9.39573e-01
1.509916566e+01,0.00000e+00,9.99999e-01,0.00000e+00,1.48880e-11,9.99990e-01,9.35146e-01
1.517466149e+01,0.00000e+00,9.99999e-01,0.00000e+00,8.27168e-13,9.99990e-01,9.30416e-01
1.525053480e+01,0.00000e+00,9.99999e-01,0.00000e+00,2.01108e-11,9.99990e-01,9.24458e-01
1.532678747e+01,0.00000e+00,9.99999e-01,0.00000e+00,1.01871e-13,9.99990e-01,9.18050e-01
1.540342141e+01,0.00000e+00,9.99999e-01,0.00000e+00,6.54526e-17,9.99991e-01,9.12127e-01
1.548043852e+01,0.00000e+00,9.99999e-01,0.00000e+00,8.30277e-19,9.99991e-01,9.05798e-01
1.555784071e+01,0.00000e+00,9.99999e-01,0.00000e+00,8.53360e-24,9.99991e-01,8.97861e-01
1.563562991e+01,0.00000e+00,9.99999e-01,0.00000e+00,9.84484e-35,9.99991e-01,8.89331e-01
1.571380806e+01,0.00000e+00,9.99999e-01,0.00000e+00,2.47796e-35,9.99991e-01,8.81481e-01
1.579237710e+01,0.00000e+00,9.99999e-01,0.00000e+00,7.89383e-26,9.99991e-01,8.73101e-01
1.587133899e+01,0.00000e+00,9.99999e-01,0.00000e+00,3.56930e-22,9.99991e-01,8.64185e-01
1.595069568e+01,0.00000e+00,9.99999e-01,0.00000e+00,1.64837e-24,9.99992e-01,8.54700e-01
1.603044916e+01,0.00000e+00,9.99999e-01,0.00000e+00,3.29088e-33,9.99992e-01,8.42851e-01
1.611060141e+01,0.00000e+00,9.99999e-01,0.00000e+00,2.71952e-32,9.99992e-01,8.30188e-01
1.619115441e+01,0.00000e+00,9.99999e-01,0.00000e+00,3.72908e-31,9.99992e-01,8.18583e-01
1.627211019e+01,0.00000e+00,9.99999e-01,0.00000e+00,4.74695e-35,9.99992e-01,8.06293e-01
1.635347074e+01,0.00000e+00,9.99999e-01,0.00000e+00,5.36900e-32,9.99992e-01,7.93282e-01
1.643523809e+01,0.00000e+00,9.99999e-01,0.00000e+00,1.30331e-32,9.99992e-01,7.79519e-01
1.651741428e+01,0.00000e+00,9.99999e-01,0.00000e+00,7.01472e-35,9.99993e-01,7.64974e-01
1.660000135e+01,0.00000e+00,9.99999e-01,0.00000e+00,8.16794e-44,9.99993e-01,7.49705e-01
1.668300136e+01,0.00000e+00,9.99999e-01,0.00000e+00,6.73618e-45,9.99993e-01,7.33551e-01
1.676641637e+01,0.00000e+00,9.99999e-01,0.00000e+00,1.32413e-39,9.99993e-01,7.16587e-01
1.685024845e+01,0.00000e+00,9.99999e-01,0.00000e+00,6.88521e-41,9.99993e-01,6.98773e-01
1.693449969e+01,0.00000e+00,9.99999e-01,0.00000e+00,1.69813e-50,9.99993e-01,6.80129e-01
1.701917219e+01,0.00000e+00,9.99999e-01,0.00000e+00,3.30843e-54,9.99993e-01,6.60633e-01
1.710426805e+01,0.00000e+00,9.99999e-01,0.00000e+00,2.05823e-69,9.99993e-01,6.40300e-01
1.718978939e+01,0.00000e+00,9.99999e-01,0.00000e+00,1.08026e-75,9.99994e-01,6.22733e-01
1.727573834e+01,0.00000e+00,9.99999e-01,0.00000e+00,1.82672e-77,9.99994e-01,6.04568e-01
1.736211703e+01,0.00000e+00,9.99999e-01,0.00000e+00,5.76959e-83,9.99994e-01,5.82088e-01
1.744892761e+01,0.00000e+00,9.99999e-01,0.00000e+00,2.25458e-71,9.99994e-01,5.58797e-01
1.753617225e+01,0.00000e+00,9.99999e-01,0.00000e+00,3.24433e-57,9.99994e-01,5.34831e-01
1.762385311e+01,0.00000e+00,9.99999e-01,0.00000e+00,4.53255e-56,9.99994e-01,5.10219e-01
1.771197238e+01,0.00000e+00,9.99999e-01,0.00000e+00,6.36282e-60,9.99994e-01,4.85009e-01
1.780053224e+01,0.00000e+00,9.99999e-01,0.00000e+00,7.32801e-65,9.99994e-01,4.63643e-01
1.788953490e+01,0.00000e+00,9.99999e-01,0.00000e+00,2.60633e-70,9.99994e-01,4.41948e-01
1.797898258e+01,0.00000e+00,9.99999e-01,0.00000e+00,3.55930e-80,9.99994e-01,4.15596e-01
1.806887749e+01,0.00000e+00,9.99999e-01,0.00000e+00,5.62619e-82,9.99995e-01,3.89032e-01
1.815922188e+01,0.00000e+00,9.99999e-01,0.00000e+00,5.06353e-109,9.99995e-01,3.66841e-01
1.825001799e+01,0.00000e+00,9.99999e-01,0.00000e+00,9.66371e-82,9.99995e-01,3.44616e-01
1.834126808e+01,0.00000e+00,9.99999e-01,0.00000e+00,7.51644e-79,9.99995e-01,3.18106e-01
1.843297442e+01,0.00000e+00,9.99999e-01,0.00000e+00,1.44087e-79,9.99995e-01,2.91897e-01
1.852513929e+01,0.00000e+00,9.99999e-01,0.00000e+00,1.54165e-106,9.99995e-01,2.70419e-01
1.861776499e+01,0.00000e+00,9.99999e-01,0.00000e+00,4.79557e-129,9.99995e-01,2.49262e-01
1.871085381e+01,0.00000e+00,9.99999e-01,0.00000e+00,1.88496e-101,9.99995e-01,2.24584e-01
1.880440808e+01,0.00000e+00,9.99999e-01,0.00000e+00,3.53341e-86,9.99995e-01,2.04718e-01
1.889843012e+01,0.00000e+00,9.99999e-01,0.00000e+00,3.45558e-88,9.99995e-01,1.85478e-01
1.899292227e+01,0.00000e+00,9.99999e-01,0.00000e+00,1.74408e-119,9.99995e-01,1.63486e-01
1.908788688e+01,0.00000e+00,9.99999e-01,0.00000e+00,4.61337e-116,9.99995e-01,1.46144e-01
1.918332632e+01,0.00000e+00,9.99999e-01,0.00000e+00,9.40939e-117,9.99995e-01,1.29674e-01
1.927924295e+01,0.00000e+00,9.99999e-01,0.00000e+00,2.01934e-181,9.99996e-01,1.14282e-01
1.937563916e+01,0.00000e+00,9.99999e-01,0.00000e+00,9.36394e-224,9.99996e-01,9.98680e-02
1.947251736e+01,0.00000e+00,9.99999e-01,0.00000e+00,4.57511e-228,9.99996e-01,8.66105e-02
1.956987994e+01,0.00000e+00,9.99999e-01,0.00000e+00,2.48125e-218,9.99996e-01,7.44220e-02
1.966772934e+01,0.00000e+00,9.99999e-01,0.00000e+00,1.59606e-179,9.99996e-01,6.12740e-02
1.976606799e+01,0.00000e+00,9.99999e-01,0.00000e+00,3.68097e-176,9.99996e-01,5.15716e-02
1.986489833e+01,0.00000e+00,9.99999e-01,0.00000e+00,1.79326e-187,9.99996e-01,4.29220e-02
1.996422282e+01,0.00000e+00,9.99999e-01,0.00000e+00,3.39450e-175,9.99996e-01,3.53649e-02
