#,Wave/freq,Total,H2O,Rayleigh,CIA
4.000000000e-01,9.99684e-01,9.99961e-01,9.99722e-01,9.99999e-01
4.020000000e-01,9.99709e-01,9.99981e-01,9.99727e-01,9.99999e-01
4.040100000e-01,9.99726e-01,9.99993e-01,9.99732e-01,9.99999e-01
4.060300500e-01,9.99737e-01,9.99998e-01,9.99738e-01,9.99999e-01
4.080602003e-01,9.99743e-01,9.99999e-01,9.99743e-01,9.99999e-01
4.101005013e-01,9.99747e-01,9.99998e-01,9.99748e-01,9.99999e-01
4.121510038e-01,9.99748e-01,9.99994e-01,9.99753e-01,9.99999e-01
4.142117588e-01,9.99719e-01,9.99960e-01,9.99758e-01,9.99999e-01
4.162828176e-01,9.99725e-01,9.99961e-01,9.99763e-01,9.99999e-01
4.183642317e-01,9.99739e-01,9.99970e-01,9.99767e-01,9.99999e-01
4.204560528e-01,9.99759e-01,9.99987e-01,9.99772e-01,9.99999e-01
4.225583331e-01,9.99772e-01,9.99995e-01,9.99776e-01,9.99999e-01
4.246711247e-01,9.99768e-01,9.99986e-01,9.99781e-01,9.99999e-01
4.267944804e-01,9.99778e-01,9.99993e-01,9.99785e-01,9.99999e-01
4.289284528e-01,9.99785e-01,9.99995e-01,9.99789e-01,9.99999e-01
4.310730950e-01,9.99792e-01,9.99997e-01,9.99793e-01,9.99999e-01
4.332284605e-01,9.99797e-01,9.99999e-01,9.99797e-01,9.99999e-01
4.353946028e-01,9.99800e-01,9.99998e-01,9.99801e-01,9.99999e-01
4.375715758e-01,9.99771e-01,9.99965e-01,9.99805e-01,9.99999e-01
4.397594337e-01,9.99687e-01,9.99877e-01,9.99809e-01,9.99999e-01
4.419582309e-01,9.99537e-01,9.99723e-01,9.99813e-01,9.99999e-01
4.441680220e-01,9.99596e-01,9.99778e-01,9.99817e-01,9.99999e-01
4.463888621e-01,9.99651e-01,9.99830e-01,9.99820e-01,9.99999e-01
4.486208064e-01,9.99734e-01,9.99910e-01,9.99824e-01,9.99999e-01
4.508639105e-01,9.99790e-01,9.99962e-01,9.99827e-01,9.99999e-01
4.531182300e-01,9.99813e-01,9.99982e-01,9.99831e-01,9.99999e-01
4.553838212e-01,9.99823e-01,9.99988e-01,9.99834e-01,9.99999e-01
4.576607403e-01,9.99830e-01,9.99992e-01,9.99837e-01,9.99999e-01
4.599490440e-01,9.99839e-01,9.99997e-01,9.99840e-01,9.99999e-01
4.622487892e-01,9.99842e-01,9.99997e-01,9.99843e-01,9.99999e-01
4.645600332e-01,9.99801e-01,9.99954e-01,9.99847e-01,9.99999e-01
4.668828333e-01,9.99756e-01,9.99905e-01,9.99850e-01,9.99999e-01
4.692172475e-01,9.99756e-01,9.99903e-01,9.99852e-01,9.99999e-01
4.715633337e-01,9.99759e-01,9.99902e-01,9.99855e-01,9.99999e-01
4.739211504e-01,9.99801e-01,9.99942e-01,9.99858e-01,9.99999e-01
4.762907561e-01,9.99836e-01,9.99974e-01,9.99861e-01,9.99999e-01
4.786722099e-01,9.99856e-01,9.99991e-01,9.99864e-01,9.99999e-01
4.810655710e-01,9.99854e-01,9.99987e-01,9.99866e-01,9.99999e-01
4.834708988e-01,9.99750e-01,9.99880e-01,9.99869e-01,9.99999e-01
4.858882533e-01,9.99791e-01,9.99919e-01,9.99872e-01,9.99999e-01
4.883176946e-01,9.99794e-01,9.99919e-01,9.99874e-01,9.99999e-01
4.907592831e-01,9.99815e-01,9.99937e-01,9.99877e-01,9.99999e-01
4.932130795e-01,9.99845e-01,9.99965e-01,9.99879e-01,9.99999e-01
4.956791449e-01,9.99821e-01,9.99939e-01,9.99881e-01,9.99999e-01
4.981575406e-01,9.99718e-01,9.99833e-01,9.99884e-01,9.99999e-01
5.006483283e-01,9.98933e-01,9.99046e-01,9.99886e-01,9.99999e-01
5.031515699e-01,9.98701e-01,9.98812e-01,9.99888e-01,9.99999e-01
5.056673278e-01,9.98737e-01,9.98845e-01,9.99890e-01,9.99999e-01
5.081956644e-01,9.98992e-01,9.99098e-01,9.99893e-01,9.99999e-01
5.107366428e-01,9.99279e-01,9.99384e-01,9.99895e-01,9.99999e-01
5.132903260e-01,9.99627e-01,9.99730e-01,9.99897e-01,9.99999e-01
5.158567776e-01,9.99788e-01,9.99888e-01,9.99899e-01,9.99999e-01
5.184360615e-01,9.99862e-01,9.99961e-01,9.99901e-01,9.99999e-01
5.210282418e-01,9.99841e-01,9.99937e-01,9.99903e-01,9.99999e-01
5.236333830e-01,9.99844e-01,9.99938e-01,9.99905e-01,9.99999e-01
5.262515499e-01,9.99839e-01,9.99931e-01,9.99906e-01,9.99999e-01
5.288828077e-01,9.99840e-01,9.99930e-01,9.99908e-01,9.99999e-01
5.315272217e-01,9.99872e-01,9.99961e-01,9.99910e-01,9.99999e-01
5.341848578e-01,9.99830e-01,9.99917e-01,9.99912e-01,9.99999e-01
5.368557821e-01,9.99677e-01,9.99762e-01,9.99914e-01,9.99999e-01
5.395400610e-01,9.99180e-01,9.99263e-01,9.99915e-01,9.99999e-01
5.422377613e-01,9.99351e-01,9.99433e-01,9.99917e-01,9.99999e-01
5.449489501e-01,9.99264e-01,9.99344e-01,9.99918e-01,9.99999e-01
5.476736949e-01,9.99484e-01,9.99563e-01,9.99920e-01,9.99999e-01
5.504120634e-01,9.99674e-01,9.99751e-01,9.99922e-01,9.99999e-01
5.531641237e-01,9.99795e-01,9.99871e-01,9.99923e-01,9.99999e-01
5.559299443e-01,9.99865e-01,9.99939e-01,9.99925e-01,9.99999e-01
5.587095940e-01,9.99864e-01,9.99937e-01,9.99926e-01,9.99999e-01
5.615031420e-01,9.99866e-01,9.99938e-01,9.99928e-01,9.99999e-01
5.643106577e-01,9.99676e-01,9.99746e-01,9.99929e-01,9.99999e-01
5.671322110e-01,9.98312e-01,9.98381e-01,9.99930e-01,9.99999e-01
5.699678720e-01,9.99164e-01,9.99231e-01,9.99932e-01,9.99999e-01
5.728177114e-01,9.99004e-01,9.99070e-01,9.99933e-01,9.99999e-01
5.756818000e-01,9.98990e-01,9.99054e-01,9.99934e-01,9.99999e-01
5.785602090e-01,9.99140e-01,9.99203e-01,9.99936e-01,9.99999e-01
5.814530100e-01,9.99164e-01,9.99226e-01,9.99937e-01,9.99999e-01
5.843602750e-01,9.97145e-01,9.97206e-01,9.99938e-01,9.99999e-01
5.872820764e-01,9.89226e-01,9.89285e-01,9.99939e-01,9.99999e-01
5.902184868e-01,9.93644e-01,9.93702e-01,9.99940e-01,9.99999e-01
5.931695792e-01,9.92020e-01,9.92077e-01,9.99942e-01,9.99999e-01
5.961354271e-01,9.93656e-01,9.93712e-01,9.99943e-01,9.99999e-01
5.991161043e-01,9.95826e-01,9.95881e-01,9.99944e-01,9.99999e-01
6.021116848e-01,9.97919e-01,9.97973e-01,9.99945e-01,9.99999e-01
6.051222432e-01,9.98958e-01,9.99010e-01,9.99946e-01,9.99999e-01
6.081478544e-01,9.99539e-01,9.99591e-01,9.99947e-01,9.99999e-01
6.111885937e-01,9.99776e-01,9.99826e-01,9.99948e-01,9.99999e-01
6.142445367e-01,9.99864e-01,9.99913e-01,9.99949e-01,9.99999e-01
6.173157594e-01,9.99898e-01,9.99947e-01,9.99950e-01,9.99999e-01
6.204023382e-01,9.99849e-01,9.99897e-01,9.99951e-01,9.99999e-01
6.235043498e-01,9.99104e-01,9.99151e-01,9.99952e-01,9.99999e-01
6.266218716e-01,9.99020e-01,9.99066e-01,9.99953e-01,9.99999e-01
6.297549810e-01,9.99024e-01,9.99069e-01,9.99954e-01,9.99999e-01
6.329037559e-01,9.99154e-01,9.99198e-01,9.99955e-01,9.99999e-01
6.360682746e-01,9.98897e-01,9.98940e-01,9.99956e-01,9.99999e-01
6.392486160e-01,9.98844e-01,9.98886e-01,9.99956e-01,9.99999e-01
6.424448591e-01,9.96439e-01,9.96481e-01,9.99957e-01,9.99999e-01
6.456570834e-01,9.91393e-01,9.91433e-01,9.99958e-01,9.99999e-01
6.488853688e-01,9.94302e-01,9.94342e-01,9.99959e-01,9.99999e-01
6.521297956e-01,9.95464e-01,9.95503e-01,9.99960e-01,9.99999e-01
6.553904446e-01,9.94547e-01,9.94585e-01,9.99961e-01,9.99999e-01
6.586673968e-01,9.96744e-01,9.96782e-01,9.99961e-01,9.99999e-01
6.619607338e-01,9.98100e-01,9.98137e-01,9.99962e-01,9.99999e-01
6.652705375e-01,9.98996e-01,9.99032e-01,9.99963e-01,9.99999e-01
6.685968902e-01,9.99547e-01,9.99583e-01,9.99963e-01,9.99999e-01
6.719398746e-01,9.99752e-01,9.99787e-01,9.99964e-01,9.99999e-01
6.752995740e-01,9.99772e-01,9.99807e-01,9.99965e-01,9.99999e-01
6.786760719e-01,9.99617e-01,9.99651e-01,9.99966e-01,9.99999e-01
6.820694522e-01,9.99474e-01,9.99507e-01,9.99966e-01,9.99999e-01
6.854797995e-01,9.99339e-01,9.99371e-01,9.99967e-01,9.99999e-01
6.889071985e-01,9.88934e-01,9.88965e-01,9.99967e-01,9.99999e-01
6.923517345e-01,9.80603e-01,9.80633e-01,9.99968e-01,9.99999e-01
6.958134932e-01,9.92462e-01,9.92492e-01,9.99969e-01,9.99999e-01
6.992925606e-01,9.86698e-01,9.86728e-01,9.99969e-01,9.99999e-01
7.027890234e-01,9.88048e-01,9.88077e-01,9.99970e-01,9.99999e-01
7.063029686e-01,9.89298e-01,9.89326e-01,9.99970e-01,9.99999e-01
7.098344834e-01,9.88566e-01,9.88594e-01,9.99971e-01,9.99999e-01
7.133836558e-01,9.44819e-01,9.44846e-01,9.99972e-01,9.99998e-01
7.169505741e-01,9.11426e-01,9.11452e-01,9.99972e-01,9.99998e-01
7.205353270e-01,9.51138e-01,9.51165e-01,9.99973e-01,9.99997e-01
7.241380036e-01,9.33537e-01,9.33563e-01,9.99973e-01,9.99998e-01
7.277586936e-01,9.25622e-01,9.25646e-01,9.99974e-01,9.99998e-01
7.313974871e-01,9.59169e-01,9.59193e-01,9.99974e-01,9.99998e-01
7.350544745e-01,9.68116e-01,9.68140e-01,9.99975e-01,9.99999e-01
7.387297469e-01,9.82255e-01,9.82278e-01,9.99975e-01,9.99999e-01
7.424233956e-01,9.89834e-01,9.89857e-01,9.99976e-01,9.99999e-01
7.461355126e-01,9.94958e-01,9.94981e-01,9.99976e-01,9.99999e-01
7.498661902e-01,9.97434e-01,9.97457e-01,9.99977e-01,9.99999e-01
7.536155211e-01,9.98763e-01,9.98785e-01,9.99977e-01,9.99999e-01
7.573835987e-01,9.99230e-01,9.99252e-01,9.99977e-01,9.99999e-01
7.611705167e-01,9.99558e-01,9.99579e-01,9.99978e-01,9.99999e-01
7.649763693e-01,9.99680e-01,9.99701e-01,9.99978e-01,9.99999e-01
7.688012511e-01,9.99757e-01,9.99777e-01,9.99979e-01,9.99999e-01
7.726452574e-01,9.99754e-01,9.99773e-01,9.99979e-01,9.99999e-01
7.765084837e-01,9.99229e-01,9.99248e-01,9.99979e-01,9.99999e-01
7.803910261e-01,9.97447e-01,9.97466e-01,9.99980e-01,9.99999e-01
7.842929812e-01,9.91437e-01,9.91456e-01,9.99980e-01,9.99999e-01
7.882144461e-01,9.92727e-01,9.92746e-01,9.99981e-01,9.99999e-01
7.921555184e-01,9.94678e-01,9.94696e-01,9.99981e-01,9.99999e-01
7.961162960e-01,9.89636e-01,9.89654e-01,9.99981e-01,9.99999e-01
8.000968774e-01,9.89294e-01,9.89312e-01,9.99982e-01,9.99999e-01
8.040973618e-01,9.85896e-01,9.85913e-01,9.99982e-01,9.99999e-01
8.081178486e-01,9.42161e-01,9.42177e-01,9.99982e-01,9.99998e-01
8.121584379e-01,8.80917e-01,8.80933e-01,9.99983e-01,9.99998e-01
8.162192301e-01,9.34914e-01,9.34931e-01,9.99983e-01,9.99997e-01
8.203003262e-01,8.88245e-01,8.88260e-01,9.99983e-01,9.99997e-01
8.244018279e-01,9.45634e-01,9.45649e-01,9.99984e-01,9.99998e-01
8.285238370e-01,9.30320e-01,9.30335e-01,9.99984e-01,9.99998e-01
8.326664562e-01,9.41200e-01,9.41215e-01,9.99984e-01,9.99998e-01
8.368297885e-01,9.63815e-01,9.63829e-01,9.99985e-01,9.99999e-01
8.410139374e-01,9.81373e-01,9.81387e-01,9.99985e-01,9.99999e-01
8.452190071e-01,9.90002e-01,9.90016e-01,9.99985e-01,9.99999e-01
8.494451021e-01,9.94113e-01,9.94126e-01,9.99985e-01,9.99999e-01
8.536923276e-01,9.96150e-01,9.96164e-01,9.99986e-01,9.99999e-01
8.579607893e-01,9.97521e-01,9.97534e-01,9.99986e-01,9.99999e-01
8.622505932e-01,9.98508e-01,9.98521e-01,9.99986e-01,9.99999e-01
8.665618462e-01,9.98710e-01,9.98723e-01,9.99986e-01,9.99999e-01
8.708946554e-01,9.98333e-01,9.98346e-01,9.99987e-01,9.99999e-01
8.752491287e-01,9.97649e-01,9.97661e-01,9.99987e-01,9.99999e-01
8.796253743e-01,9.96986e-01,9.96998e-01,9.99987e-01,9.99999e-01
8.840235012e-01,9.94628e-01,9.94640e-01,9.99987e-01,9.99999e-01
8.884436187e-01,9.51721e-01,9.51733e-01,9.99988e-01,9.99998e-01
8.928858368e-01,8.25903e-01,8.25914e-01,9.99988e-01,9.99997e-01
8.973502660e-01,8.60195e-01,8.60207e-01,9.99988e-01,9.99996e-01
9.018370173e-01,9.45403e-01,9.45416e-01,9.99988e-01,9.99996e-01
9.063462024e-01,8.79156e-01,8.79169e-01,9.99988e-01,9.99995e-01
9.108779334e-01,8.56709e-01,8.56721e-01,9.99989e-01,9.99995e-01
9.154323231e-01,8.60370e-01,8.60383e-01,9.99989e-01,9.99995e-01
9.200094847e-01,8.80136e-01,8.80150e-01,9.99989e-01,9.99992e-01
9.246095321e-01,5.27768e-01,5.27781e-01,9.99989e-01,9.99985e-01
9.292325798e-01,1.88353e-01,1.88360e-01,9.99989e-01,9.99976e-01
9.338787427e-01,3.68164e-01,3.68177e-01,9.99990e-01,9.99974e-01
9.385481364e-01,5.33711e-01,5.33730e-01,9.99990e-01,9.99972e-01
9.432408771e-01,3.39560e-01,3.39573e-01,9.99990e-01,9.99972e-01
9.479570815e-01,3.28723e-01,3.28732e-01,9.99990e-01,9.99978e-01
9.526968669e-01,3.81326e-01,3.81335e-01,9.99990e-01,9.99983e-01
9.574603512e-01,4.30027e-01,4.30036e-01,9.99991e-01,9.99988e-01
9.622476530e-01,6.03390e-01,6.03399e-01,9.99991e-01,9.99992e-01
9.670588912e-01,7.64092e-01,7.64102e-01,9.99991e-01,9.99995e-01
9.718941857e-01,7.72459e-01,7.72467e-01,9.99991e-01,9.99996e-01
9.767536566e-01,8.33387e-01,8.33395e-01,9.99991e-01,9.99997e-01
9.816374249e-01,8.76344e-01,8.76351e-01,9.99991e-01,9.99998e-01
9.865456120e-01,9.29743e-01,9.29750e-01,9.99992e-01,9.99999e-01
9.914783401e-01,9.54632e-01,9.54639e-01,9.99992e-01,9.99999e-01
9.964357318e-01,9.75900e-01,9.75907e-01,9.99992e-01,9.99999e-01
1.001417910e+00,9.85124e-01,9.85131e-01,9.99992e-01,9.99999e-01
1.006425000e+00,9.90841e-01,9.90847e-01,9.99992e-01,9.99999e-01
1.011457125e+00,9.94196e-01,9.94203e-01,9.99992e-01,9.99999e-01
1.016514411e+00,9.95975e-01,9.95981e-01,9.99992e-01,9.99999e-01
1.021596983e+00,9.96707e-01,9.96713e-01,9.99992e-01,9.99999e-01
1.026704968e+00,9.97334e-01,9.97341e-01,9.99993e-01,9.99999e-01
1.031838492e+00,9.98371e-01,9.98378e-01,9.99993e-01,9.99999e-01
1.036997685e+00,9.98643e-01,9.98649e-01,9.99993e-01,9.99999e-01
1.042182673e+00,9.98120e-01,9.98126e-01,9.99993e-01,9.99999e-01
1.047393587e+00,9.97467e-01,9.97473e-01,9.99993e-01,9.99999e-01
1.052630555e+00,9.96474e-01,9.96480e-01,9.99993e-01,9.99999e-01
1.057893707e+00,9.93430e-01,9.93436e-01,9.99993e-01,9.99999e-01
1.063183176e+00,9.89917e-01,9.89923e-01,9.99993e-01,9.99999e-01
1.068499092e+00,9.86731e-01,9.86736e-01,9.99994e-01,9.99999e-01
1.073841587e+00,9.80681e-01,9.80687e-01,9.99994e-01,9.99999e-01
1.079210795e+00,9.77927e-01,9.77933e-01,9.99994e-01,9.99998e-01
1.084606849e+00,9.68658e-01,9.68664e-01,9.99994e-01,9.99998e-01
1.090029883e+00,9.12805e-01,9.12811e-01,9.99994e-01,9.99997e-01
1.095480033e+00,8.26589e-01,8.26597e-01,9.99994e-01,9.99995e-01
1.100957433e+00,5.86741e-01,5.86748e-01,9.99994e-01,9.99991e-01
1.106462220e+00,2.91917e-01,2.91923e-01,9.99994e-01,9.99982e-01
1.111994531e+00,1.22818e-01,1.22822e-01,9.99994e-01,9.99971e-01
1.117554504e+00,1.12796e-01,1.12800e-01,9.99994e-01,9.99963e-01
1.123142276e+00,2.75252e-01,2.75264e-01,9.99995e-01,9.99961e-01
1.128757988e+00,2.05890e-01,2.05900e-01,9.99995e-01,9.99954e-01
1.134401778e+00,4.42372e-01,4.42393e-01,9.99995e-01,9.99957e-01
1.140073787e+00,3.45064e-01,3.45077e-01,9.99995e-01,9.99965e-01
1.145774156e+00,2.64204e-01,2.64213e-01,9.99995e-01,9.99970e-01
1.151503026e+00,2.35906e-01,2.35912e-01,9.99995e-01,9.99976e-01
1.157260541e+00,3.21382e-01,3.21389e-01,9.99995e-01,9.99982e-01
1.163046844e+00,4.31413e-01,4.31418e-01,9.99995e-01,9.99990e-01
1.168862078e+00,5.91273e-01,5.91278e-01,9.99995e-01,9.99995e-01
1.174706389e+00,7.29582e-01,7.29587e-01,9.99995e-01,9.99996e-01
1.180579921e+00,8.35951e-01,8.35956e-01,9.99995e-01,9.99997e-01
1.186482820e+00,8.94932e-01,8.94937e-01,9.99995e-01,9.99997e-01
1.192415234e+00,9.20270e-01,9.20275e-01,9.99995e-01,9.99998e-01
1.198377311e+00,9.22108e-01,9.22112e-01,9.99996e-01,9.99998e-01
1.204369197e+00,9.29830e-01,9.29834e-01,9.99996e-01,9.99998e-01
1.210391043e+00,9.35409e-01,9.35413e-01,9.99996e-01,9.99998e-01
1.216442998e+00,9.53928e-01,9.53932e-01,9.99996e-01,9.99999e-01
1.222525213e+00,9.65256e-01,9.65259e-01,9.99996e-01,9.99999e-01
1.228637839e+00,9.75157e-01,9.75160e-01,9.99996e-01,9.99999e-01
1.234781029e+00,9.82764e-01,9.82767e-01,9.99996e-01,9.99999e-01
1.240954934e+00,9.87437e-01,9.87440e-01,9.99996e-01,9.99999e-01
1.247159708e+00,9.90423e-01,9.90426e-01,9.99996e-01,9.99999e-01
1.253395507e+00,9.90530e-01,9.90533e-01,9.99996e-01,9.99999e-01
1.259662485e+00,9.87943e-01,9.87946e-01,9.99996e-01,9.99999e-01
1.265960797e+00,9.82999e-01,9.83002e-01,9.99996e-01,9.99999e-01
1.272290601e+00,9.68685e-01,9.68688e-01,9.99996e-01,9.99998e-01
1.278652054e+00,9.45884e-01,9.45888e-01,9.99996e-01,9.99998e-01
1.285045314e+00,8.93952e-01,8.93956e-01,9.99996e-01,9.99997e-01
1.291470541e+00,8.37754e-01,8.37760e-01,9.99996e-01,9.99995e-01
1.297927893e+00,7.73287e-01,7.73295e-01,9.99996e-01,9.99991e-01
1.304417533e+00,7.74258e-01,7.74270e-01,9.99997e-01,9.99986e-01
1.310939621e+00,7.21560e-01,7.21577e-01,9.99997e-01,9.99978e-01
1.317494319e+00,6.90245e-01,6.90272e-01,9.99997e-01,9.99962e-01
1.324081790e+00,4.68645e-01,4.68677e-01,9.99997e-01,9.99934e-01
1.330702199e+00,4.18017e-02,4.18064e-02,9.99997e-01,9.99888e-01
1.337355710e+00,2.08840e-03,2.08886e-03,9.99997e-01,9.99785e-01
1.344042489e+00,1.31250e-07,1.31305e-07,9.99997e-01,9.99577e-01
1.350762701e+00,2.34486e-10,2.34621e-10,9.99997e-01,9.99428e-01
1.357516515e+00,2.16743e-11,2.16885e-11,9.99997e-01,9.99348e-01
1.364304097e+00,1.82068e-07,1.82189e-07,9.99997e-01,9.99336e-01
1.371125618e+00,1.74924e-05,1.75044e-05,9.99997e-01,9.99313e-01
1.377981246e+00,3.79652e-06,3.79927e-06,9.99997e-01,9.99275e-01
1.384871152e+00,2.22941e-09,2.23084e-09,9.99997e-01,9.99362e-01
1.391795508e+00,1.00692e-07,1.00746e-07,9.99997e-01,9.99469e-01
1.398754485e+00,5.42327e-07,5.42590e-07,9.99997e-01,9.99516e-01
1.405748258e+00,4.19043e-08,4.19212e-08,9.99997e-01,9.99597e-01
1.412776999e+00,5.99857e-07,6.00047e-07,9.99997e-01,9.99684e-01
1.419840884e+00,2.62988e-06,2.63043e-06,9.99997e-01,9.99791e-01
1.426940089e+00,8.22965e-05,8.23071e-05,9.99997e-01,9.99872e-01
1.434074789e+00,4.09114e-04,4.09151e-04,9.99997e-01,9.99909e-01
1.441245163e+00,3.25566e-03,3.25591e-03,9.99997e-01,9.99926e-01
1.448451389e+00,2.38433e-02,2.38448e-02,9.99997e-01,9.99938e-01
1.455693646e+00,6.02648e-02,6.02680e-02,9.99997e-01,9.99948e-01
1.462972114e+00,3.84848e-02,3.84866e-02,9.99997e-01,9.99954e-01
1.470286975e+00,5.63694e-02,5.63717e-02,9.99997e-01,9.99960e-01
1.477638409e+00,7.49766e-02,7.49791e-02,9.99998e-01,9.99967e-01
1.485026601e+00,1.09090e-01,1.09092e-01,9.99998e-01,9.99977e-01
1.492451734e+00,2.23047e-01,2.23051e-01,9.99998e-01,9.99985e-01
1.499913993e+00,3.31590e-01,3.31593e-01,9.99998e-01,9.99992e-01
1.507413563e+00,4.85714e-01,4.85716e-01,9.99998e-01,9.99995e-01
1.514950631e+00,6.20245e-01,6.20247e-01,9.99998e-01,9.99997e-01
1.522525384e+00,7.18831e-01,7.18832e-01,9.99998e-01,9.99998e-01
1.530138011e+00,8.20172e-01,8.20173e-01,9.99998e-01,9.99998e-01
1.537788701e+00,8.71206e-01,8.71208e-01,9.99998e-01,9.99999e-01
1.545477645e+00,9.17291e-01,9.17292e-01,9.99998e-01,9.99999e-01
1.553205033e+00,9.33662e-01,9.33663e-01,9.99998e-01,9.99999e-01
1.560971058e+00,9.59947e-01,9.59948e-01,9.99998e-01,9.99999e-01
1.568775913e+00,9.73295e-01,9.73296e-01,9.99998e-01,9.99999e-01
1.576619793e+00,9.79233e-01,9.79234e-01,9.99998e-01,9.99999e-01
1.584502892e+00,9.84274e-01,9.84275e-01,9.99998e-01,9.99999e-01
1.592425406e+00,9.88017e-01,9.88019e-01,9.99998e-01,9.99999e-01
1.600387533e+00,9.89358e-01,9.89359e-01,9.99998e-01,9.99999e-01
1.608389471e+00,9.89825e-01,9.89827e-01,9.99998e-01,9.99999e-01
1.616431418e+00,9.88989e-01,9.88990e-01,9.99998e-01,9.99999e-01
1.624513575e+00,9.84522e-01,9.84524e-01,9.99998e-01,9.99999e-01
1.632636143e+00,9.81951e-01,9.81952e-01,9.99998e-01,9.99999e-01
1.640799324e+00,9.70830e-01,9.70831e-01,9.99998e-01,9.99999e-01
1.649003321e+00,9.62758e-01,9.62759e-01,9.99998e-01,9.99999e-01
1.657248337e+00,9.50123e-01,9.50124e-01,9.99998e-01,9.99999e-01
1.665534579e+00,9.22555e-01,9.22556e-01,9.99998e-01,9.99999e-01
1.673862252e+00,9.37321e-01,9.37323e-01,9.99998e-01,9.99998e-01
1.682231563e+00,9.00327e-01,9.00329e-01,9.99998e-01,9.99998e-01
1.690642721e+00,8.62508e-01,8.62510e-01,9.99998e-01,9.99998e-01
1.699095934e+00,8.83353e-01,8.83355e-01,9.99998e-01,9.99997e-01
1.707591414e+00,8.40611e-01,8.40615e-01,9.99998e-01,9.99996e-01
1.716129371e+00,7.46680e-01,7.46685e-01,9.99998e-01,9.99994e-01
1.724710018e+00,7.58562e-01,7.58569e-01,9.99998e-01,9.99990e-01
1.733333568e+00,6.17858e-01,6.17867e-01,9.99998e-01,9.99986e-01
1.742000236e+00,4.69565e-01,4.69575e-01,9.99998e-01,9.99978e-01
1.750710237e+00,2.26726e-01,2.26734e-01,9.99998e-01,9.99965e-01
1.759463788e+00,8.47692e-02,8.47734e-02,9.99998e-01,9.99950e-01
1.768261107e+00,1.12376e-02,1.12384e-02,9.99998e-01,9.99923e-01
1.777102413e+00,1.09112e-03,1.09126e-03,9.99998e-01,9.99866e-01
1.785987925e+00,5.01897e-05,5.02014e-05,9.99998e-01,9.99766e-01
1.794917864e+00,5.38214e-07,5.38415e-07,9.99998e-01,9.99628e-01
1.803892454e+00,6.25907e-11,6.26220e-11,9.99998e-01,9.99501e-01
1.812911916e+00,3.58098e-11,3.58320e-11,9.99998e-01,9.99381e-01
1.821976476e+00,2.38534e-11,2.38706e-11,9.99998e-01,9.99278e-01
1.831086358e+00,7.45408e-14,7.46020e-14,9.99998e-01,9.99178e-01
1.840241790e+00,1.23729e-09,1.23838e-09,9.99998e-01,9.99118e-01
1.849442999e+00,1.18399e-09,1.18517e-09,9.99998e-01,9.99010e-01
1.858690214e+00,3.41927e-15,3.42317e-15,9.99998e-01,9.98859e-01
1.867983665e+00,3.41446e-07,3.41845e-07,9.99998e-01,9.98831e-01
1.877323583e+00,3.27273e-06,3.27604e-06,9.99998e-01,9.98991e-01
1.886710201e+00,2.92469e-05,2.92724e-05,9.99998e-01,9.99126e-01
1.896143752e+00,1.18907e-05,1.19004e-05,9.99998e-01,9.99186e-01
1.905624471e+00,3.54818e-09,3.55085e-09,9.99998e-01,9.99248e-01
1.915152593e+00,1.43905e-11,1.44006e-11,9.99998e-01,9.99304e-01
1.924728356e+00,3.81902e-13,3.82126e-13,9.99998e-01,9.99414e-01
1.934351998e+00,5.85163e-10,5.85420e-10,9.99998e-01,9.99561e-01
1.944023758e+00,2.95479e-07,2.95569e-07,9.99999e-01,9.99693e-01
1.953743877e+00,5.18666e-06,5.18766e-06,9.99999e-01,9.99807e-01
1.963512596e+00,7.70748e-05,7.70837e-05,9.99999e-01,9.99884e-01
1.973330159e+00,4.85430e-03,4.85466e-03,9.99999e-01,9.99926e-01
1.983196810e+00,2.14493e-02,2.14503e-02,9.99999e-01,9.99952e-01
1.993112794e+00,9.07248e-02,9.07276e-02,9.99999e-01,9.99968e-01
2.003078358e+00,2.01126e-01,2.01130e-01,9.99999e-01,9.99979e-01
2.013093750e+00,3.79544e-01,3.79549e-01,9.99999e-01,9.99986e-01
2.023159218e+00,4.65597e-01,4.65601e-01,9.99999e-01,9.99991e-01
2.033275015e+00,5.98642e-01,5.98646e-01,9.99999e-01,9.99994e-01
2.043441390e+00,7.17392e-01,7.17395e-01,9.99999e-01,9.99996e-01
2.053658597e+00,8.10937e-01,8.10939e-01,9.99999e-01,9.99996e-01
2.063926890e+00,8.26505e-01,8.26507e-01,9.99999e-01,9.99997e-01
2.074246524e+00,8.70305e-01,8.70306e-01,9.99999e-01,9.99998e-01
2.084617757e+00,9.06308e-01,9.06310e-01,9.99999e-01,9.99998e-01
2.095040845e+00,9.08907e-01,9.08908e-01,9.99999e-01,9.99998e-01
2.105516050e+00,9.32500e-01,9.32501e-01,9.99999e-01,9.99998e-01
2.116043630e+00,9.52960e-01,9.52961e-01,9.99999e-01,9.99998e-01
2.126623848e+00,9.61443e-01,9.61444e-01,9.99999e-01,9.99998e-01
2.137256967e+00,9.63403e-01,9.63404e-01,9.99999e-01,9.99998e-01
2.147943252e+00,9.61985e-01,9.61986e-01,9.99999e-01,9.99998e-01
2.158682968e+00,9.61125e-01,9.61126e-01,9.99999e-01,9.99998e-01
2.169476383e+00,9.58902e-01,9.58903e-01,9.99999e-01,9.99998e-01
2.180323765e+00,9.55571e-01,9.55573e-01,9.99999e-01,9.99998e-01
2.191225384e+00,9.29759e-01,9.29760e-01,9.99999e-01,9.99998e-01
2.202181511e+00,9.50101e-01,9.50102e-01,9.99999e-01,9.99998e-01
2.213192418e+00,9.08649e-01,9.08651e-01,9.99999e-01,9.99998e-01
2.224258381e+00,9.38447e-01,9.38449e-01,9.99999e-01,9.99997e-01
2.235379672e+00,8.75060e-01,8.75062e-01,9.99999e-01,9.99997e-01
2.246556571e+00,9.15161e-01,9.15163e-01,9.99999e-01,9.99997e-01
2.257789354e+00,8.12672e-01,8.12675e-01,9.99999e-01,9.99996e-01
2.269078300e+00,8.24873e-01,8.24877e-01,9.99999e-01,9.99995e-01
2.280423692e+00,7.53190e-01,7.53194e-01,9.99999e-01,9.99994e-01
2.291825810e+00,7.21157e-01,7.21162e-01,9.99999e-01,9.99992e-01
2.303284939e+00,6.27943e-01,6.27949e-01,9.99999e-01,9.99990e-01
2.314801364e+00,5.32039e-01,5.32046e-01,9.99999e-01,9.99987e-01
2.326375371e+00,6.18155e-01,6.18165e-01,9.99999e-01,9.99982e-01
2.338007248e+00,3.55111e-01,3.55119e-01,9.99999e-01,9.99976e-01
2.349697284e+00,3.31510e-01,3.31521e-01,9.99999e-01,9.99967e-01
2.361445770e+00,3.38991e-01,3.39006e-01,9.99999e-01,9.99955e-01
2.373252999e+00,1.37235e-01,1.37245e-01,9.99999e-01,9.99933e-01
2.385119264e+00,2.29101e-01,2.29123e-01,9.99999e-01,9.99900e-01
2.397044861e+00,1.22021e-01,1.22038e-01,9.99999e-01,9.99863e-01
2.409030085e+00,4.91639e-02,4.91731e-02,9.99999e-01,9.99814e-01
2.421075235e+00,9.93613e-02,9.93865e-02,9.99999e-01,9.99746e-01
2.433180612e+00,2.33068e-02,2.33147e-02,9.99999e-01,9.99660e-01
2.445346515e+00,1.97875e-03,1.97965e-03,9.99999e-01,9.99542e-01
2.457573247e+00,4.54597e-04,4.54876e-04,9.99999e-01,9.99384e-01
2.469861113e+00,2.38540e-07,2.38742e-07,9.99999e-01,9.99155e-01
2.482210419e+00,2.84292e-11,2.84633e-11,9.99999e-01,9.98800e-01
2.494621471e+00,1.81007e-17,1.81319e-17,9.99999e-01,9.98281e-01
2.507094578e+00,1.39246e-31,1.39603e-31,9.99999e-01,9.97448e-01
2.519630051e+00,4.19714e-49,4.21211e-49,9.99999e-01,9.96445e-01
2.532228202e+00,2.01262e-78,2.02202e-78,9.99999e-01,9.95348e-01
2.544889343e+00,7.30336e-77,7.34516e-77,9.99999e-01,9.94308e-01
2.557613789e+00,4.41724e-82,4.44568e-82,9.99999e-01,9.93601e-01
2.570401858e+00,3.77226e-108,3.79854e-108,9.99999e-01,9.93080e-01
2.583253867e+00,1.87948e-111,1.89348e-111,9.99999e-01,9.92603e-01
2.596170137e+00,1.46056e-64,1.47213e-64,9.99999e-01,9.92144e-01
2.609150988e+00,2.32004e-54,2.33857e-54,9.99999e-01,9.92079e-01
2.622196742e+00,5.95587e-25,6.00514e-25,9.99999e-01,9.91795e-01
2.635307726e+00,6.21887e-25,6.27510e-25,9.99999e-01,9.91038e-01
2.648484265e+00,5.50594e-30,5.56318e-30,9.99999e-01,9.89710e-01
2.661726686e+00,1.65707e-117,1.67486e-117,9.99999e-01,9.89381e-01
2.675035320e+00,4.56238e-135,4.60817e-135,9.99999e-01,9.90062e-01
2.688410496e+00,7.19189e-85,7.25737e-85,9.99999e-01,9.90976e-01
2.701852549e+00,2.11029e-80,2.12751e-80,9.99999e-01,9.91909e-01
2.715361811e+00,1.75608e-57,1.76882e-57,9.99999e-01,9.92799e-01
2.728938620e+00,1.35559e-57,1.36531e-57,9.99999e-01,9.92880e-01
2.742583314e+00,1.93899e-61,1.95233e-61,9.99999e-01,9.93171e-01
2.756296230e+00,3.60080e-88,3.62311e-88,9.99999e-01,9.93844e-01
2.770077711e+00,3.27074e-87,3.28824e-87,9.99999e-01,9.94675e-01
2.783928100e+00,4.37615e-66,4.39653e-66,9.99999e-01,9.95365e-01
2.797847740e+00,1.00891e-70,1.01302e-70,9.99999e-01,9.95941e-01
2.811836979e+00,2.87360e-61,2.88270e-61,9.99999e-01,9.96843e-01
2.825896164e+00,4.62586e-55,4.63685e-55,9.99999e-01,9.97631e-01
2.840025645e+00,1.22699e-46,1.22928e-46,9.99999e-01,9.98139e-01
2.854225773e+00,1.44121e-40,1.44331e-40,9.99999e-01,9.98543e-01
2.868496902e+00,1.36011e-30,1.36155e-30,9.99999e-01,9.98938e-01
2.882839386e+00,2.07046e-26,2.07208e-26,9.99999e-01,9.99215e-01
2.897253583e+00,2.44928e-18,2.45081e-18,9.99999e-01,9.99376e-01
2.911739851e+00,3.60902e-18,3.61085e-18,9.99999e-01,9.99492e-01
2.926298550e+00,3.63876e-12,3.64016e-12,9.99999e-01,9.99616e-01
2.940930043e+00,3.88164e-13,3.88283e-13,9.99999e-01,9.99693e-01
2.955634693e+00,3.27054e-12,3.27139e-12,9.99999e-01,9.99740e-01
2.970412867e+00,1.00837e-09,1.00857e-09,9.99999e-01,9.99799e-01
2.985264931e+00,1.27611e-08,1.27632e-08,9.99999e-01,9.99834e-01
3.000191256e+00,1.73796e-06,1.73820e-06,9.99999e-01,9.99859e-01
3.015192212e+00,1.75708e-05,1.75728e-05,9.99999e-01,9.99884e-01
3.030268173e+00,6.07775e-06,6.07837e-06,9.99999e-01,9.99898e-01
3.045419514e+00,2.29061e-04,2.29082e-04,9.99999e-01,9.99906e-01
3.060646612e+00,1.67369e-04,1.67383e-04,9.99999e-01,9.99915e-01
3.075949845e+00,4.38297e-04,4.38331e-04,9.99999e-01,9.99921e-01
3.091329594e+00,1.17651e-03,1.17660e-03,9.99999e-01,9.99925e-01
3.106786242e+00,2.06697e-03,2.06711e-03,9.99999e-01,9.99930e-01
3.122320173e+00,4.44951e-03,4.44981e-03,9.99999e-01,9.99934e-01
3.137931774e+00,1.02286e-02,1.02292e-02,9.99999e-01,9.99934e-01
3.153621433e+00,5.32218e-02,5.32254e-02,9.99999e-01,9.99930e-01
3.169389540e+00,3.21217e-02,3.21243e-02,9.99999e-01,9.99918e-01
3.185236488e+00,3.45752e-03,3.45783e-03,9.99999e-01,9.99911e-01
3.201162670e+00,1.18477e-03,1.18487e-03,9.99999e-01,9.99907e-01
3.217168483e+00,9.53101e-03,9.53189e-03,9.99999e-01,9.99907e-01
3.233254326e+00,2.11025e-02,2.11043e-02,9.99999e-01,9.99911e-01
3.249420598e+00,4.50851e-02,4.50887e-02,9.99999e-01,9.99918e-01
3.265667701e+00,2.06519e-02,2.06535e-02,9.99999e-01,9.99922e-01
3.281996039e+00,2.16114e-02,2.16130e-02,9.99999e-01,9.99926e-01
3.298406019e+00,1.02012e-02,1.02019e-02,9.99999e-01,9.99930e-01
3.314898049e+00,7.31668e-03,7.31714e-03,9.99999e-01,9.99936e-01
3.331472540e+00,8.41978e-03,8.42026e-03,9.99999e-01,9.99941e-01
3.348129902e+00,1.21863e-02,1.21868e-02,9.99999e-01,9.99953e-01
3.364870552e+00,2.90096e-02,2.90107e-02,9.99999e-01,9.99962e-01
3.381694905e+00,9.29563e-02,9.29588e-02,9.99999e-01,9.99973e-01
3.398603379e+00,8.11277e-02,8.11293e-02,9.99999e-01,9.99980e-01
3.415596396e+00,2.14651e-01,2.14654e-01,9.99999e-01,9.99985e-01
3.432674378e+00,2.98393e-01,2.98396e-01,9.99999e-01,9.99988e-01
3.449837750e+00,3.38523e-01,3.38526e-01,9.99999e-01,9.99991e-01
3.467086939e+00,5.11245e-01,5.11248e-01,9.99999e-01,9.99992e-01
3.484422373e+00,5.53969e-01,5.53972e-01,9.99999e-01,9.99993e-01
3.501844485e+00,6.28266e-01,6.28270e-01,9.99999e-01,9.99994e-01
3.519353708e+00,7.50755e-01,7.50758e-01,9.99999e-01,9.99994e-01
3.536950476e+00,7.56864e-01,7.56868e-01,9.99999e-01,9.99994e-01
3.554635228e+00,8.17446e-01,8.17450e-01,9.99999e-01,9.99995e-01
3.572408405e+00,8.58152e-01,8.58156e-01,9.99999e-01,9.99995e-01
3.590270447e+00,8.86481e-01,8.86484e-01,9.99999e-01,9.99995e-01
3.608221799e+00,9.07957e-01,9.07960e-01,9.99999e-01,9.99995e-01
3.626262908e+00,9.37976e-01,9.37980e-01,9.99999e-01,9.99995e-01
3.644394222e+00,9.31154e-01,9.31157e-01,9.99999e-01,9.99995e-01
3.662616193e+00,8.60447e-01,8.60450e-01,9.99999e-01,9.99995e-01
3.680929274e+00,9.14185e-01,9.14188e-01,9.99999e-01,9.99996e-01
3.699333921e+00,9.42741e-01,9.42744e-01,9.99999e-01,9.99996e-01
3.717830590e+00,9.34989e-01,9.34992e-01,9.99999e-01,9.99996e-01
3.736419743e+00,9.43083e-01,9.43086e-01,9.99999e-01,9.99996e-01
3.755101842e+00,9.40088e-01,9.40091e-01,9.99999e-01,9.99996e-01
3.773877351e+00,9.34225e-01,9.34228e-01,9.99999e-01,9.99996e-01
3.792746738e+00,9.22407e-01,9.22410e-01,9.99999e-01,9.99996e-01
3.811710472e+00,9.26526e-01,9.26529e-01,9.99999e-01,9.99996e-01
3.830769024e+00,9.14179e-01,9.14182e-01,9.99999e-01,9.99996e-01
3.849922869e+00,8.09239e-01,8.09242e-01,9.99999e-01,9.99996e-01
3.869172484e+00,9.10715e-01,9.10718e-01,9.99999e-01,9.99996e-01
3.888518346e+00,9.15985e-01,9.15988e-01,9.99999e-01,9.99996e-01
3.907960938e+00,8.03872e-01,8.03875e-01,9.99999e-01,9.99996e-01
3.927500742e+00,5.85754e-01,5.85756e-01,9.99999e-01,9.99996e-01
3.947138246e+00,4.37001e-01,4.37003e-01,9.99999e-01,9.99996e-01
3.966873937e+00,6.95321e-01,6.95324e-01,9.99999e-01,9.99996e-01
3.986708307e+00,9.15450e-01,9.15453e-01,9.99999e-01,9.99996e-01
4.006641849e+00,9.42457e-01,9.42461e-01,9.99999e-01,9.99995e-01
4.026675058e+00,9.39703e-01,9.39707e-01,9.99999e-01,9.99995e-01
4.046808433e+00,9.04448e-01,9.04452e-01,9.99999e-01,9.99995e-01
4.067042475e+00,9.06190e-01,9.06193e-01,9.99999e-01,9.99995e-01
4.087377688e+00,8.68790e-01,8.68794e-01,9.99999e-01,9.99995e-01
4.107814576e+00,8.17387e-01,8.17391e-01,9.99999e-01,9.99995e-01
4.128353649e+00,8.03573e-01,8.03576e-01,9.99999e-01,9.99994e-01
4.148995417e+00,6.94371e-01,6.94375e-01,9.99999e-01,9.99994e-01
4.169740394e+00,5.57138e-01,5.57141e-01,9.99999e-01,9.99994e-01
4.190589096e+00,5.12767e-01,5.12770e-01,9.99999e-01,9.99994e-01
4.211542042e+00,4.25684e-01,4.25687e-01,9.99999e-01,9.99993e-01
4.232599752e+00,2.80457e-01,2.80459e-01,9.99999e-01,9.99993e-01
4.253762751e+00,2.61637e-01,2.61638e-01,9.99999e-01,9.99993e-01
4.275031564e+00,1.71702e-01,1.71703e-01,9.99999e-01,9.99992e-01
4.296406722e+00,1.35885e-01,1.35886e-01,9.99999e-01,9.99992e-01
4.317888756e+00,1.18020e-01,1.18021e-01,9.99999e-01,9.99991e-01
4.339478200e+00,7.93518e-02,7.93525e-02,9.99999e-01,9.99991e-01
4.361175591e+00,9.71641e-02,9.71650e-02,9.99999e-01,9.99990e-01
4.382981469e+00,3.62391e-02,3.62395e-02,9.99999e-01,9.99989e-01
4.404896376e+00,6.47160e-02,6.47167e-02,9.99999e-01,9.99988e-01
4.426920858e+00,4.08919e-02,4.08924e-02,9.99999e-01,9.99987e-01
4.449055462e+00,4.82334e-02,4.82340e-02,9.99999e-01,9.99986e-01
4.471300739e+00,4.45912e-02,4.45918e-02,9.99999e-01,9.99984e-01
4.493657243e+00,4.29789e-02,4.29796e-02,9.99999e-01,9.99983e-01
4.516125529e+00,1.10664e-02,1.10666e-02,9.99999e-01,9.99981e-01
4.538706157e+00,8.98038e-02,8.98056e-02,9.99999e-01,9.99979e-01
4.561399688e+00,2.73768e-02,2.73775e-02,9.99999e-01,9.99976e-01
4.584206686e+00,8.03129e-02,8.03149e-02,9.99999e-01,9.99973e-01
4.607127720e+00,3.51559e-03,3.51570e-03,9.99999e-01,9.99969e-01
4.630163358e+00,6.62260e-03,6.62282e-03,9.99999e-01,9.99965e-01
4.653314175e+00,5.44305e-04,5.44326e-04,9.99999e-01,9.99959e-01
4.676580746e+00,3.11447e-03,3.11461e-03,9.99999e-01,9.99953e-01
4.699963650e+00,7.77519e-04,7.77561e-04,9.99999e-01,9.99945e-01
4.723463468e+00,2.09657e-03,2.09671e-03,9.99999e-01,9.99935e-01
4.747080785e+00,3.16041e-03,3.16065e-03,9.99999e-01,9.99924e-01
4.770816189e+00,1.49941e-05,1.49955e-05,9.99999e-01,9.99909e-01
4.794670270e+00,3.87497e-05,3.87538e-05,9.99999e-01,9.99893e-01
4.818643622e+00,1.10208e-05,1.10222e-05,9.99999e-01,9.99873e-01
4.842736840e+00,1.48041e-04,1.48063e-04,9.99999e-01,9.99851e-01
4.866950524e+00,3.70020e-05,3.70086e-05,9.99999e-01,9.99821e-01
4.891285276e+00,4.10062e-06,4.10149e-06,9.99999e-01,9.99787e-01
4.915741703e+00,7.17768e-06,7.17946e-06,9.99999e-01,9.99752e-01
4.940320411e+00,1.90046e-09,1.90102e-09,9.99999e-01,9.99704e-01
4.965022013e+00,1.96328e-07,1.96393e-07,9.99999e-01,9.99665e-01
4.989847123e+00,2.96057e-08,2.96169e-08,9.99999e-01,9.99619e-01
5.014796359e+00,1.34780e-11,1.34840e-11,9.99999e-01,9.99555e-01
5.039870341e+00,2.50069e-08,2.50199e-08,9.99999e-01,9.99479e-01
5.065069693e+00,4.78442e-10,4.78738e-10,9.99999e-01,9.99381e-01
5.090395041e+00,2.41997e-12,2.42168e-12,9.99999e-01,9.99293e-01
5.115847016e+00,5.13037e-14,5.13461e-14,9.99999e-01,9.99173e-01
5.141426251e+00,2.75968e-20,2.76228e-20,9.99999e-01,9.99059e-01
5.167133383e+00,3.61959e-18,3.62344e-18,9.99999e-01,9.98935e-01
5.192969049e+00,4.92412e-23,4.93006e-23,9.99999e-01,9.98793e-01
5.218933895e+00,2.54026e-22,2.54360e-22,9.99999e-01,9.98687e-01
5.245028564e+00,1.69053e-22,1.69300e-22,9.99999e-01,9.98539e-01
5.271253707e+00,6.80056e-32,6.81186e-32,9.99999e-01,9.98340e-01
5.297609976e+00,1.12404e-27,1.12602e-27,9.99999e-01,9.98237e-01
5.324098025e+00,2.39560e-31,2.40050e-31,9.99999e-01,9.97959e-01
5.350718516e+00,6.11089e-37,6.12433e-37,9.99999e-01,9.97805e-01
5.377472108e+00,3.01743e-35,3.02483e-35,9.99999e-01,9.97554e-01
5.404359469e+00,3.13072e-47,3.13914e-47,9.99999e-01,9.97317e-01
5.431381266e+00,2.64566e-65,2.65345e-65,9.99999e-01,9.97064e-01
5.458538172e+00,1.60343e-70,1.60867e-70,9.99999e-01,9.96736e-01
5.485830863e+00,1.78020e-70,1.78667e-70,9.99999e-01,9.96381e-01
5.513260018e+00,2.16709e-74,2.17577e-74,9.99999e-01,9.96009e-01
5.540826318e+00,7.82770e-102,7.86260e-102,9.99999e-01,9.95560e-01
5.568530449e+00,8.57295e-118,8.61436e-118,9.99999e-01,9.95192e-01
5.596373101e+00,5.85824e-105,5.89067e-105,9.99999e-01,9.94494e-01
5.624354967e+00,5.59729e-105,5.63123e-105,9.99999e-01,9.93972e-01
5.652476742e+00,1.21315e-131,1.22122e-131,9.99999e-01,9.93391e-01
5.680739126e+00,1.24950e-137,1.25858e-137,9.99999e-01,9.92787e-01
5.709142821e+00,1.99056e-139,2.00645e-139,9.99999e-01,9.92079e-01
5.737688535e+00,1.97749e-139,1.99449e-139,9.99999e-01,9.91474e-01
5.766376978e+00,8.84823e-97,8.92686e-97,9.99999e-01,9.91191e-01
5.795208863e+00,8.01732e-97,8.09408e-97,9.99999e-01,9.90515e-01
5.824184907e+00,7.83194e-116,7.90933e-116,9.99999e-01,9.90215e-01
5.853305832e+00,7.60177e-116,7.67901e-116,9.99999e-01,9.89940e-01
5.882572361e+00,8.72040e-137,8.81149e-137,9.99999e-01,9.89662e-01
5.911985223e+00,7.86422e-137,7.94765e-137,9.99999e-01,9.89501e-01
5.941545149e+00,9.07493e-125,9.17254e-125,9.99999e-01,9.89357e-01
5.971252874e+00,5.16411e-82,5.22149e-82,9.99999e-01,9.89009e-01
6.001109139e+00,5.31246e-82,5.37153e-82,9.99999e-01,9.89002e-01
6.031114685e+00,2.80610e-98,2.83661e-98,9.99999e-01,9.89242e-01
6.061270258e+00,4.04518e-76,4.08879e-76,9.99999e-01,9.89333e-01
6.091576609e+00,1.99054e-49,2.01200e-49,9.99999e-01,9.89332e-01
6.122034492e+00,7.26941e-48,7.34798e-48,9.99999e-01,9.89307e-01
6.152644665e+00,3.19520e-49,3.22990e-49,9.99999e-01,9.89256e-01
6.183407888e+00,4.95399e-27,5.00750e-27,9.99999e-01,9.89313e-01
6.214324928e+00,3.24510e-16,3.28029e-16,9.99999e-01,9.89272e-01
6.245396552e+00,1.60321e-15,1.62099e-15,9.99999e-01,9.89034e-01
6.276623535e+00,2.14676e-15,2.17162e-15,9.99999e-01,9.88549e-01
6.308006653e+00,6.46681e-22,6.54663e-22,9.99999e-01,9.87806e-01
6.339546686e+00,2.87507e-68,2.91146e-68,9.99999e-01,9.87501e-01
6.371244419e+00,2.60486e-86,2.63790e-86,9.99999e-01,9.87474e-01
6.403100641e+00,1.43532e-159,1.45342e-159,9.99999e-01,9.87545e-01
6.435116145e+00,9.37457e-225,9.49230e-225,9.99999e-01,9.87597e-01
6.467291725e+00,7.47618e-242,7.57020e-242,9.99999e-01,9.87580e-01
6.499628184e+00,3.63755e-228,3.68248e-228,9.99999e-01,9.87799e-01
6.532126325e+00,3.63611e-228,3.67907e-228,9.99999e-01,9.88323e-01
6.564786956e+00,0.00000e+00,0.00000e+00,9.99999e-01,9.88932e-01
6.597610891e+00,0.00000e+00,0.00000e+00,9.99999e-01,9.89117e-01
6.630598946e+00,2.13879e-229,2.16107e-229,9.99999e-01,9.89690e-01
6.663751940e+00,1.35215e-183,1.36531e-183,9.99999e-01,9.90364e-01
6.697070700e+00,3.25269e-127,3.28202e-127,9.99999e-01,9.91063e-01
6.730556054e+00,3.32161e-122,3.34943e-122,9.99999e-01,9.91692e-01
6.764208834e+00,4.87523e-154,4.91287e-154,9.99999e-01,9.92337e-01
6.798029878e+00,4.57948e-150,4.61288e-150,9.99999e-01,9.92759e-01
6.832020027e+00,3.23722e-168,3.25989e-168,9.99999e-01,9.93045e-01
6.866180128e+00,9.98048e-116,1.00442e-115,9.99999e-01,9.93652e-01
6.900511028e+00,3.04936e-98,3.06761e-98,9.99999e-01,9.94050e-01
6.935013583e+00,9.38421e-101,9.43702e-101,9.99999e-01,9.94402e-01
6.969688651e+00,1.58129e-122,1.58959e-122,9.99999e-01,9.94775e-01
7.004537095e+00,1.51980e-122,1.52775e-122,9.99999e-01,9.94792e-01
7.039559780e+00,1.39862e-110,1.40546e-110,9.99999e-01,9.95136e-01
7.074757579e+00,4.29828e-103,4.31712e-103,9.99999e-01,9.95636e-01
7.110131367e+00,2.10652e-113,2.11535e-113,9.99999e-01,9.95823e-01
7.145682024e+00,1.60570e-147,1.61192e-147,9.99999e-01,9.96143e-01
7.181410434e+00,1.12716e-114,1.13114e-114,9.99999e-01,9.96477e-01
7.217317486e+00,1.16292e-108,1.16672e-108,9.99999e-01,9.96742e-01
7.253404073e+00,4.22604e-112,4.23875e-112,9.99999e-01,9.97001e-01
7.289671094e+00,8.25921e-95,8.28177e-95,9.99999e-01,9.97275e-01
7.326119449e+00,2.29334e-91,2.29892e-91,9.99999e-01,9.97571e-01
7.362750046e+00,3.22515e-57,3.23224e-57,9.99999e-01,9.97806e-01
7.399563797e+00,4.80740e-57,4.81685e-57,9.99999e-01,9.98037e-01
7.436561616e+00,9.85203e-81,9.86910e-81,9.99999e-01,9.98269e-01
7.473744424e+00,7.48313e-51,7.49439e-51,9.99999e-01,9.98497e-01
7.511113146e+00,8.86952e-51,8.88108e-51,9.99999e-01,9.98697e-01
7.548668712e+00,7.26376e-67,7.27201e-67,9.99999e-01,9.98864e-01
7.586412055e+00,3.70737e-52,3.71100e-52,9.99999e-01,9.99021e-01
7.624344115e+00,6.98108e-32,6.98691e-32,9.99999e-01,9.99166e-01
7.662465836e+00,1.00132e-28,1.00202e-28,9.99999e-01,9.99295e-01
7.700778165e+00,1.57112e-45,1.57208e-45,9.99999e-01,9.99387e-01
7.739282056e+00,1.50400e-33,1.50479e-33,9.99999e-01,9.99473e-01
7.777978466e+00,6.95180e-28,6.95490e-28,9.99999e-01,9.99553e-01
7.816868359e+00,7.49572e-27,7.49862e-27,9.99999e-01,9.99611e-01
7.855952700e+00,8.12028e-39,8.12303e-39,9.99999e-01,9.99660e-01
7.895232464e+00,6.70803e-24,6.71004e-24,9.99999e-01,9.99699e-01
7.934708626e+00,3.21401e-13,3.21487e-13,9.99999e-01,9.99730e-01
7.974382169e+00,1.05399e-12,1.05424e-12,9.99999e-01,9.99757e-01
8.014254080e+00,1.01769e-16,1.01791e-16,9.99999e-01,9.99780e-01
8.054325351e+00,2.30524e-10,2.30570e-10,9.99999e-01,9.99800e-01
8.094596977e+00,1.38650e-09,1.38675e-09,9.99999e-01,9.99819e-01
8.135069962e+00,2.09897e-11,2.09932e-11,9.99999e-01,9.99833e-01
8.175745312e+00,7.20687e-09,7.20798e-09,9.99999e-01,9.99845e-01
8.216624039e+00,1.11729e-07,1.11745e-07,9.99999e-01,9.99855e-01
8.257707159e+00,3.13562e-05,3.13605e-05,9.99999e-01,9.99863e-01
8.298995695e+00,9.83197e-06,9.83323e-06,9.99999e-01,9.99870e-01
8.340490673e+00,5.49291e-05,5.49358e-05,9.99999e-01,9.99876e-01
8.382193126e+00,1.24469e-04,1.24483e-04,9.99999e-01,9.99882e-01
8.424104092e+00,6.46646e-05,6.46719e-05,9.99999e-01,9.99887e-01
8.466224613e+00,3.34802e-05,3.34838e-05,9.99999e-01,9.99891e-01
8.508555736e+00,1.15832e-03,1.15844e-03,9.99999e-01,9.99894e-01
8.551098514e+00,1.31658e-02,1.31671e-02,9.99999e-01,9.99897e-01
8.593854007e+00,4.48099e-02,4.48144e-02,9.99999e-01,9.99900e-01
8.636823277e+00,1.26268e-02,1.26280e-02,9.99999e-01,9.99901e-01
8.680007393e+00,1.33499e-02,1.33512e-02,9.99999e-01,9.99903e-01
8.723407430e+00,9.63050e-03,9.63141e-03,9.99999e-01,9.99905e-01
8.767024467e+00,4.15424e-03,4.15462e-03,9.99999e-01,9.99906e-01
8.810859590e+00,8.41866e-02,8.41944e-02,9.99999e-01,9.99907e-01
8.854913888e+00,1.41904e-01,1.41917e-01,9.99999e-01,9.99907e-01
8.899188457e+00,4.63907e-02,4.63949e-02,9.99999e-01,9.99908e-01
8.943684399e+00,4.52870e-02,4.52911e-02,9.99999e-01,9.99908e-01
8.988402821e+00,1.79843e-02,1.79859e-02,9.99999e-01,9.99908e-01
9.033344836e+00,4.70340e-02,4.70383e-02,9.99999e-01,9.99908e-01
9.078511560e+00,1.13190e-01,1.13201e-01,9.99999e-01,9.99908e-01
9.123904118e+00,5.95515e-02,5.95570e-02,9.99999e-01,9.99908e-01
9.169523638e+00,1.94993e-01,1.95011e-01,9.99999e-01,9.99908e-01
9.215371256e+00,2.44000e-01,2.44022e-01,9.99999e-01,9.99907e-01
9.261448113e+00,1.49358e-01,1.49372e-01,9.99999e-01,9.99907e-01
9.307755353e+00,1.13537e-01,1.13548e-01,9.99999e-01,9.99907e-01
9.354294130e+00,2.24966e-02,2.24987e-02,9.99999e-01,9.99906e-01
9.401065601e+00,1.94014e-02,1.94032e-02,9.99999e-01,9.99905e-01
9.448070929e+00,1.28617e-01,1.28629e-01,9.99999e-01,9.99904e-01
9.495311283e+00,2.61409e-01,2.61434e-01,9.99999e-01,9.99904e-01
9.542787840e+00,2.30248e-01,2.30270e-01,9.99999e-01,9.99903e-01
9.590501779e+00,1.13467e-01,1.13478e-01,9.99999e-01,9.99902e-01
9.638454288e+00,1.76318e-01,1.76336e-01,9.99999e-01,9.99901e-01
9.686646559e+00,1.99636e-01,1.99655e-01,9.99999e-01,9.99900e-01
9.735079792e+00,2.59232e-01,2.59258e-01,9.99999e-01,9.99899e-01
9.783755191e+00,6.31744e-02,6.31808e-02,9.99999e-01,9.99898e-01
9.832673967e+00,8.76740e-03,8.76829e-03,9.99999e-01,9.99897e-01
9.881837337e+00,2.98437e-02,2.98467e-02,9.99999e-01,9.99896e-01
9.931246523e+00,1.80683e-01,1.80702e-01,9.99999e-01,9.99895e-01
9.980902756e+00,1.94247e-01,1.94267e-01,9.99999e-01,9.99894e-01
1.003080727e+01,2.30227e-01,2.30252e-01,9.99999e-01,9.99893e-01
1.008096131e+01,2.72080e-01,2.72109e-01,9.99999e-01,9.99892e-01
1.013136611e+01,3.75460e-01,3.75501e-01,9.99999e-01,9.99890e-01
1.018202294e+01,3.01893e-01,3.01926e-01,9.99999e-01,9.99889e-01
1.023293306e+01,9.34704e-02,9.34808e-02,9.99999e-01,9.99888e-01
1.028409772e+01,4.45637e-02,4.45687e-02,9.99999e-01,9.99887e-01
1.033551821e+01,2.17054e-02,2.17079e-02,9.99999e-01,9.99885e-01
1.038719580e+01,2.16161e-03,2.16186e-03,9.99999e-01,9.99884e-01
1.043913178e+01,2.46604e-02,2.46633e-02,9.99999e-01,9.99883e-01
1.049132744e+01,1.12439e-01,1.12453e-01,9.99999e-01,9.99881e-01
1.054378408e+01,8.87015e-02,8.87121e-02,9.99999e-01,9.99879e-01
1.059650300e+01,9.49755e-02,9.49871e-02,9.99999e-01,9.99877e-01
1.064948551e+01,4.81268e-02,4.81328e-02,9.99999e-01,9.99875e-01
1.070273294e+01,2.61970e-02,2.62003e-02,9.99999e-01,9.99873e-01
1.075624661e+01,4.32554e-02,4.32610e-02,9.99999e-01,9.99870e-01
1.081002784e+01,8.11547e-03,8.11653e-03,9.99999e-01,9.99868e-01
1.086407798e+01,1.67516e-03,1.67538e-03,9.99999e-01,9.99866e-01
1.091839837e+01,3.58096e-05,3.58145e-05,9.99999e-01,9.99864e-01
1.097299036e+01,1.27098e-06,1.27116e-06,9.99999e-01,9.99861e-01
1.102785531e+01,1.95432e-04,1.95459e-04,9.99999e-01,9.99860e-01
1.108299459e+01,1.08978e-02,1.08993e-02,9.99999e-01,9.99859e-01
1.113840956e+01,5.03337e-02,5.03409e-02,9.99999e-01,9.99857e-01
1.119410161e+01,2.85985e-02,2.86026e-02,9.99999e-01,9.99855e-01
1.125007212e+01,1.99487e-02,1.99516e-02,9.99999e-01,9.99853e-01
1.130632248e+01,2.16633e-02,2.16666e-02,9.99999e-01,9.99851e-01
1.136285409e+01,4.78533e-02,4.78605e-02,9.99999e-01,9.99849e-01
1.141966836e+01,2.85452e-02,2.85496e-02,9.99999e-01,9.99847e-01
1.147676670e+01,1.00777e-02,1.00793e-02,9.99999e-01,9.99845e-01
1.153415054e+01,3.82648e-04,3.82708e-04,9.99999e-01,9.99842e-01
1.159182129e+01,2.80708e-05,2.80753e-05,9.99999e-01,9.99840e-01
1.164978039e+01,7.92381e-07,7.92509e-07,9.99999e-01,9.99838e-01
1.170802930e+01,5.52457e-06,5.52547e-06,9.99999e-01,9.99835e-01
1.176656944e+01,5.01823e-04,5.01906e-04,9.99999e-01,9.99833e-01
1.182540229e+01,2.71176e-03,2.71221e-03,9.99999e-01,9.99831e-01
1.188452930e+01,2.80987e-03,2.81035e-03,9.99999e-01,9.99828e-01
1.194395195e+01,7.57581e-03,7.57712e-03,9.99999e-01,9.99825e-01
1.200367171e+01,7.34282e-03,7.34411e-03,9.99999e-01,9.99822e-01
1.206369007e+01,4.26771e-03,4.26848e-03,9.99999e-01,9.99819e-01
1.212400852e+01,1.36498e-02,1.36523e-02,9.99999e-01,9.99816e-01
1.218462856e+01,1.82653e-03,1.82687e-03,9.99999e-01,9.99813e-01
1.224555170e+01,8.79763e-06,8.79930e-06,9.99999e-01,9.99809e-01
1.230677946e+01,1.88231e-06,1.88267e-06,9.99999e-01,9.99806e-01
1.236831336e+01,1.40023e-11,1.40051e-11,9.99999e-01,9.99801e-01
1.243015492e+01,1.69588e-10,1.69623e-10,9.99999e-01,9.99797e-01
1.249230570e+01,3.88111e-10,3.88191e-10,9.99999e-01,9.99793e-01
1.255476723e+01,2.79582e-06,2.79641e-06,9.99999e-01,9.99788e-01
1.261754106e+01,2.21445e-04,2.21493e-04,9.99999e-01,9.99783e-01
1.268062877e+01,2.12743e-04,2.12790e-04,9.99999e-01,9.99778e-01
1.274403191e+01,8.26045e-04,8.26231e-04,9.99999e-01,9.99773e-01
1.280775207e+01,2.63230e-04,2.63291e-04,9.99999e-01,9.99767e-01
1.287179083e+01,3.01778e-04,3.01850e-04,9.99999e-01,9.99762e-01
1.293614979e+01,4.73532e-05,4.73647e-05,9.99999e-01,9.99756e-01
1.300083054e+01,3.98075e-07,3.98174e-07,9.99999e-01,9.99750e-01
1.306583469e+01,1.47933e-06,1.47971e-06,9.99999e-01,9.99743e-01
1.313116386e+01,5.73505e-07,5.73656e-07,9.99999e-01,9.99737e-01
1.319681968e+01,1.06456e-08,1.06485e-08,9.99999e-01,9.99730e-01
1.326280378e+01,2.75963e-12,2.76040e-12,9.99999e-01,9.99723e-01
1.332911780e+01,1.16049e-11,1.16082e-11,9.99999e-01,9.99715e-01
1.339576339e+01,6.31335e-17,6.31520e-17,9.99999e-01,9.99707e-01
1.346274221e+01,1.22406e-10,1.22443e-10,9.99999e-01,9.99698e-01
1.353005592e+01,5.95957e-09,5.96142e-09,9.99999e-01,9.99689e-01
1.359770620e+01,1.00884e-08,1.00916e-08,9.99999e-01,9.99680e-01
1.366569473e+01,1.80947e-07,1.81007e-07,9.99999e-01,9.99670e-01
1.373402320e+01,5.55076e-06,5.55264e-06,9.99999e-01,9.99660e-01
1.380269332e+01,7.52331e-07,7.52594e-07,9.99999e-01,9.99650e-01
1.387170678e+01,9.32325e-09,9.32661e-09,9.99999e-01,9.99639e-01
1.394106532e+01,8.71804e-10,8.72128e-10,9.99999e-01,9.99627e-01
1.401077064e+01,1.86688e-10,1.86759e-10,9.99999e-01,9.99616e-01
1.408082450e+01,2.81719e-12,2.81830e-12,9.99999e-01,9.99603e-01
1.415122862e+01,5.44745e-19,5.44968e-19,9.99999e-01,9.99591e-01
1.422198476e+01,2.97372e-19,2.97497e-19,9.99999e-01,9.99578e-01
1.429309469e+01,1.43265e-20,1.43328e-20,9.99999e-01,9.99564e-01
1.436456016e+01,1.85248e-25,1.85331e-25,9.99999e-01,9.99550e-01
1.443638296e+01,8.77140e-26,8.77547e-26,9.99999e-01,9.99535e-01
1.450856487e+01,1.86773e-15,1.86863e-15,9.99999e-01,9.99519e-01
1.458110770e+01,8.26744e-13,8.27154e-13,9.99999e-01,9.99503e-01
1.465401324e+01,4.29201e-12,4.29421e-12,9.99999e-01,9.99487e-01
1.472728330e+01,5.76579e-13,5.76885e-13,9.99999e-01,9.99468e-01
1.480091972e+01,8.79142e-19,8.79625e-19,9.99999e-01,9.99450e-01
1.487492432e+01,1.74943e-21,1.75042e-21,9.99999e-01,9.99431e-01
1.494929894e+01,2.20377e-16,2.20506e-16,9.99999e-01,9.99410e-01
1.502404544e+01,1.39275e-14,1.39360e-14,9.99999e-01,9.99389e-01
1.509916566e+01,1.35586e-15,1.35671e-15,9.99999e-01,9.99368e-01
1.517466149e+01,1.33784e-14,1.33872e-14,9.99999e-01,9.99344e-01
1.525053480e+01,3.14179e-15,3.14392e-15,9.99999e-01,9.99320e-01
1.532678747e+01,8.35522e-21,8.36109e-21,9.99999e-01,9.99296e-01
1.540342141e+01,5.42591e-23,5.42987e-23,9.99999e-01,9.99269e-01
1.548043852e+01,7.85785e-26,7.86380e-26,9.99999e-01,9.99242e-01
1.555784071e+01,3.69994e-43,3.70284e-43,9.99999e-01,9.99215e-01
1.563562991e+01,8.65118e-45,8.65823e-45,9.99999e-01,9.99185e-01
1.571380806e+01,1.74638e-42,1.74785e-42,9.99999e-01,9.99155e-01
1.579237710e+01,5.62796e-29,5.63289e-29,9.99999e-01,9.99124e-01
1.587133899e+01,6.08885e-29,6.09439e-29,9.99999e-01,9.99090e-01
1.595069568e+01,9.02390e-39,9.03243e-39,9.99999e-01,9.99054e-01
1.603044916e+01,2.05500e-43,2.05701e-43,9.99999e-01,9.99018e-01
1.611060141e+01,6.67831e-40,6.68512e-40,9.99999e-01,9.98980e-01
1.619115441e+01,1.01006e-42,1.01113e-42,9.99999e-01,9.98939e-01
1.627211019e+01,1.65580e-41,1.65762e-41,9.99999e-01,9.98898e-01
1.635347074e+01,1.39377e-41,1.39536e-41,9.99999e-01,9.98856e-01
1.643523809e+01,5.84417e-43,5.85112e-43,9.99999e-01,9.98811e-01
1.651741428e+01,2.15489e-51,2.15755e-51,9.99999e-01,9.98765e-01
1.660000135e+01,5.61742e-69,5.62461e-69,9.99999e-01,9.98719e-01
1.668300136e+01,3.43300e-52,3.43757e-52,9.99999e-01,9.98670e-01
1.676641637e+01,2.12104e-51,2.12396e-51,9.99999e-01,9.98621e-01
1.685024845e+01,1.59732e-60,1.59960e-60,9.99999e-01,9.98571e-01
1.693449969e+01,2.02996e-66,2.03297e-66,9.99999e-01,9.98518e-01
1.701917219e+01,1.34531e-75,1.34738e-75,9.99999e-01,9.98461e-01
1.710426805e+01,1.33850e-97,1.34064e-97,9.99999e-01,9.98404e-01
1.718978939e+01,3.60318e-100,3.60915e-100,9.99999e-01,9.98347e-01
1.727573834e+01,1.68968e-101,1.69259e-101,9.99999e-01,9.98280e-01
1.736211703e+01,5.06756e-98,5.07663e-98,9.99999e-01,9.98214e-01
1.744892761e+01,2.45624e-76,2.46079e-76,9.99999e-01,9.98147e-01
1.753617225e+01,9.06840e-73,9.08587e-73,9.99999e-01,9.98076e-01
1.762385311e+01,1.04374e-73,1.04583e-73,9.99999e-01,9.98002e-01
1.771197238e+01,1.35907e-83,1.36189e-83,9.99999e-01,9.97928e-01
1.780053224e+01,9.02422e-87,9.04362e-87,9.99999e-01,9.97853e-01
1.788953490e+01,1.43174e-94,1.43494e-94,9.99999e-01,9.97766e-01
1.797898258e+01,3.18893e-104,3.19635e-104,9.99999e-01,9.97678e-01
1.806887749e+01,6.45621e-109,6.47180e-109,9.99999e-01,9.97590e-01
1.815922188e+01,8.58501e-127,8.60655e-127,9.99999e-01,9.97497e-01
1.825001799e+01,7.33963e-105,7.35879e-105,9.99999e-01,9.97395e-01
1.834126808e+01,3.26512e-101,3.27397e-101,9.99999e-01,9.97294e-01
1.843297442e+01,1.35196e-105,1.35577e-105,9.99999e-01,9.97192e-01
1.852513929e+01,7.89910e-169,7.92221e-169,9.99999e-01,9.97082e-01
1.861776499e+01,4.08123e-159,4.09363e-159,9.99999e-01,9.96970e-01
1.871085381e+01,5.14224e-115,5.15845e-115,9.99999e-01,9.96857e-01
1.880440808e+01,5.64514e-112,5.66358e-112,9.99999e-01,9.96743e-01
1.889843012e+01,7.38240e-128,7.40746e-128,9.99999e-01,9.96615e-01
1.899292227e+01,2.21795e-151,2.22577e-151,9.99999e-01,9.96486e-01
1.908788688e+01,2.37508e-150,2.38376e-150,9.99999e-01,9.96356e-01
1.918332632e+01,2.71872e-157,2.72902e-157,9.99999e-01,9.96225e-01
1.927924295e+01,2.42894e-258,2.43848e-258,9.99999e-01,9.96086e-01
1.937563916e+01,3.90718e-293,3.92307e-293,9.99999e-01,9.95947e-01
1.947251736e+01,6.32337e-295,6.34998e-295,9.99999e-01,9.95808e-01
1.956987994e+01,1.30843e-248,1.31413e-248,9.99999e-01,9.95659e-01
1.966772934e+01,9.69697e-229,9.74089e-229,9.99999e-01,9.95490e-01
1.976606799e+01,4.86955e-229,4.89245e-229,9.99999e-01,9.95319e-01
1.986489833e+01,1.13405e-290,1.13958e-290,9.99999e-01,9.95147e-01
1.996422282e+01,2.02022e-188,2.03044e-188,9.99999e-01,9.94968e-01
