#,Wave/freq,Total,N2,CO2,H2O,Rayleigh,CIA
4.000000000e-01,2.74472e-06,9.99999e-01,9.99999e-01,9.99974e-01,2.74479e-06,9.99999e-01
4.020000000e-01,3.53561e-06,9.99999e-01,9.99999e-01,9.99984e-01,3.53567e-06,9.99999e-01
4.040100000e-01,4.53054e-06,9.99999e-01,9.99999e-01,9.99993e-01,4.53057e-06,9.99999e-01
4.060300500e-01,5.77705e-06,9.99999e-01,9.99999e-01,9.99998e-01,5.77706e-06,9.99999e-01
4.080602003e-01,7.33121e-06,9.99999e-01,9.99999e-01,9.99999e-01,7.33121e-06,9.99999e-01
4.101005013e-01,9.25979e-06,9.99999e-01,9.99999e-01,9.99999e-01,9.25980e-06,9.99999e-01
4.121510038e-01,1.16419e-05,9.99999e-01,9.99999e-01,9.99998e-01,1.16419e-05,9.99999e-01
4.142117588e-01,1.45706e-05,9.99999e-01,9.99999e-01,9.99992e-01,1.45707e-05,9.99999e-01
4.162828176e-01,1.81552e-05,9.99999e-01,9.99999e-01,9.99969e-01,1.81558e-05,9.99999e-01
4.183642317e-01,2.25244e-05,9.99999e-01,9.99999e-01,9.99981e-01,2.25248e-05,9.99999e-01
4.204560528e-01,2.78261e-05,9.99999e-01,9.99999e-01,9.99988e-01,2.78264e-05,9.99999e-01
4.225583331e-01,3.42325e-05,9.99999e-01,9.99999e-01,9.99995e-01,3.42327e-05,9.99999e-01
4.246711247e-01,4.19416e-05,9.99999e-01,9.99999e-01,9.99996e-01,4.19418e-05,9.99999e-01
4.267944804e-01,5.11809e-05,9.99999e-01,9.99999e-01,9.99994e-01,5.11812e-05,9.99999e-01
4.289284528e-01,6.22106e-05,9.99999e-01,9.99999e-01,9.99995e-01,6.22108e-05,9.99999e-01
4.310730950e-01,7.53263e-05,9.99999e-01,9.99999e-01,9.99997e-01,7.53265e-05,9.99999e-01
4.332284605e-01,9.08632e-05,9.99999e-01,9.99999e-01,9.99999e-01,9.08632e-05,9.99999e-01
4.353946028e-01,1.09199e-04,9.99999e-01,9.99999e-01,9.99999e-01,1.09199e-04,9.99999e-01
4.375715758e-01,1.30760e-04,9.99999e-01,9.99999e-01,9.99996e-01,1.30760e-04,9.99999e-01
4.397594337e-01,1.56017e-04,9.99999e-01,9.99999e-01,9.99972e-01,1.56021e-04,9.99999e-01
4.419582309e-01,1.85489e-04,9.99999e-01,9.99999e-01,9.99860e-01,1.85515e-04,9.99999e-01
4.441680220e-01,2.19807e-04,9.99999e-01,9.99999e-01,9.99894e-01,2.19830e-04,9.99999e-01
4.463888621e-01,2.59592e-04,9.99999e-01,9.99999e-01,9.99889e-01,2.59621e-04,9.99999e-01
4.486208064e-01,3.05588e-04,9.99999e-01,9.99999e-01,9.99931e-01,3.05608e-04,9.99999e-01
4.508639105e-01,3.58574e-04,9.99999e-01,9.99999e-01,9.99967e-01,3.58585e-04,9.99999e-01
4.531182300e-01,4.19413e-04,9.99999e-01,9.99999e-01,9.99986e-01,4.19418e-04,9.99999e-01
4.553838212e-01,4.89052e-04,9.99999e-01,9.99999e-01,9.99990e-01,4.89056e-04,9.99999e-01
4.576607403e-01,5.68526e-04,9.99999e-01,9.99999e-01,9.99995e-01,5.68528e-04,9.99999e-01
4.599490440e-01,6.58950e-04,9.99999e-01,9.99999e-01,9.99996e-01,6.58952e-04,9.99999e-01
4.622487892e-01,7.61533e-04,9.99999e-01,9.99999e-01,9.99999e-01,7.61534e-04,9.99999e-01
4.645600332e-01,8.77572e-04,9.99999e-01,9.99999e-01,9.99997e-01,8.77573e-04,9.99999e-01
4.668828333e-01,1.00843e-03,9.99999e-01,9.99999e-01,9.99966e-01,1.00847e-03,9.99999e-01
4.692172475e-01,1.15562e-03,9.99999e-01,9.99999e-01,9.99930e-01,1.15570e-03,9.99999e-01
4.715633337e-01,1.32082e-03,9.99999e-01,9.99999e-01,9.99954e-01,1.32088e-03,9.99999e-01
4.739211504e-01,1.50561e-03,9.99999e-01,9.99999e-01,9.99956e-01,1.50568e-03,9.99999e-01
4.762907561e-01,1.71186e-03,9.99999e-01,9.99999e-01,9.99977e-01,1.71190e-03,9.99999e-01
4.786722099e-01,1.94143e-03,9.99999e-01,9.99999e-01,9.99990e-01,1.94144e-03,9.99999e-01
4.810655710e-01,2.19629e-03,9.99999e-01,9.99999e-01,9.99996e-01,2.19630e-03,9.99999e-01
4.834708988e-01,2.47849e-03,9.99999e-01,9.99999e-01,9.99972e-01,2.47856e-03,9.99999e-01
4.858882533e-01,2.79029e-03,9.99999e-01,9.99999e-01,9.99950e-01,2.79042e-03,9.99999e-01
4.883176946e-01,3.13406e-03,9.99999e-01,9.99999e-01,9.99958e-01,3.13418e-03,9.99999e-01
4.907592831e-01,3.51210e-03,9.99999e-01,9.99999e-01,9.99962e-01,3.51222e-03,9.99999e-01
4.932130795e-01,3.92692e-03,9.99999e-01,9.99999e-01,9.99973e-01,3.92702e-03,9.99999e-01
4.956791449e-01,4.38107e-03,9.99999e-01,9.99999e-01,9.99985e-01,4.38113e-03,9.99999e-01
4.981575406e-01,4.87686e-03,9.99999e-01,9.99999e-01,9.99929e-01,4.87720e-03,9.99999e-01
5.006483283e-01,5.41695e-03,9.99999e-01,9.99999e-01,9.99816e-01,5.41795e-03,9.99998e-01
5.031515699e-01,6.00059e-03,9.99999e-01,9.99999e-01,9.99080e-01,6.00617e-03,9.99989e-01
5.056673278e-01,6.64143e-03,9.99999e-01,9.99999e-01,9.99516e-01,6.64471e-03,9.99988e-01
5.081956644e-01,7.33196e-03,9.99999e-01,9.99999e-01,9.99391e-01,7.33647e-03,9.99992e-01
5.107366428e-01,8.08110e-03,9.99999e-01,9.99999e-01,9.99589e-01,8.08443e-03,9.99998e-01
5.132903260e-01,8.88949e-03,9.99999e-01,9.99999e-01,9.99765e-01,8.89157e-03,9.99999e-01
5.158567776e-01,9.75996e-03,9.99999e-01,9.99999e-01,9.99900e-01,9.76093e-03,9.99999e-01
5.184360615e-01,1.06951e-02,9.99999e-01,9.99999e-01,9.99960e-01,1.06956e-02,9.99999e-01
5.210282418e-01,1.16984e-02,9.99999e-01,9.99999e-01,9.99984e-01,1.16985e-02,9.99999e-01
5.236333830e-01,1.27722e-02,9.99999e-01,9.99999e-01,9.99939e-01,1.27729e-02,9.99999e-01
5.262515499e-01,1.39213e-02,9.99999e-01,9.99999e-01,9.99962e-01,1.39218e-02,9.99998e-01
5.288828077e-01,1.51477e-02,9.99999e-01,9.99999e-01,9.99965e-01,1.51483e-02,9.99999e-01
5.315272217e-01,1.64548e-02,9.99999e-01,9.99999e-01,9.99969e-01,1.64553e-02,9.99999e-01
5.341848578e-01,1.78455e-02,9.99999e-01,9.99999e-01,9.99979e-01,1.78459e-02,9.99999e-01
5.368557821e-01,1.93216e-02,9.99999e-01,9.99999e-01,9.99929e-01,1.93230e-02,9.99999e-01
5.395400610e-01,2.08841e-02,9.99999e-01,9.99999e-01,9.99744e-01,2.08895e-02,9.99997e-01
5.422377613e-01,2.25409e-02,9.99999e-01,9.99999e-01,9.99676e-01,2.25483e-02,9.99993e-01
5.449489501e-01,2.42946e-02,9.99999e-01,9.99999e-01,9.99696e-01,2.43021e-02,9.99993e-01
5.476736949e-01,2.61466e-02,9.99999e-01,9.99999e-01,9.99734e-01,2.61536e-02,9.99996e-01
5.504120634e-01,2.80999e-02,9.99999e-01,9.99999e-01,9.99806e-01,2.81054e-02,9.99998e-01
5.531641237e-01,3.01569e-02,9.99999e-01,9.99999e-01,9.99902e-01,3.01599e-02,9.99999e-01
5.559299443e-01,3.23180e-02,9.99999e-01,9.99999e-01,9.99952e-01,3.23195e-02,9.99999e-01
5.587095940e-01,3.45854e-02,9.99999e-01,9.99999e-01,9.99970e-01,3.45865e-02,9.99999e-01
5.615031420e-01,3.69617e-02,9.99999e-01,9.99999e-01,9.99966e-01,3.69629e-02,9.99999e-01
5.643106577e-01,3.94494e-02,9.99999e-01,9.99999e-01,9.99961e-01,3.94509e-02,9.99999e-01
5.671322110e-01,4.20324e-02,9.99999e-01,9.99999e-01,9.99534e-01,4.20521e-02,9.99995e-01
5.699678720e-01,4.47465e-02,9.99999e-01,9.99999e-01,9.99523e-01,4.47684e-02,9.99987e-01
5.728177114e-01,4.75768e-02,9.99999e-01,9.99999e-01,9.99496e-01,4.76012e-02,9.99989e-01
5.756818000e-01,5.05284e-02,9.99999e-01,9.99999e-01,9.99539e-01,5.05520e-02,9.99993e-01
5.785602090e-01,5.36004e-02,9.99999e-01,9.99999e-01,9.99599e-01,5.36220e-02,9.99997e-01
5.814530100e-01,5.67892e-02,9.99999e-01,9.99999e-01,9.99596e-01,5.68122e-02,9.99998e-01
5.843602750e-01,6.00941e-02,9.99999e-01,9.99999e-01,9.99513e-01,6.01235e-02,9.99996e-01
5.872820764e-01,6.32892e-02,9.99999e-01,9.99999e-01,9.95820e-01,6.35567e-02,9.99970e-01
5.902184868e-01,6.67715e-02,9.99999e-01,9.99999e-01,9.95000e-01,6.71122e-02,9.99920e-01
5.931695792e-01,7.05340e-02,9.99999e-01,9.99999e-01,9.96451e-01,7.07906e-02,9.99923e-01
5.961354271e-01,7.42994e-02,9.99999e-01,9.99999e-01,9.96122e-01,7.45918e-02,9.99955e-01
5.991161043e-01,7.82933e-02,9.99999e-01,9.99999e-01,9.97176e-01,7.85160e-02,9.99985e-01
6.021116848e-01,8.24308e-02,9.99999e-01,9.99999e-01,9.98399e-01,8.25630e-02,9.99997e-01
6.051222432e-01,8.66623e-02,9.99999e-01,9.99999e-01,9.99190e-01,8.67325e-02,9.99999e-01
6.081478544e-01,9.09921e-02,9.99999e-01,9.99999e-01,9.99650e-01,9.10239e-02,9.99999e-01
6.111885937e-01,9.54225e-02,9.99999e-01,9.99999e-01,9.99852e-01,9.54365e-02,9.99999e-01
6.142445367e-01,9.99629e-02,9.99999e-01,9.99999e-01,9.99933e-01,9.99695e-02,9.99999e-01
6.173157594e-01,1.04618e-01,9.99999e-01,9.99999e-01,9.99963e-01,1.04622e-01,9.99999e-01
6.204023382e-01,1.09389e-01,9.99999e-01,9.99999e-01,9.99968e-01,1.09393e-01,9.99999e-01
6.235043498e-01,1.14264e-01,9.99999e-01,9.99999e-01,9.99859e-01,1.14280e-01,9.99999e-01
6.266218716e-01,1.19196e-01,9.99999e-01,9.99999e-01,9.99276e-01,1.19283e-01,9.99994e-01
6.297549810e-01,1.24365e-01,9.99999e-01,9.99999e-01,9.99734e-01,1.24399e-01,9.99989e-01
6.329037559e-01,1.29559e-01,9.99999e-01,9.99999e-01,9.99478e-01,1.29627e-01,9.99991e-01
6.360682746e-01,1.34905e-01,9.99999e-01,9.99999e-01,9.99552e-01,1.34966e-01,9.99994e-01
6.392486160e-01,1.40330e-01,9.99999e-01,9.99999e-01,9.99422e-01,1.40412e-01,9.99997e-01
6.424448591e-01,1.45849e-01,9.99999e-01,9.99999e-01,9.99217e-01,1.45964e-01,9.99995e-01
6.456570834e-01,1.51066e-01,9.99999e-01,9.99999e-01,9.96372e-01,1.51619e-01,9.99977e-01
6.488853688e-01,1.56954e-01,9.99999e-01,9.99999e-01,9.97383e-01,1.57375e-01,9.99943e-01
6.521297956e-01,1.62786e-01,9.99999e-01,9.99999e-01,9.97333e-01,1.63229e-01,9.99953e-01
6.553904446e-01,1.68721e-01,9.99999e-01,9.99999e-01,9.97328e-01,1.69179e-01,9.99965e-01
6.586673968e-01,1.74822e-01,9.99999e-01,9.99999e-01,9.97725e-01,1.75222e-01,9.99988e-01
6.619607338e-01,1.81125e-01,9.99999e-01,9.99999e-01,9.98732e-01,1.81355e-01,9.99997e-01
6.652705375e-01,1.87432e-01,9.99999e-01,9.99999e-01,9.99239e-01,1.87575e-01,9.99998e-01
6.685968902e-01,1.93817e-01,9.99999e-01,9.99999e-01,9.99676e-01,1.93880e-01,9.99999e-01
6.719398746e-01,2.00232e-01,9.99999e-01,9.99999e-01,9.99836e-01,2.00265e-01,9.99999e-01
6.752995740e-01,2.06710e-01,9.99999e-01,9.99999e-01,9.99913e-01,2.06728e-01,9.99999e-01
6.786760719e-01,2.13239e-01,9.99999e-01,9.99999e-01,9.99869e-01,2.13266e-01,9.99999e-01
6.820694522e-01,2.19827e-01,9.99999e-01,9.99999e-01,9.99776e-01,2.19876e-01,9.99998e-01
6.854797995e-01,2.26489e-01,9.99999e-01,9.99999e-01,9.99714e-01,2.26554e-01,9.99997e-01
6.889071985e-01,2.33080e-01,9.99999e-01,9.99999e-01,9.99075e-01,2.33297e-01,9.99993e-01
6.923517345e-01,2.37367e-01,9.99999e-01,9.99999e-01,9.88666e-01,2.40101e-01,9.99945e-01
6.958134932e-01,2.45522e-01,9.99999e-01,9.99999e-01,9.94280e-01,2.46963e-01,9.99880e-01
6.992925606e-01,2.52435e-01,9.99999e-01,9.99999e-01,9.94410e-01,2.53881e-01,9.99892e-01
7.027890234e-01,2.59049e-01,9.99999e-01,9.99999e-01,9.93178e-01,2.60849e-01,9.99917e-01
7.063029686e-01,2.66316e-01,9.99999e-01,9.99999e-01,9.94255e-01,2.67866e-01,9.99958e-01
7.098344834e-01,2.73405e-01,9.99999e-01,9.99999e-01,9.94488e-01,2.74927e-01,9.99975e-01
7.133836558e-01,2.79910e-01,9.99999e-01,9.99999e-01,9.92531e-01,2.82029e-01,9.99951e-01
7.169505741e-01,2.72270e-01,9.99999e-01,9.99999e-01,9.41913e-01,2.89169e-01,9.99622e-01
7.205353270e-01,2.87817e-01,9.99999e-01,9.99999e-01,9.71872e-01,2.96344e-01,9.99334e-01
7.241380036e-01,2.92337e-01,9.99999e-01,9.99999e-01,9.63614e-01,3.03549e-01,9.99424e-01
7.277586936e-01,3.00440e-01,9.99999e-01,9.99999e-01,9.67156e-01,3.10782e-01,9.99548e-01
7.313974871e-01,3.06981e-01,9.99999e-01,9.99999e-01,9.65419e-01,3.18040e-01,9.99799e-01
7.350544745e-01,3.19088e-01,9.99999e-01,9.99999e-01,9.80922e-01,3.25319e-01,9.99923e-01
7.387297469e-01,3.27928e-01,9.99999e-01,9.99999e-01,9.85943e-01,3.32615e-01,9.99964e-01
7.424233956e-01,3.37586e-01,9.99999e-01,9.99999e-01,9.93121e-01,3.39926e-01,9.99993e-01
7.461355126e-01,3.45797e-01,9.99999e-01,9.99999e-01,9.95818e-01,3.47249e-01,9.99998e-01
7.498661902e-01,3.53892e-01,9.99999e-01,9.99999e-01,9.98059e-01,3.54580e-01,9.99999e-01
7.536155211e-01,3.61571e-01,9.99999e-01,9.99999e-01,9.99043e-01,3.61917e-01,9.99999e-01
7.573835987e-01,3.69074e-01,9.99999e-01,9.99999e-01,9.99507e-01,3.69256e-01,9.99999e-01
7.611705167e-01,3.76479e-01,9.99999e-01,9.99999e-01,9.99693e-01,3.76594e-01,9.99999e-01
7.649763693e-01,3.83856e-01,9.99999e-01,9.99999e-01,9.99807e-01,3.83929e-01,9.99999e-01
7.688012511e-01,3.91206e-01,9.99999e-01,9.99999e-01,9.99865e-01,3.91258e-01,9.99999e-01
7.726452574e-01,3.98534e-01,9.99999e-01,9.99999e-01,9.99889e-01,3.98578e-01,9.99999e-01
7.765084837e-01,4.05822e-01,9.99999e-01,9.99999e-01,9.99841e-01,4.05886e-01,9.99999e-01
7.803910261e-01,3.95427e-01,9.99999e-01,9.57664e-01,9.99313e-01,4.13180e-01,9.99998e-01
7.842929812e-01,3.50036e-01,9.99999e-01,8.34401e-01,9.97604e-01,4.20457e-01,9.99995e-01
7.882144461e-01,3.50141e-01,9.99999e-01,8.22478e-01,9.95127e-01,4.27714e-01,9.99966e-01
7.921555184e-01,3.86778e-01,9.99999e-01,8.91597e-01,9.97345e-01,4.34950e-01,9.99941e-01
7.961162960e-01,4.07821e-01,9.99999e-01,9.26753e-01,9.95236e-01,4.42162e-01,9.99944e-01
8.000968774e-01,4.28774e-01,9.99999e-01,9.59489e-01,9.94543e-01,4.49347e-01,9.99940e-01
8.040973618e-01,4.44421e-01,9.99999e-01,9.78917e-01,9.94531e-01,4.56503e-01,9.99954e-01
8.081178486e-01,4.53392e-01,9.99999e-01,9.90215e-01,9.87605e-01,4.63629e-01,9.99954e-01
8.121584379e-01,4.45520e-01,9.99999e-01,9.97012e-01,9.49425e-01,4.70722e-01,9.99827e-01
8.162192301e-01,4.49031e-01,9.99999e-01,9.99338e-01,9.41042e-01,4.77781e-01,9.99352e-01
8.203003262e-01,4.69645e-01,9.99999e-01,9.99990e-01,9.69477e-01,4.84802e-01,9.99241e-01
8.244018279e-01,4.71360e-01,9.99999e-01,9.99999e-01,9.59045e-01,4.91785e-01,9.99396e-01
8.285238370e-01,4.80589e-01,9.99999e-01,9.99999e-01,9.64085e-01,4.98728e-01,9.99525e-01
8.326664562e-01,4.87283e-01,9.99999e-01,9.99999e-01,9.63905e-01,5.05628e-01,9.99803e-01
8.368297885e-01,4.99218e-01,9.99999e-01,9.99999e-01,9.74155e-01,5.12485e-01,9.99954e-01
8.410139374e-01,5.11275e-01,9.99999e-01,9.99999e-01,9.84577e-01,5.19297e-01,9.99973e-01
8.452190071e-01,5.22069e-01,9.99999e-01,9.99999e-01,9.92424e-01,5.26062e-01,9.99983e-01
8.494451021e-01,5.30416e-01,9.99999e-01,9.99999e-01,9.95576e-01,5.32779e-01,9.99986e-01
8.536923276e-01,5.38037e-01,9.99999e-01,9.99999e-01,9.97393e-01,5.39447e-01,9.99991e-01
8.579607893e-01,5.45183e-01,9.99999e-01,9.99999e-01,9.98388e-01,5.46064e-01,9.99997e-01
8.622505932e-01,5.52065e-01,9.99999e-01,9.99999e-01,9.98978e-01,5.52629e-01,9.99999e-01
8.665618462e-01,5.09890e-01,9.99999e-01,9.12470e-01,9.99365e-01,5.59141e-01,9.99999e-01
8.708946554e-01,3.56334e-01,9.99999e-01,6.30451e-01,9.99270e-01,5.65598e-01,9.99999e-01
8.752491287e-01,3.94317e-01,9.99999e-01,6.90013e-01,9.99025e-01,5.72001e-01,9.99998e-01
8.796253743e-01,4.70911e-01,9.99999e-01,8.15302e-01,9.98645e-01,5.78347e-01,9.99996e-01
8.840235012e-01,5.24988e-01,9.99999e-01,8.99345e-01,9.98454e-01,5.84637e-01,9.99990e-01
8.884436187e-01,5.63528e-01,9.99999e-01,9.59228e-01,9.94224e-01,5.90868e-01,9.99972e-01
8.928858368e-01,5.52894e-01,9.99999e-01,9.83251e-01,9.41805e-01,5.97041e-01,9.99845e-01
8.973502660e-01,5.40614e-01,9.99999e-01,9.95936e-01,9.00586e-01,6.03155e-01,9.99212e-01
9.018370173e-01,5.76880e-01,9.99999e-01,9.99553e-01,9.48515e-01,6.09208e-01,9.98761e-01
9.063462024e-01,5.79230e-01,9.99999e-01,9.88045e-01,9.53529e-01,6.15201e-01,9.98912e-01
9.108779334e-01,5.61363e-01,9.99999e-01,9.73597e-01,9.28965e-01,6.21133e-01,9.98869e-01
9.154323231e-01,5.72786e-01,9.99999e-01,9.93839e-01,9.19905e-01,6.27003e-01,9.99065e-01
9.200094847e-01,5.42551e-01,9.99999e-01,9.11856e-01,9.36932e-01,6.32811e-01,9.99476e-01
9.246095321e-01,5.05627e-01,9.99999e-01,8.77133e-01,9.00715e-01,6.38557e-01,9.99397e-01
9.292325798e-01,2.96488e-01,9.99999e-01,9.01192e-01,5.05562e-01,6.44239e-01,9.97094e-01
9.338787427e-01,2.47628e-01,9.99999e-01,9.05475e-01,4.20237e-01,6.49859e-01,9.89536e-01
9.385481364e-01,4.26674e-01,9.99999e-01,9.29526e-01,7.05017e-01,6.55415e-01,9.88510e-01
9.432408771e-01,3.84640e-01,9.99999e-01,9.56370e-01,6.12858e-01,6.60907e-01,9.90079e-01
9.479570815e-01,3.30532e-01,9.99999e-01,9.77315e-01,5.10927e-01,6.66336e-01,9.91918e-01
9.526968669e-01,4.00298e-01,9.99999e-01,9.89032e-01,6.04872e-01,6.71701e-01,9.95062e-01
9.574603512e-01,4.21313e-01,9.99999e-01,9.95301e-01,6.26600e-01,6.77001e-01,9.97488e-01
9.622476530e-01,4.65160e-01,9.99999e-01,9.98535e-01,6.83931e-01,6.82238e-01,9.98262e-01
9.670588912e-01,5.50935e-01,9.99999e-01,9.99561e-01,8.02707e-01,6.87410e-01,9.98861e-01
9.718941857e-01,6.02655e-01,9.99999e-01,9.99969e-01,8.71020e-01,6.92518e-01,9.99127e-01
9.767536566e-01,6.21555e-01,9.99999e-01,9.99999e-01,8.91633e-01,6.97563e-01,9.99331e-01
9.816374249e-01,6.45320e-01,9.99999e-01,9.99999e-01,9.18761e-01,7.02543e-01,9.99768e-01
9.865456120e-01,6.70957e-01,9.99999e-01,9.99999e-01,9.48449e-01,7.07459e-01,9.99951e-01
9.914783401e-01,6.89361e-01,9.99999e-01,9.99999e-01,9.67792e-01,7.12312e-01,9.99986e-01
9.964357318e-01,7.04429e-01,9.99999e-01,9.99999e-01,9.82336e-01,7.17101e-01,9.99991e-01
1.001417910e+00,7.14157e-01,9.99999e-01,9.99999e-01,9.89386e-01,7.21827e-01,9.99987e-01
1.006425000e+00,7.22059e-01,9.99999e-01,9.99999e-01,9.93917e-01,7.26489e-01,9.99982e-01
1.011457125e+00,7.28325e-01,9.99999e-01,9.99999e-01,9.96234e-01,7.31089e-01,9.99983e-01
1.016514411e+00,7.33733e-01,9.99999e-01,9.99999e-01,9.97437e-01,7.35626e-01,9.99988e-01
1.021596983e+00,7.38525e-01,9.99999e-01,9.99925e-01,9.97955e-01,7.40101e-01,9.99988e-01
1.026704968e+00,7.39823e-01,9.99999e-01,9.95291e-01,9.98404e-01,7.44514e-01,9.99992e-01
1.031838492e+00,7.06604e-01,9.99999e-01,9.44619e-01,9.98843e-01,7.48865e-01,9.99997e-01
1.036997685e+00,9.40555e-02,9.99999e-01,1.24949e-01,9.99310e-01,7.53155e-01,9.99999e-01
1.042182673e+00,6.08144e-02,9.99999e-01,8.03529e-02,9.99173e-01,7.57384e-01,9.99999e-01
1.047393587e+00,7.79570e-02,9.99999e-01,1.02464e-01,9.98907e-01,7.61553e-01,9.99999e-01
1.052630555e+00,1.15780e-03,9.99999e-01,1.51378e-03,9.98498e-01,7.65661e-01,9.99999e-01
1.057893707e+00,3.34103e-03,9.99999e-01,4.34772e-03,9.97488e-01,7.69710e-01,9.99998e-01
1.063183176e+00,1.36848e-02,9.99999e-01,1.77381e-02,9.95876e-01,7.73700e-01,9.99997e-01
1.068499092e+00,4.47727e-02,9.99999e-01,5.79014e-02,9.93116e-01,7.77631e-01,9.99994e-01
1.073841587e+00,1.28685e-01,9.99999e-01,1.65784e-01,9.91926e-01,7.81504e-01,9.99989e-01
1.079210795e+00,2.49230e-01,9.99999e-01,3.20323e-01,9.89712e-01,7.85319e-01,9.99972e-01
1.084606849e+00,4.15068e-01,9.99999e-01,5.33924e-01,9.84426e-01,7.89076e-01,9.99933e-01
1.090029883e+00,5.59335e-01,9.99999e-01,7.21330e-01,9.77503e-01,7.92777e-01,9.99862e-01
1.095480033e+00,6.37929e-01,9.99999e-01,8.51578e-01,9.40077e-01,7.96422e-01,9.99751e-01
1.100957433e+00,6.33242e-01,9.99999e-01,9.25419e-01,8.54882e-01,8.00011e-01,9.99542e-01
1.106462220e+00,5.23391e-01,9.99999e-01,9.68525e-01,6.72103e-01,8.03545e-01,9.99224e-01
1.111994531e+00,3.49174e-01,9.99999e-01,9.88213e-01,4.38286e-01,8.07024e-01,9.97944e-01
1.117554504e+00,2.13482e-01,9.99999e-01,9.97131e-01,2.65975e-01,8.10449e-01,9.92598e-01
1.123142276e+00,3.08578e-01,9.99999e-01,9.99813e-01,3.85941e-01,8.13820e-01,9.82537e-01
1.128757988e+00,4.29224e-01,9.99999e-01,9.99999e-01,5.36091e-01,8.17138e-01,9.79826e-01
1.134401778e+00,2.33837e-01,9.99999e-01,9.99999e-01,2.90008e-01,8.20404e-01,9.82820e-01
1.140073787e+00,5.57373e-01,9.99999e-01,9.99999e-01,6.86171e-01,8.23619e-01,9.86249e-01
1.145774156e+00,3.76998e-01,9.99999e-01,9.99999e-01,4.61798e-01,8.26781e-01,9.87406e-01
1.151503026e+00,3.49296e-01,9.99999e-01,9.99999e-01,4.23874e-01,8.29894e-01,9.92964e-01
1.157260541e+00,4.01905e-01,9.99999e-01,9.99999e-01,4.83524e-01,8.32956e-01,9.97890e-01
1.163046844e+00,4.88444e-01,9.99999e-01,9.99999e-01,5.84635e-01,8.35968e-01,9.99401e-01
1.168862078e+00,5.76588e-01,9.99999e-01,9.99999e-01,6.87501e-01,8.38932e-01,9.99687e-01
1.174706389e+00,6.67643e-01,9.99999e-01,9.99999e-01,7.93408e-01,8.41847e-01,9.99570e-01
1.180579921e+00,7.33209e-01,9.99999e-01,9.99999e-01,8.68532e-01,8.44715e-01,9.99381e-01
1.186482820e+00,7.82033e-01,9.99999e-01,9.99987e-01,9.23308e-01,8.47535e-01,9.99365e-01
1.192415234e+00,7.97761e-01,9.99999e-01,9.83230e-01,9.54438e-01,8.50309e-01,9.99524e-01
1.198377311e+00,4.57605e-01,9.99999e-01,5.54615e-01,9.61370e-01,8.53037e-01,9.99548e-01
1.204369197e+00,3.55370e-13,9.99999e-01,4.24480e-13,9.63461e-01,8.55720e-01,9.99607e-01
1.210391043e+00,3.70303e-49,9.99999e-01,4.40130e-49,9.65035e-01,8.58357e-01,9.99752e-01
1.216442998e+00,1.00800e-42,9.99999e-01,1.19312e-42,9.70265e-01,8.60951e-01,9.99848e-01
1.222525213e+00,4.23716e-42,9.99999e-01,4.96733e-42,9.76745e-01,8.63501e-01,9.99905e-01
1.228637839e+00,1.29798e-32,9.99999e-01,1.51581e-32,9.83781e-01,8.66007e-01,9.99955e-01
1.234781029e+00,6.49849e-21,9.99999e-01,7.52213e-21,9.87953e-01,8.68472e-01,9.99987e-01
1.240954934e+00,4.59617e-14,9.99999e-01,5.30366e-14,9.92357e-01,8.70894e-01,9.99996e-01
1.247159708e+00,1.33743e-07,9.99999e-01,1.53696e-07,9.94051e-01,8.73275e-01,9.99997e-01
1.253395507e+00,5.81878e-05,9.99999e-01,6.67145e-05,9.94706e-01,8.75616e-01,9.99996e-01
1.259662485e+00,3.50505e-03,9.99999e-01,4.00837e-03,9.94955e-01,8.77916e-01,9.99994e-01
1.265960797e+00,3.69007e-02,9.99999e-01,4.21843e-02,9.91974e-01,8.80177e-01,9.99991e-01
1.272290601e+00,2.23414e-01,9.99999e-01,2.56109e-01,9.87360e-01,8.82399e-01,9.99985e-01
1.278652054e+00,1.85255e-01,9.99999e-01,2.13537e-01,9.75039e-01,8.84582e-01,9.99975e-01
1.285045314e+00,2.56775e-03,9.99999e-01,2.95250e-03,9.55122e-01,8.86727e-01,9.99954e-01
1.291470541e+00,1.93022e-06,9.99999e-01,2.28354e-06,9.23111e-01,8.88836e-01,9.99919e-01
1.297927893e+00,4.10385e-03,9.99999e-01,4.87016e-03,8.92487e-01,8.90907e-01,9.99850e-01
1.304417533e+00,6.56912e-02,9.99999e-01,8.27537e-02,8.74920e-01,8.92942e-01,9.99683e-01
1.310939621e+00,1.07592e-02,9.99999e-01,1.31440e-02,8.44525e-01,8.94941e-01,9.99351e-01
1.317494319e+00,1.72275e-17,9.99999e-01,2.11694e-17,8.47393e-01,8.96906e-01,9.98800e-01
1.324081790e+00,5.38132e-09,9.99999e-01,6.69844e-09,7.83099e-01,8.98835e-01,9.97868e-01
1.330702199e+00,3.22678e-07,9.99999e-01,5.73649e-07,3.87443e-01,9.00731e-01,9.96389e-01
1.337355710e+00,2.31721e-07,9.99999e-01,1.50814e-06,7.07302e-02,9.02593e-01,9.93517e-01
1.344042489e+00,5.68215e-10,9.99999e-01,4.29230e-08,1.63477e-03,9.04422e-01,9.80602e-01
1.350762701e+00,7.74614e-12,9.99999e-01,3.49379e-07,5.58336e-06,9.06218e-01,9.35136e-01
1.357516515e+00,1.17166e-11,9.99999e-01,8.41522e-05,3.11633e-08,9.07983e-01,8.21343e-01
1.364304097e+00,5.40840e-08,9.99999e-01,1.96316e-03,1.78092e-05,9.09716e-01,7.08269e-01
1.371125618e+00,3.20431e-05,9.99999e-01,3.96985e-02,6.84581e-04,9.11417e-01,7.22382e-01
1.377981246e+00,1.19576e-04,9.99999e-01,6.84225e-02,1.79139e-03,9.13089e-01,7.56721e-01
1.384871152e+00,6.91347e-06,9.99999e-01,2.10204e-01,3.51565e-05,9.14730e-01,7.71240e-01
1.391795508e+00,5.17705e-06,9.99999e-01,2.36998e-01,2.26461e-05,9.16342e-01,7.80670e-01
1.398754485e+00,5.41240e-05,9.99999e-01,4.10042e-01,1.61481e-04,9.17925e-01,8.15030e-01
1.405748258e+00,6.57744e-05,9.99999e-01,5.19927e-01,1.38071e-04,9.19479e-01,8.87304e-01
1.412776999e+00,9.07092e-05,9.99999e-01,6.61460e-01,1.42694e-04,9.21004e-01,9.46872e-01
1.419840884e+00,1.75734e-04,9.99999e-01,5.85257e-01,2.61645e-04,9.22503e-01,9.76347e-01
1.426940089e+00,5.10332e-04,9.99999e-01,4.58580e-02,1.66302e-03,9.23974e-01,9.81978e-01
1.434074789e+00,0.00000e+00,9.99999e-01,0.00000e+00,7.34966e-03,9.25418e-01,9.78769e-01
1.441245163e+00,0.00000e+00,9.99999e-01,0.00000e+00,2.05109e-02,9.26836e-01,9.77024e-01
1.448451389e+00,0.00000e+00,9.99999e-01,0.00000e+00,6.51521e-02,9.28228e-01,9.79853e-01
1.455693646e+00,0.00000e+00,9.99999e-01,0.00000e+00,1.60317e-01,9.29594e-01,9.84288e-01
1.462972114e+00,4.96401e-193,9.99999e-01,1.44733e-192,2.01856e-01,9.30936e-01,9.85010e-01
1.470286975e+00,4.85277e-81,9.99999e-01,1.52706e-80,1.55923e-01,9.32253e-01,9.85263e-01
1.477638409e+00,1.64098e-51,9.99999e-01,5.13196e-51,1.86832e-01,9.33545e-01,9.90027e-01
1.485026601e+00,2.76880e-29,9.99999e-01,7.62705e-29,2.54439e-01,9.34814e-01,9.95397e-01
1.492451734e+00,6.54472e-25,9.99999e-01,1.40033e-24,3.60251e-01,9.36060e-01,9.97985e-01
1.499913993e+00,1.77670e-11,9.99999e-01,2.83246e-11,5.02982e-01,9.37282e-01,9.99130e-01
1.507413563e+00,2.73291e-10,9.99999e-01,4.34774e-10,6.08528e-01,9.38482e-01,9.99591e-01
1.514950631e+00,1.32344e-11,9.99999e-01,1.72482e-11,7.31532e-01,9.39660e-01,9.99808e-01
1.522525384e+00,1.16199e-36,9.99999e-01,1.41590e-36,8.16808e-01,9.40816e-01,9.99929e-01
1.530138011e+00,6.01369e-86,9.99999e-01,6.92567e-86,8.62384e-01,9.41950e-01,9.99975e-01
1.537788701e+00,7.41575e-64,9.99999e-01,8.31955e-64,9.19659e-01,9.43063e-01,9.99988e-01
1.545477645e+00,2.39691e-14,9.99999e-01,2.63210e-14,9.47873e-01,9.44156e-01,9.99993e-01
1.553205033e+00,3.35793e-10,9.99999e-01,3.66938e-10,9.57086e-01,9.45228e-01,9.99996e-01
1.560971058e+00,9.92974e-11,9.99999e-01,1.06753e-10,9.73473e-01,9.46281e-01,9.99997e-01
1.568775913e+00,4.20156e-216,9.99999e-01,4.48960e-216,9.82303e-01,9.47313e-01,9.99997e-01
1.576619793e+00,0.00000e+00,9.99999e-01,0.00000e+00,9.86256e-01,9.48326e-01,9.99997e-01
1.584502892e+00,2.96881e-276,9.99999e-01,3.14770e-276,9.91616e-01,9.49321e-01,9.99996e-01
1.592425406e+00,1.12987e-192,9.99999e-01,1.19451e-192,9.92226e-01,9.50297e-01,9.99995e-01
1.600387533e+00,3.15073e-310,9.99999e-01,3.32562e-310,9.94623e-01,9.51254e-01,9.99995e-01
1.608389471e+00,0.00000e+00,9.99999e-01,0.00000e+00,9.94442e-01,9.52193e-01,9.99995e-01
1.616431418e+00,0.00000e+00,9.99999e-01,0.00000e+00,9.94293e-01,9.53115e-01,9.99996e-01
1.624513575e+00,1.30064e-244,9.99999e-01,1.36866e-244,9.93898e-01,9.54020e-01,9.99995e-01
1.632636143e+00,8.09914e-182,9.99999e-01,8.52025e-182,9.90451e-01,9.54907e-01,9.99994e-01
1.640799324e+00,9.90860e-75,9.99999e-01,1.04369e-74,9.87281e-01,9.55778e-01,9.99991e-01
1.649003321e+00,9.90690e-75,9.99999e-01,1.04710e-74,9.83855e-01,9.56632e-01,9.99988e-01
1.657248337e+00,5.52092e-58,9.99999e-01,5.83245e-58,9.78574e-01,9.57470e-01,9.99987e-01
1.665534579e+00,2.25116e-58,9.99999e-01,2.39551e-58,9.70942e-01,9.58292e-01,9.99986e-01
1.673862252e+00,1.47496e-37,9.99999e-01,1.56416e-37,9.60838e-01,9.59099e-01,9.99983e-01
1.682231563e+00,2.44043e-26,9.99999e-01,2.58145e-26,9.65568e-01,9.59891e-01,9.99976e-01
1.690642721e+00,4.12406e-15,9.99999e-01,4.41715e-15,9.40248e-01,9.60667e-01,9.99963e-01
1.699095934e+00,8.54784e-10,9.99999e-01,9.22176e-10,9.32034e-01,9.61429e-01,9.99943e-01
1.707591414e+00,1.76441e-05,9.99999e-01,1.91297e-05,9.26572e-01,9.62176e-01,9.99913e-01
1.716129371e+00,1.92362e-03,9.99999e-01,2.13696e-03,9.10041e-01,9.62909e-01,9.99863e-01
1.724710018e+00,2.83088e-02,9.99999e-01,3.28881e-02,8.67811e-01,9.63628e-01,9.99802e-01
1.733333568e+00,8.75085e-02,9.99999e-01,1.06864e-01,8.30569e-01,9.64334e-01,9.99711e-01
1.742000236e+00,1.96282e-01,9.99999e-01,2.62548e-01,7.54730e-01,9.65026e-01,9.99542e-01
1.750710237e+00,3.44603e-03,9.99999e-01,5.00105e-03,5.91185e-01,9.65704e-01,9.99266e-01
1.759463788e+00,4.40654e-36,9.99999e-01,7.41866e-36,3.73533e-01,9.66370e-01,9.98760e-01
1.768261107e+00,5.19200e-38,9.99999e-01,1.44253e-37,1.60480e-01,9.67024e-01,9.97863e-01
1.777102413e+00,3.44716e-37,9.99999e-01,2.53151e-36,4.85426e-02,9.67664e-01,9.96654e-01
1.785987925e+00,9.96374e-36,9.99999e-01,2.45599e-34,7.14180e-03,9.68293e-01,9.94617e-01
1.794917864e+00,1.44055e-34,9.99999e-01,8.90194e-33,1.17399e-03,9.68909e-01,9.89442e-01
1.803892454e+00,4.67674e-35,9.99999e-01,1.24794e-31,1.50244e-05,9.69514e-01,9.77966e-01
1.812911916e+00,3.68284e-35,9.99999e-01,2.39763e-30,1.37051e-06,9.70107e-01,9.47022e-01
1.821976476e+00,2.94806e-35,9.99999e-01,1.85544e-30,2.15695e-06,9.70689e-01,8.91080e-01
1.831086358e+00,6.10492e-30,9.99999e-01,1.15840e-24,2.70275e-07,9.71259e-01,7.91634e-01
1.840241790e+00,2.05093e-25,9.99999e-01,5.45945e-21,4.42870e-06,9.71819e-01,6.74171e-01
1.849442999e+00,5.65607e-19,9.99999e-01,1.11257e-14,1.52272e-05,9.72368e-01,6.22405e-01
1.858690214e+00,9.78759e-21,9.99999e-01,1.17495e-13,3.69465e-08,9.72906e-01,6.22680e-01
1.867983665e+00,2.63519e-21,9.99999e-01,1.86435e-14,8.27653e-09,9.73434e-01,6.46684e-01
1.877323583e+00,2.68568e-70,9.99999e-01,9.41525e-68,6.15253e-04,9.73952e-01,6.80514e-01
1.886710201e+00,9.22515e-91,9.99999e-01,1.02152e-88,1.04754e-03,9.74460e-01,7.14439e-01
1.896143752e+00,4.50556e-103,9.99999e-01,3.80871e-101,2.93213e-03,9.74958e-01,7.19394e-01
1.905624471e+00,3.76413e-121,9.99999e-01,3.28385e-117,2.88553e-05,9.75446e-01,7.40888e-01
1.915152593e+00,1.21517e-95,9.99999e-01,6.07290e-91,2.05721e-06,9.75925e-01,8.07099e-01
1.924728356e+00,6.65853e-114,9.99999e-01,8.99940e-109,3.63605e-07,9.76395e-01,8.85868e-01
1.934351998e+00,0.00000e+00,9.99999e-01,0.00000e+00,1.43784e-07,9.76856e-01,9.43654e-01
1.944023758e+00,0.00000e+00,9.99999e-01,0.00000e+00,4.49498e-05,9.77308e-01,9.79895e-01
1.953743877e+00,0.00000e+00,9.99999e-01,0.00000e+00,1.94930e-04,9.77751e-01,9.91539e-01
1.963512596e+00,0.00000e+00,9.99999e-01,0.00000e+00,3.20989e-03,9.78186e-01,9.95715e-01
1.973330159e+00,0.00000e+00,9.99999e-01,0.00000e+00,1.22052e-02,9.78612e-01,9.97756e-01
1.983196810e+00,0.00000e+00,9.99999e-01,0.00000e+00,1.07081e-01,9.79030e-01,9.98769e-01
1.993112794e+00,0.00000e+00,9.99999e-01,0.00000e+00,1.75035e-01,9.79440e-01,9.99328e-01
2.003078358e+00,0.00000e+00,9.99999e-01,0.00000e+00,3.40720e-01,9.79842e-01,9.99622e-01
2.013093750e+00,0.00000e+00,9.99999e-01,0.00000e+00,4.96301e-01,9.80236e-01,9.99774e-01
2.023159218e+00,0.00000e+00,9.99999e-01,0.00000e+00,6.67667e-01,9.80622e-01,9.99841e-01
2.033275015e+00,0.00000e+00,9.99999e-01,0.00000e+00,7.33019e-01,9.81002e-01,9.99871e-01
2.043441390e+00,0.00000e+00,9.99999e-01,0.00000e+00,8.24639e-01,9.81373e-01,9.99864e-01
2.053658597e+00,0.00000e+00,9.99998e-01,0.00000e+00,8.55463e-01,9.81738e-01,9.99812e-01
2.063926890e+00,0.00000e+00,9.99998e-01,0.00000e+00,8.99886e-01,9.82095e-01,9.99711e-01
2.074246524e+00,0.00000e+00,9.99997e-01,0.00000e+00,9.12935e-01,9.82446e-01,9.99542e-01
2.084617757e+00,0.00000e+00,9.99995e-01,0.00000e+00,9.42312e-01,9.82790e-01,9.99276e-01
2.095040845e+00,0.00000e+00,9.99993e-01,0.00000e+00,9.54086e-01,9.83127e-01,9.98912e-01
2.105516050e+00,0.00000e+00,9.99992e-01,0.00000e+00,9.60595e-01,9.83457e-01,9.98485e-01
2.116043630e+00,0.00000e+00,9.99992e-01,0.00000e+00,9.62329e-01,9.83781e-01,9.98143e-01
2.126623848e+00,0.00000e+00,9.99993e-01,0.00000e+00,9.76874e-01,9.84099e-01,9.97917e-01
2.137256967e+00,0.00000e+00,9.99994e-01,0.00000e+00,9.77944e-01,9.84411e-01,9.97673e-01
2.147943252e+00,4.21551e-248,9.99997e-01,4.35622e-248,9.78792e-01,9.84716e-01,9.97194e-01
2.158682968e+00,2.67970e-149,9.99983e-01,2.77207e-149,9.80567e-01,9.85016e-01,9.96761e-01
2.169476383e+00,7.26145e-73,9.99994e-01,7.50196e-73,9.79329e-01,9.85309e-01,9.97535e-01
2.180323765e+00,9.22162e-46,9.99996e-01,9.52223e-46,9.76302e-01,9.85598e-01,9.98170e-01
2.191225384e+00,1.24926e-23,9.99996e-01,1.28887e-23,9.71164e-01,9.85880e-01,9.98467e-01
2.202181511e+00,1.43119e-15,9.99996e-01,1.48481e-15,9.64453e-01,9.86157e-01,9.98816e-01
2.213192418e+00,1.20260e-08,9.99997e-01,1.24379e-08,9.63943e-01,9.86428e-01,9.99184e-01
2.224258381e+00,1.13035e-05,9.99997e-01,1.17767e-05,9.57748e-01,9.86695e-01,9.99480e-01
2.235379672e+00,4.78289e-04,9.99998e-01,4.99322e-04,9.63659e-01,9.86956e-01,9.99685e-01
2.246556571e+00,5.29359e-03,9.99998e-01,5.63987e-03,9.37087e-01,9.87212e-01,9.99800e-01
2.257789354e+00,3.79790e-02,9.99999e-01,4.02715e-02,9.50725e-01,9.87463e-01,9.99856e-01
2.269078300e+00,4.96404e-02,9.99999e-01,5.65935e-02,8.83735e-01,9.87709e-01,9.99881e-01
2.280423692e+00,5.73243e-02,9.99999e-01,6.38714e-02,9.02379e-01,9.87950e-01,9.99875e-01
2.291825810e+00,1.32766e-01,9.99999e-01,1.63131e-01,8.17250e-01,9.88187e-01,9.99854e-01
2.303284939e+00,1.98126e-01,9.99999e-01,2.39046e-01,8.34727e-01,9.88419e-01,9.99802e-01
2.314801364e+00,2.04335e-01,9.99999e-01,2.79699e-01,7.33405e-01,9.88646e-01,9.99721e-01
2.326375371e+00,3.09605e-01,9.99999e-01,4.28359e-01,7.25395e-01,9.88869e-01,9.99628e-01
2.338007248e+00,2.73059e-01,9.99999e-01,3.96544e-01,6.89743e-01,9.89088e-01,9.99493e-01
2.349697284e+00,2.43620e-01,9.99999e-01,4.49155e-01,5.36946e-01,9.89302e-01,9.99314e-01
2.361445770e+00,3.13576e-01,9.99999e-01,5.25611e-01,5.99693e-01,9.89512e-01,9.99052e-01
2.373252999e+00,2.83353e-01,9.99999e-01,5.59927e-01,5.01522e-01,9.89718e-01,9.98695e-01
2.385119264e+00,2.43852e-01,9.99999e-01,7.75967e-01,3.10840e-01,9.89920e-01,9.98248e-01
2.397044861e+00,4.24212e-01,9.99999e-01,9.00018e-01,4.74972e-01,9.90119e-01,9.97374e-01
2.409030085e+00,2.14554e-01,9.99999e-01,8.33344e-01,2.58123e-01,9.90313e-01,9.96183e-01
2.421075235e+00,2.12298e-01,9.99999e-01,7.21119e-01,2.77954e-01,9.90503e-01,9.94644e-01
2.433180612e+00,4.00225e-02,9.99999e-01,1.88263e-01,1.52930e-01,9.90690e-01,9.92594e-01
2.445346515e+00,2.75884e-02,9.99999e-01,4.47943e-01,4.99149e-02,9.90873e-01,9.89692e-01
2.457573247e+00,1.10047e-03,9.99999e-01,1.62791e-02,2.51455e-02,9.91052e-01,9.84920e-01
2.469861113e+00,4.87430e-12,9.99999e-01,3.00834e-10,1.20436e-03,9.91228e-01,9.78041e-01
2.482210419e+00,7.00750e-48,9.99999e-01,3.58194e-43,3.53454e-06,9.91401e-01,9.68309e-01
2.494621471e+00,1.15729e-73,9.99999e-01,6.47124e-67,7.04054e-09,9.91570e-01,9.53958e-01
2.507094578e+00,1.19591e-78,9.99999e-01,5.16023e-65,1.26060e-15,9.91736e-01,9.28539e-01
2.519630051e+00,1.78076e-107,9.99999e-01,3.51019e-86,1.74436e-23,9.91898e-01,8.80402e-01
2.532228202e+00,2.29571e-145,9.99999e-01,4.61792e-116,2.44056e-31,9.92058e-01,7.92432e-01
2.544889343e+00,4.06993e-153,9.99999e-01,2.82955e-114,7.47355e-41,9.92214e-01,6.28148e-01
2.557613789e+00,1.37790e-210,9.99999e-01,2.30888e-171,4.95364e-41,9.92367e-01,4.03513e-01
2.570401858e+00,0.00000e+00,9.99999e-01,4.24268e-273,2.46699e-57,9.92517e-01,1.82771e-01
2.583253867e+00,0.00000e+00,9.99999e-01,0.00000e+00,2.47708e-57,9.92664e-01,6.76816e-02
2.596170137e+00,0.00000e+00,9.99999e-01,0.00000e+00,6.79752e-48,9.92809e-01,3.34160e-02
2.609150988e+00,0.00000e+00,9.99999e-01,0.00000e+00,1.72248e-34,9.92950e-01,2.04749e-02
2.622196742e+00,0.00000e+00,9.99999e-01,0.00000e+00,1.74980e-24,9.93089e-01,1.88540e-02
2.635307726e+00,0.00000e+00,9.99999e-01,0.00000e+00,1.38551e-13,9.93225e-01,2.44340e-02
2.648484265e+00,0.00000e+00,9.99999e-01,0.00000e+00,2.88996e-16,9.93358e-01,2.65151e-02
2.661726686e+00,0.00000e+00,9.99999e-01,0.00000e+00,2.67222e-28,9.93489e-01,2.50668e-02
2.675035320e+00,0.00000e+00,9.99999e-01,0.00000e+00,9.72884e-101,9.93617e-01,2.58871e-02
2.688410496e+00,0.00000e+00,9.99999e-01,0.00000e+00,2.22308e-49,9.93743e-01,3.14249e-02
2.701852549e+00,0.00000e+00,9.99999e-01,0.00000e+00,3.66277e-43,9.93866e-01,3.50709e-02
2.715361811e+00,0.00000e+00,9.99999e-01,0.00000e+00,7.56404e-43,9.93987e-01,3.92419e-02
2.728938620e+00,0.00000e+00,9.99999e-01,0.00000e+00,1.25604e-30,9.94105e-01,5.39660e-02
2.742583314e+00,0.00000e+00,9.99999e-01,0.00000e+00,9.27752e-33,9.94221e-01,9.71602e-02
2.756296230e+00,0.00000e+00,9.99999e-01,0.00000e+00,4.36769e-34,9.94335e-01,1.94237e-01
2.770077711e+00,0.00000e+00,9.99999e-01,0.00000e+00,2.18500e-46,9.94447e-01,3.47384e-01
2.783928100e+00,0.00000e+00,9.99999e-01,0.00000e+00,2.28549e-46,9.94556e-01,4.79524e-01
2.797847740e+00,0.00000e+00,9.99999e-01,0.00000e+00,2.18798e-35,9.94663e-01,6.09903e-01
2.811836979e+00,0.00000e+00,9.99999e-01,0.00000e+00,1.21858e-37,9.94769e-01,7.38143e-01
2.825896164e+00,0.00000e+00,9.99999e-01,0.00000e+00,1.32111e-32,9.94872e-01,8.22099e-01
2.840025645e+00,0.00000e+00,9.99999e-01,0.00000e+00,3.50410e-25,9.94973e-01,8.68671e-01
2.854225773e+00,0.00000e+00,9.99999e-01,0.00000e+00,2.80376e-22,9.95072e-01,8.98773e-01
2.868496902e+00,0.00000e+00,9.99999e-01,0.00000e+00,4.97819e-21,9.95169e-01,9.30910e-01
2.882839386e+00,0.00000e+00,9.99999e-01,0.00000e+00,7.94759e-17,9.95264e-01,9.52871e-01
2.897253583e+00,0.00000e+00,9.99999e-01,0.00000e+00,2.36784e-14,9.95357e-01,9.64928e-01
2.911739851e+00,0.00000e+00,9.99999e-01,0.00000e+00,6.47236e-10,9.95449e-01,9.72700e-01
2.926298550e+00,0.00000e+00,9.99999e-01,0.00000e+00,1.72927e-07,9.95538e-01,9.79798e-01
2.940930043e+00,0.00000e+00,9.99999e-01,0.00000e+00,2.60672e-07,9.95626e-01,9.83797e-01
2.955634693e+00,0.00000e+00,9.99999e-01,0.00000e+00,5.26636e-07,9.95713e-01,9.85474e-01
2.970412867e+00,0.00000e+00,9.99999e-01,0.00000e+00,1.13163e-06,9.95797e-01,9.87278e-01
2.985264931e+00,0.00000e+00,9.99999e-01,0.00000e+00,5.29041e-05,9.95880e-01,9.88074e-01
3.000191256e+00,0.00000e+00,9.99999e-01,4.94066e-323,1.35546e-04,9.95961e-01,9.87767e-01
3.015192212e+00,0.00000e+00,9.99999e-01,0.00000e+00,7.36594e-04,9.96041e-01,9.86009e-01
3.030268173e+00,2.06613e-280,9.99999e-01,3.38437e-278,2.50788e-03,9.96119e-01,9.82940e-01
3.045419514e+00,5.02590e-172,9.99999e-01,1.42024e-169,5.21510e-04,9.96195e-01,9.80373e-01
3.060646612e+00,1.26894e-79,9.99999e-01,4.80228e-78,1.10829e-02,9.96270e-01,9.76453e-01
3.075949845e+00,3.43961e-64,9.99999e-01,5.35629e-62,1.31565e-02,9.96344e-01,2.11273e-01
3.091329594e+00,8.26461e-62,9.99999e-01,6.94687e-59,9.30861e-03,9.96416e-01,2.29519e-02
3.106786242e+00,3.90596e-64,9.99999e-01,1.70820e-58,2.72854e-02,9.96486e-01,4.06083e-05
3.122320173e+00,7.85488e-54,9.99999e-01,6.79828e-41,4.40409e-02,9.96556e-01,1.15724e-12
3.137931774e+00,1.45785e-46,9.99999e-01,5.95425e-40,5.02872e-02,9.96624e-01,2.84922e-06
3.153621433e+00,1.81108e-43,9.99999e-01,1.74387e-41,1.38649e-01,9.96690e-01,3.32985e-02
3.169389540e+00,7.27956e-62,9.99999e-01,2.23158e-55,1.62529e-01,9.96755e-01,1.04386e-06
3.185236488e+00,4.79860e-55,9.99999e-01,1.24853e-44,1.09697e-01,9.96819e-01,1.62275e-10
3.201162670e+00,4.43300e-54,9.99999e-01,1.16026e-35,1.17148e-02,9.96882e-01,8.03225e-18
3.217168483e+00,8.42630e-60,9.99999e-01,5.12195e-34,4.19890e-02,9.96944e-01,2.45141e-25
3.233254326e+00,3.57904e-67,9.99999e-01,3.85468e-29,1.14620e-01,9.97004e-01,4.22482e-38
3.249420598e+00,5.32120e-79,9.99999e-01,4.72288e-17,2.23077e-01,9.97063e-01,2.98327e-62
3.265667701e+00,3.40712e-114,9.99999e-01,1.64649e-14,1.12947e-01,9.97121e-01,1.04277e-99
3.281996039e+00,6.16926e-167,9.99999e-01,3.64197e-11,1.76539e-01,9.97178e-01,6.64390e-156
3.298406019e+00,3.43655e-234,9.99999e-01,2.15700e-09,5.35464e-02,9.97233e-01,1.67285e-224
3.314898049e+00,0.00000e+00,9.99999e-01,4.28932e-09,4.41292e-02,9.97288e-01,1.60171e-314
3.331472540e+00,8.10570e-265,9.99999e-01,9.17769e-09,9.34179e-02,9.97341e-01,6.59245e-256
3.348129902e+00,1.88033e-192,9.99999e-01,4.62060e-07,8.18552e-02,9.97394e-01,3.31461e-185
3.364870552e+00,1.32282e-132,9.99999e-01,1.02805e-06,1.33136e-01,9.97445e-01,8.14999e-126
3.381694905e+00,1.84980e-83,9.99999e-01,5.43818e-06,1.64731e-01,9.97495e-01,1.22937e-77
3.398603379e+00,4.19485e-51,9.99999e-01,1.30965e-04,2.69071e-01,9.97545e-01,1.02360e-46
3.415596396e+00,2.03880e-31,9.99999e-01,2.42710e-04,3.82040e-01,9.97593e-01,2.02258e-27
3.432674378e+00,1.89811e-21,9.99999e-01,4.21230e-05,4.05950e-01,9.97641e-01,9.44639e-17
3.449837750e+00,1.88825e-14,9.99999e-01,4.25977e-07,5.39636e-01,9.97687e-01,6.83317e-08
3.467086939e+00,3.96837e-13,9.99999e-01,9.69499e-12,6.54590e-01,9.97733e-01,5.65875e-02
3.484422373e+00,4.69252e-16,9.99999e-01,9.68193e-16,6.71381e-01,9.97778e-01,6.22263e-01
3.501844485e+00,9.28441e-23,9.99999e-01,3.84749e-22,7.95164e-01,9.97821e-01,2.86047e-01
3.519353708e+00,9.69754e-27,9.99999e-01,1.09791e-26,8.26263e-01,9.97864e-01,9.98633e-01
3.536950476e+00,1.42709e-32,9.99999e-01,1.65134e-32,8.40510e-01,9.97906e-01,9.97521e-01
3.554635228e+00,2.41547e-32,9.99999e-01,2.64180e-32,8.99450e-01,9.97948e-01,9.94620e-01
3.572408405e+00,1.64664e-26,9.99999e-01,1.78552e-26,9.02555e-01,9.97988e-01,9.91197e-01
3.590270447e+00,3.95081e-25,9.99999e-01,4.17531e-25,9.31125e-01,9.98028e-01,9.94640e-01
3.608221799e+00,4.55330e-18,9.99999e-01,4.76543e-18,9.46143e-01,9.98067e-01,9.96679e-01
3.626262908e+00,1.58755e-10,9.99999e-01,1.64020e-10,9.53873e-01,9.98105e-01,9.98266e-01
3.644394222e+00,2.41479e-08,9.99999e-01,2.48362e-08,9.72012e-01,9.98142e-01,9.98129e-01
3.662616193e+00,1.17387e-04,9.99999e-01,1.21626e-04,9.53602e-01,9.98179e-01,9.96776e-01
3.680929274e+00,1.40883e-02,9.99999e-01,1.50958e-02,9.26793e-01,9.98215e-01,9.91903e-01
3.699333921e+00,1.37189e-01,9.99999e-01,1.44336e-01,9.65046e-01,9.98250e-01,9.84610e-01
3.717830590e+00,8.01085e-02,9.99999e-01,8.45703e-02,9.72439e-01,9.98285e-01,9.71958e-01
3.736419743e+00,1.83522e-03,9.99999e-01,1.96716e-03,9.67950e-01,9.98318e-01,9.58084e-01
3.755101842e+00,2.73968e-09,9.99998e-01,2.92462e-09,9.65537e-01,9.98352e-01,9.61185e-01
3.773877351e+00,2.29468e-20,9.99998e-01,2.41529e-20,9.71489e-01,9.98384e-01,9.72796e-01
3.792746738e+00,3.01682e-50,9.99997e-01,3.15115e-50,9.65817e-01,9.98416e-01,9.81232e-01
3.811710472e+00,5.04695e-33,9.99994e-01,5.26752e-33,9.58073e-01,9.98447e-01,9.82178e-01
3.830769024e+00,9.50471e-33,9.99992e-01,9.98969e-33,9.54787e-01,9.98478e-01,9.80441e-01
3.849922869e+00,4.21441e-45,9.99986e-01,4.48123e-45,9.33821e-01,9.98508e-01,9.76542e-01
3.869172484e+00,2.66484e-28,9.99981e-01,2.86730e-28,9.24750e-01,9.98537e-01,9.68122e-01
3.888518346e+00,1.28262e-12,9.99967e-01,1.38839e-12,9.57062e-01,9.98566e-01,9.56292e-01
3.907960938e+00,1.21923e-09,9.99960e-01,1.34863e-09,9.51939e-01,9.98594e-01,9.41123e-01
3.927500742e+00,5.99428e-10,9.99932e-01,7.09410e-10,7.32633e-01,9.98622e-01,9.25598e-01
3.947138246e+00,1.69882e-14,9.99905e-01,2.14440e-14,8.25398e-01,9.98649e-01,9.14259e-01
3.966873937e+00,1.02448e-21,9.99891e-01,1.25702e-21,6.14227e-01,9.98676e-01,8.97837e-01
3.986708307e+00,2.84184e-33,9.99825e-01,3.41822e-33,9.18862e-01,9.98702e-01,8.72373e-01
4.006641849e+00,5.76977e-60,9.99769e-01,7.00265e-60,9.70116e-01,9.98728e-01,8.40711e-01
4.026675058e+00,1.47943e-298,9.99808e-01,1.87952e-298,9.65443e-01,9.98753e-01,8.05491e-01
4.046808433e+00,0.00000e+00,9.99800e-01,0.00000e+00,9.57962e-01,9.98777e-01,7.69085e-01
4.067042475e+00,0.00000e+00,9.99719e-01,0.00000e+00,9.51920e-01,9.98802e-01,7.33963e-01
4.087377688e+00,0.00000e+00,9.99668e-01,0.00000e+00,9.48394e-01,9.98825e-01,7.02709e-01
4.107814576e+00,0.00000e+00,9.99612e-01,0.00000e+00,9.29555e-01,9.98848e-01,6.78178e-01
4.128353649e+00,0.00000e+00,9.99608e-01,0.00000e+00,8.91407e-01,9.98871e-01,6.62423e-01
4.148995417e+00,0.00000e+00,9.99726e-01,0.00000e+00,8.66121e-01,9.98893e-01,6.55266e-01
4.169740394e+00,0.00000e+00,9.99749e-01,0.00000e+00,7.95340e-01,9.98915e-01,6.56669e-01
4.190589096e+00,0.00000e+00,9.99768e-01,0.00000e+00,7.57882e-01,9.98937e-01,6.63409e-01
4.211542042e+00,0.00000e+00,9.99785e-01,0.00000e+00,6.45377e-01,9.98958e-01,6.65079e-01
4.232599752e+00,0.00000e+00,9.99868e-01,0.00000e+00,6.15450e-01,9.98978e-01,6.54025e-01
4.253762751e+00,0.00000e+00,9.99908e-01,0.00000e+00,5.42657e-01,9.98998e-01,6.20693e-01
4.275031564e+00,0.00000e+00,9.99846e-01,0.00000e+00,4.29750e-01,9.99018e-01,5.63277e-01
4.296406722e+00,0.00000e+00,9.98535e-01,0.00000e+00,3.30730e-01,9.99037e-01,5.46446e-01
4.317888756e+00,0.00000e+00,9.99715e-01,0.00000e+00,3.80654e-01,9.99056e-01,5.94938e-01
4.339478200e+00,0.00000e+00,9.99829e-01,0.00000e+00,2.96603e-01,9.99075e-01,6.66184e-01
4.361175591e+00,0.00000e+00,9.99860e-01,0.00000e+00,2.43832e-01,9.99093e-01,7.11621e-01
4.382981469e+00,0.00000e+00,9.99854e-01,0.00000e+00,2.43702e-01,9.99111e-01,7.35520e-01
4.404896376e+00,0.00000e+00,9.99796e-01,0.00000e+00,2.33534e-01,9.99129e-01,7.49549e-01
4.426920858e+00,0.00000e+00,9.99793e-01,0.00000e+00,1.37352e-01,9.99146e-01,7.61745e-01
4.449055462e+00,0.00000e+00,9.99857e-01,0.00000e+00,2.38676e-01,9.99163e-01,7.75605e-01
4.471300739e+00,0.00000e+00,9.99849e-01,0.00000e+00,1.58674e-01,9.99179e-01,7.92645e-01
4.493657243e+00,0.00000e+00,9.99868e-01,0.00000e+00,2.33132e-01,9.99195e-01,8.12707e-01
4.516125529e+00,0.00000e+00,9.99877e-01,0.00000e+00,1.04867e-01,9.99211e-01,8.34326e-01
4.538706157e+00,0.00000e+00,9.99854e-01,0.00000e+00,1.82260e-01,9.99227e-01,8.56977e-01
4.561399688e+00,0.00000e+00,9.99896e-01,0.00000e+00,1.59814e-01,9.99242e-01,8.79115e-01
4.584206686e+00,0.00000e+00,9.99919e-01,0.00000e+00,2.37775e-01,9.99257e-01,8.99687e-01
4.607127720e+00,0.00000e+00,9.99920e-01,0.00000e+00,1.50059e-01,9.99272e-01,9.18229e-01
4.630163358e+00,0.00000e+00,9.99949e-01,0.00000e+00,5.17687e-02,9.99286e-01,9.34426e-01
4.653314175e+00,0.00000e+00,9.99952e-01,0.00000e+00,4.62057e-02,9.99300e-01,9.47681e-01
4.676580746e+00,0.00000e+00,9.99954e-01,0.00000e+00,9.61123e-03,9.99314e-01,9.58387e-01
4.699963650e+00,0.00000e+00,9.99975e-01,0.00000e+00,3.74062e-02,9.99327e-01,9.66960e-01
4.723463468e+00,0.00000e+00,9.99970e-01,0.00000e+00,9.54117e-03,9.99341e-01,9.73586e-01
4.747080785e+00,0.00000e+00,9.99984e-01,0.00000e+00,6.24194e-02,9.99354e-01,9.78491e-01
4.770816189e+00,0.00000e+00,9.99985e-01,0.00000e+00,1.25675e-02,9.99366e-01,9.82123e-01
4.794670270e+00,0.00000e+00,9.99984e-01,0.00000e+00,4.68570e-03,9.99379e-01,9.84789e-01
4.818643622e+00,0.00000e+00,9.99992e-01,0.00000e+00,3.67499e-03,9.99391e-01,9.86677e-01
4.842736840e+00,0.00000e+00,9.99993e-01,0.00000e+00,8.91391e-04,9.99403e-01,9.87734e-01
4.866950524e+00,0.00000e+00,9.99995e-01,0.00000e+00,8.82975e-03,9.99415e-01,9.88050e-01
4.891285276e+00,0.00000e+00,9.99996e-01,0.00000e+00,3.90550e-04,9.99426e-01,9.87666e-01
4.915741703e+00,0.00000e+00,9.99997e-01,0.00000e+00,2.37324e-03,9.99438e-01,9.87051e-01
4.940320411e+00,0.00000e+00,9.99997e-01,0.00000e+00,2.15696e-04,9.99449e-01,9.85566e-01
4.965022013e+00,0.00000e+00,9.99998e-01,0.00000e+00,4.85265e-05,9.99460e-01,9.83722e-01
4.989847123e+00,0.00000e+00,9.99998e-01,0.00000e+00,2.26880e-04,9.99470e-01,9.81870e-01
5.014796359e+00,0.00000e+00,9.99998e-01,0.00000e+00,4.20380e-07,9.99481e-01,9.79143e-01
5.039870341e+00,0.00000e+00,9.99999e-01,0.00000e+00,4.45340e-05,9.99491e-01,9.75879e-01
5.065069693e+00,0.00000e+00,9.99999e-01,0.00000e+00,4.53812e-05,9.99501e-01,9.70709e-01
5.090395041e+00,0.00000e+00,9.99999e-01,0.00000e+00,7.86539e-07,9.99511e-01,9.65359e-01
5.115847016e+00,0.00000e+00,9.99999e-01,0.00000e+00,1.38270e-07,9.99521e-01,9.58230e-01
5.141426251e+00,0.00000e+00,9.99999e-01,0.00000e+00,1.52225e-09,9.99530e-01,9.48536e-01
5.167133383e+00,0.00000e+00,9.99999e-01,0.00000e+00,1.93325e-10,9.99539e-01,9.39248e-01
5.192969049e+00,0.00000e+00,9.99999e-01,0.00000e+00,1.73207e-10,9.99548e-01,9.28424e-01
5.218933895e+00,0.00000e+00,9.99999e-01,0.00000e+00,5.83801e-16,9.99557e-01,9.14327e-01
5.245028564e+00,0.00000e+00,9.99999e-01,0.00000e+00,3.74644e-12,9.99566e-01,8.96137e-01
5.271253707e+00,0.00000e+00,9.99999e-01,0.00000e+00,4.09432e-13,9.99574e-01,8.72110e-01
5.297609976e+00,0.00000e+00,9.99999e-01,0.00000e+00,3.82323e-15,9.99583e-01,8.44195e-01
5.324098025e+00,0.00000e+00,9.99999e-01,0.00000e+00,1.16904e-15,9.99591e-01,8.11327e-01
5.350718516e+00,0.00000e+00,9.99999e-01,0.00000e+00,6.36094e-19,9.99599e-01,7.68257e-01
5.377472108e+00,0.00000e+00,9.99999e-01,0.00000e+00,2.41481e-19,9.99607e-01,7.28637e-01
5.404359469e+00,0.00000e+00,9.99999e-01,0.00000e+00,2.15386e-19,9.99615e-01,6.85409e-01
5.431381266e+00,0.00000e+00,9.99999e-01,0.00000e+00,5.92637e-35,9.99622e-01,6.47711e-01
5.458538172e+00,0.00000e+00,9.99999e-01,0.00000e+00,3.93627e-35,9.99630e-01,6.00920e-01
5.485830863e+00,1.23592e-253,9.99999e-01,7.24665e-218,3.19700e-37,9.99637e-01,5.43167e-01
5.513260018e+00,2.34322e-198,9.99999e-01,1.57426e-160,2.65705e-39,9.99644e-01,4.87897e-01
5.540826318e+00,2.26850e-146,9.99999e-01,9.02982e-107,1.94298e-41,9.99651e-01,4.28686e-01
5.568530449e+00,2.18826e-143,9.99999e-01,6.62780e-81,2.93925e-64,9.99658e-01,3.62737e-01
5.596373101e+00,1.12030e-119,9.99999e-01,5.44841e-60,2.06190e-61,9.99665e-01,3.07219e-01
5.624354967e+00,4.70232e-107,9.99999e-01,6.10686e-53,2.37851e-55,9.99671e-01,2.55720e-01
5.652476742e+00,4.36405e-104,9.99999e-01,4.27304e-45,1.69902e-60,9.99678e-01,2.07440e-01
5.680739126e+00,5.54701e-109,9.99999e-01,1.59754e-40,1.35537e-69,9.99684e-01,1.63503e-01
5.709142821e+00,1.48055e-113,9.99999e-01,3.14809e-38,8.74393e-76,9.99690e-01,1.26273e-01
5.737688535e+00,2.37596e-112,9.99999e-01,2.49754e-39,2.43448e-73,9.99697e-01,9.08548e-02
5.766376978e+00,4.00148e-90,9.99999e-01,5.01771e-35,3.98241e-56,9.99703e-01,6.16523e-02
5.795208863e+00,2.53904e-76,9.99999e-01,1.18744e-25,4.58703e-51,9.99708e-01,3.90593e-02
5.824184907e+00,6.56665e-81,9.99999e-01,1.54405e-18,3.22247e-62,9.99714e-01,2.37200e-02
5.853305832e+00,3.74023e-80,9.99999e-01,5.98963e-19,4.91624e-61,9.99720e-01,1.45247e-02
5.882572361e+00,4.52854e-97,9.99999e-01,3.49476e-22,4.88377e-75,9.99725e-01,9.07149e-03
5.911985223e+00,1.30925e-91,9.99999e-01,3.26702e-19,6.98339e-72,9.99731e-01,5.57800e-03
5.941545149e+00,4.11932e-85,9.99999e-01,1.25120e-10,3.39302e-74,9.99736e-01,3.37545e-03
5.971252874e+00,7.82656e-72,9.99999e-01,1.05664e-06,4.37829e-64,9.99741e-01,2.07219e-03
6.001109139e+00,1.19840e-50,9.99999e-01,2.81177e-05,2.29608e-43,9.99746e-01,1.28240e-03
6.031114685e+00,1.92861e-55,9.99999e-01,6.09943e-06,7.95626e-48,9.99751e-01,7.98277e-04
6.061270258e+00,7.11303e-57,9.99999e-01,6.52710e-08,1.30713e-47,9.99756e-01,4.42579e-04
6.091576609e+00,4.09575e-53,9.99999e-01,8.76396e-11,2.94081e-40,9.99761e-01,2.03943e-04
6.122034492e+00,7.04021e-42,9.99999e-01,6.22236e-14,7.61642e-26,9.99766e-01,7.88142e-05
6.152644665e+00,1.08071e-47,9.99999e-01,1.83887e-18,1.84386e-26,9.99770e-01,2.17933e-05
6.183407888e+00,1.02815e-42,9.99999e-01,2.84123e-21,5.00203e-18,9.99775e-01,3.60917e-06
6.214324928e+00,7.85853e-40,9.99999e-01,2.18345e-22,2.77858e-12,9.99779e-01,2.93207e-07
6.245396552e+00,8.83219e-33,9.99999e-01,1.51749e-17,1.40624e-08,9.99784e-01,9.37892e-09
6.276623535e+00,1.37013e-33,9.99999e-01,1.26742e-15,5.12376e-09,9.99788e-01,9.46755e-11
6.308006653e+00,1.34104e-36,9.99999e-01,1.05110e-16,6.43853e-09,9.99792e-01,2.40777e-13
6.339546686e+00,1.85580e-54,9.99999e-01,3.73314e-22,1.68042e-18,9.99796e-01,1.18352e-16
6.371244419e+00,1.28795e-81,9.99999e-01,4.40844e-25,1.20093e-38,9.99800e-01,8.26765e-21
6.403100641e+00,2.14968e-95,9.99999e-01,1.98449e-18,3.73179e-54,9.99804e-01,1.36198e-25
6.435116145e+00,1.56043e-155,9.99999e-01,4.18112e-09,5.33139e-118,9.99808e-01,2.27521e-31
6.467291725e+00,5.33569e-163,9.99999e-01,5.33112e-05,1.13218e-118,9.99812e-01,8.74828e-42
6.499628184e+00,6.53586e-189,9.99999e-01,1.19414e-02,2.05822e-135,9.99815e-01,5.76542e-53
6.532126325e+00,1.36339e-184,9.99999e-01,7.75707e-02,1.73748e-119,9.99819e-01,6.12385e-65
6.564786956e+00,8.47784e-225,9.99999e-01,1.66575e-01,1.17217e-143,9.99823e-01,3.27808e-81
6.597610891e+00,6.77750e-292,9.99999e-01,2.28926e-01,1.68378e-193,9.99826e-01,1.53655e-98
6.630598946e+00,2.64313e-250,9.99999e-01,2.76617e-01,2.12452e-127,9.99829e-01,4.19872e-123
6.663751940e+00,1.42910e-267,9.99999e-01,2.75649e-01,1.12289e-118,9.99833e-01,4.28528e-149
6.697070700e+00,2.03591e-276,9.99999e-01,1.91843e-01,5.31421e-94,9.99836e-01,1.37923e-182
6.730556054e+00,2.71629e-282,9.99999e-01,9.86014e-02,1.57517e-64,9.99839e-01,1.09756e-217
6.764208834e+00,0.00000e+00,9.99999e-01,2.84999e-02,1.19378e-64,9.99842e-01,2.30488e-263
6.798029878e+00,0.00000e+00,9.99999e-01,4.75819e-03,4.93191e-79,9.99846e-01,4.44659e-322
6.832020027e+00,0.00000e+00,9.99999e-01,2.49248e-04,4.04264e-79,9.99849e-01,0.00000e+00
6.866180128e+00,0.00000e+00,9.99999e-01,3.29176e-06,7.81584e-91,9.99852e-01,0.00000e+00
6.900511028e+00,0.00000e+00,9.99999e-01,7.80107e-09,2.45989e-52,9.99854e-01,0.00000e+00
6.935013583e+00,0.00000e+00,9.99999e-01,7.05019e-14,3.88054e-52,9.99857e-01,0.00000e+00
6.969688651e+00,0.00000e+00,9.99999e-01,1.66735e-19,1.57326e-65,9.99860e-01,0.00000e+00
7.004537095e+00,0.00000e+00,9.99999e-01,3.53663e-30,1.93696e-64,9.99863e-01,0.00000e+00
7.039559780e+00,0.00000e+00,9.99999e-01,9.47599e-39,4.45115e-70,9.99866e-01,0.00000e+00
7.074757579e+00,0.00000e+00,9.99999e-01,6.99041e-53,4.03895e-55,9.99868e-01,0.00000e+00
7.110131367e+00,0.00000e+00,9.99999e-01,1.66303e-61,1.21909e-54,9.99871e-01,0.00000e+00
7.145682024e+00,0.00000e+00,9.99999e-01,3.35611e-73,2.94272e-61,9.99873e-01,0.00000e+00
7.181410434e+00,0.00000e+00,9.99999e-01,6.85012e-80,1.76054e-77,9.99876e-01,0.00000e+00
7.217317486e+00,0.00000e+00,9.99999e-01,8.92659e-84,1.92613e-57,9.99878e-01,0.00000e+00
7.253404073e+00,0.00000e+00,9.99999e-01,9.33553e-83,1.15146e-57,9.99881e-01,0.00000e+00
7.289671094e+00,0.00000e+00,9.99999e-01,8.13934e-66,1.28874e-50,9.99883e-01,0.00000e+00
7.326119449e+00,0.00000e+00,9.99999e-01,6.13169e-62,1.85364e-50,9.99885e-01,0.00000e+00
7.362750046e+00,0.00000e+00,9.99999e-01,1.75199e-67,4.23696e-37,9.99887e-01,0.00000e+00
7.399563797e+00,0.00000e+00,9.99999e-01,4.78864e-67,3.36288e-30,9.99890e-01,0.00000e+00
7.436561616e+00,0.00000e+00,9.99999e-01,5.47822e-56,3.81921e-33,9.99892e-01,0.00000e+00
7.473744424e+00,0.00000e+00,9.99999e-01,3.29957e-37,2.55798e-31,9.99894e-01,0.00000e+00
7.511113146e+00,0.00000e+00,9.99999e-01,2.20879e-26,7.42524e-27,9.99896e-01,0.00000e+00
7.548668712e+00,0.00000e+00,9.99999e-01,1.61275e-16,1.88159e-28,9.99898e-01,0.00000e+00
7.586412055e+00,0.00000e+00,9.99999e-01,1.41361e-13,2.04639e-50,9.99900e-01,0.00000e+00
7.624344115e+00,0.00000e+00,9.99999e-01,3.58963e-13,2.36138e-25,9.99902e-01,0.00000e+00
7.662465836e+00,0.00000e+00,9.99999e-01,2.45559e-15,9.98947e-16,9.99904e-01,0.00000e+00
7.700778165e+00,0.00000e+00,9.99999e-01,1.62226e-20,4.41365e-16,9.99906e-01,0.00000e+00
7.739282056e+00,0.00000e+00,9.99999e-01,3.38415e-33,1.25757e-25,9.99908e-01,0.00000e+00
7.777978466e+00,0.00000e+00,9.99999e-01,3.81172e-44,1.13281e-17,9.99909e-01,0.00000e+00
7.816868359e+00,0.00000e+00,9.99999e-01,3.35737e-59,1.31362e-14,9.99911e-01,0.00000e+00
7.855952700e+00,0.00000e+00,9.99999e-01,1.33340e-60,3.65067e-15,9.99913e-01,0.00000e+00
7.895232464e+00,0.00000e+00,9.99999e-01,4.33627e-51,4.10197e-15,9.99915e-01,0.00000e+00
7.934708626e+00,0.00000e+00,9.99999e-01,7.47749e-47,8.92483e-10,9.99916e-01,0.00000e+00
7.974382169e+00,0.00000e+00,9.99999e-01,9.39874e-52,4.80193e-07,9.99918e-01,0.00000e+00
8.014254080e+00,0.00000e+00,9.99999e-01,2.52037e-62,8.04454e-08,9.99920e-01,0.00000e+00
8.054325351e+00,0.00000e+00,9.99999e-01,1.61990e-63,1.93929e-07,9.99921e-01,0.00000e+00
8.094596977e+00,0.00000e+00,9.99999e-01,4.90278e-61,1.05306e-05,9.99923e-01,0.00000e+00
8.135069962e+00,0.00000e+00,9.99999e-01,2.82803e-55,1.01273e-05,9.99924e-01,0.00000e+00
8.175745312e+00,2.06454e-316,9.99999e-01,5.08543e-46,1.51873e-06,9.99926e-01,9.97290e-267
8.216624039e+00,1.11192e-250,9.99999e-01,8.47368e-40,8.42036e-05,9.99927e-01,6.75913e-208
8.257707159e+00,1.98991e-195,9.99999e-01,8.11594e-32,5.34399e-04,9.99929e-01,3.20664e-162
8.298995695e+00,3.20848e-154,9.99999e-01,1.31631e-28,4.99299e-03,9.99930e-01,3.06290e-124
8.340490673e+00,2.89997e-122,9.99999e-01,2.06920e-26,1.39139e-03,9.99931e-01,4.79554e-94
8.382193126e+00,8.29102e-97,9.99999e-01,1.18852e-24,1.05494e-02,9.99933e-01,4.16426e-71
8.424104092e+00,2.39409e-75,9.99999e-01,2.72051e-20,2.88393e-03,9.99934e-01,4.93358e-54
8.466224613e+00,2.49988e-58,9.99999e-01,5.86787e-16,8.28746e-03,9.99935e-01,3.33131e-41
8.508555736e+00,3.04238e-40,9.99999e-01,6.99641e-10,3.00591e-03,9.99936e-01,1.09131e-29
8.551098514e+00,3.35868e-29,9.99999e-01,4.63477e-07,5.21611e-02,9.99938e-01,8.82585e-22
8.593854007e+00,6.51919e-24,9.99999e-01,1.09364e-06,1.53911e-01,9.99939e-01,3.30051e-17
8.636823277e+00,2.52724e-21,9.99999e-01,8.90733e-08,1.83262e-01,9.99940e-01,1.37578e-13
8.680007393e+00,1.34057e-19,9.99999e-01,8.16215e-09,6.53373e-02,9.99941e-01,1.72671e-10
8.723407430e+00,1.17892e-17,9.99999e-01,2.26252e-09,1.14482e-01,9.99942e-01,4.16042e-08
8.767024467e+00,9.41705e-18,9.99999e-01,4.08793e-11,7.63481e-02,9.99944e-01,2.02425e-06
8.810859590e+00,2.71147e-39,9.99999e-01,2.45297e-34,8.81822e-02,9.99945e-01,4.04807e-05
8.854913888e+00,1.11588e-119,9.99999e-01,5.70564e-116,3.42254e-01,9.99946e-01,4.99384e-04
8.899188457e+00,0.00000e+00,9.99999e-01,0.00000e+00,2.85643e-01,9.99947e-01,2.90972e-03
8.943684399e+00,0.00000e+00,9.99999e-01,0.00000e+00,2.01463e-01,9.99948e-01,1.11910e-02
8.988402821e+00,0.00000e+00,9.99999e-01,0.00000e+00,1.79947e-01,9.99949e-01,3.18411e-02
9.033344836e+00,0.00000e+00,9.99999e-01,0.00000e+00,1.22033e-01,9.99950e-01,7.06502e-02
9.078511560e+00,0.00000e+00,9.99999e-01,0.00000e+00,2.06624e-01,9.99951e-01,1.30982e-01
9.123904118e+00,0.00000e+00,9.99999e-01,0.00000e+00,3.27807e-01,9.99952e-01,2.09709e-01
9.169523638e+00,0.00000e+00,9.99999e-01,0.00000e+00,2.52498e-01,9.99953e-01,3.01849e-01
9.215371256e+00,0.00000e+00,9.99999e-01,0.00000e+00,4.84749e-01,9.99954e-01,3.98333e-01
9.261448113e+00,0.00000e+00,9.99999e-01,0.00000e+00,4.52569e-01,9.99954e-01,4.93700e-01
9.307755353e+00,0.00000e+00,9.99999e-01,0.00000e+00,3.13105e-01,9.99955e-01,5.74072e-01
9.354294130e+00,0.00000e+00,9.99999e-01,0.00000e+00,2.42612e-01,9.99956e-01,6.52778e-01
9.401065601e+00,0.00000e+00,9.99999e-01,0.00000e+00,1.22374e-01,9.99957e-01,7.21006e-01
9.448070929e+00,0.00000e+00,9.99999e-01,0.00000e+00,1.87011e-01,9.99958e-01,7.73151e-01
9.495311283e+00,0.00000e+00,9.99999e-01,0.00000e+00,4.26992e-01,9.99959e-01,8.16798e-01
9.542787840e+00,0.00000e+00,9.99999e-01,0.00000e+00,5.32067e-01,9.99959e-01,8.55954e-01
9.590501779e+00,0.00000e+00,9.99999e-01,0.00000e+00,3.54256e-01,9.99960e-01,8.87515e-01
9.638454288e+00,0.00000e+00,9.99999e-01,0.00000e+00,3.64928e-01,9.99961e-01,9.10377e-01
9.686646559e+00,0.00000e+00,9.99999e-01,0.00000e+00,3.85227e-01,9.99962e-01,9.28769e-01
9.735079792e+00,0.00000e+00,9.99999e-01,0.00000e+00,4.96669e-01,9.99963e-01,9.43479e-01
9.783755191e+00,0.00000e+00,9.99999e-01,0.00000e+00,3.83628e-01,9.99963e-01,9.55203e-01
9.832673967e+00,0.00000e+00,9.99999e-01,0.00000e+00,1.42598e-01,9.99964e-01,9.65307e-01
9.881837337e+00,0.00000e+00,9.99999e-01,0.00000e+00,5.02542e-02,9.99965e-01,9.73190e-01
9.931246523e+00,0.00000e+00,9.99999e-01,0.00000e+00,2.78190e-01,9.99965e-01,9.78768e-01
9.980902756e+00,0.00000e+00,9.99999e-01,0.00000e+00,4.27877e-01,9.99966e-01,9.99587e-01
1.003080727e+01,0.00000e+00,9.99999e-01,0.00000e+00,4.35045e-01,9.99967e-01,9.99567e-01
1.008096131e+01,0.00000e+00,9.99999e-01,0.00000e+00,4.84104e-01,9.99967e-01,9.99547e-01
1.013136611e+01,0.00000e+00,9.99999e-01,0.00000e+00,5.74763e-01,9.99968e-01,9.99525e-01
1.018202294e+01,0.00000e+00,9.99999e-01,0.00000e+00,6.10031e-01,9.99969e-01,9.99503e-01
1.023293306e+01,0.00000e+00,9.99999e-01,0.00000e+00,4.13460e-01,9.99969e-01,9.99478e-01
1.028409772e+01,0.00000e+00,9.99999e-01,0.00000e+00,2.10991e-01,9.99970e-01,9.99452e-01
1.033551821e+01,0.00000e+00,9.99999e-01,0.00000e+00,1.82502e-01,9.99970e-01,9.99424e-01
1.038719580e+01,0.00000e+00,9.99999e-01,0.00000e+00,6.62436e-02,9.99971e-01,9.99395e-01
1.043913178e+01,0.00000e+00,9.99999e-01,0.00000e+00,7.61243e-02,9.99971e-01,9.99364e-01
1.049132744e+01,0.00000e+00,9.99999e-01,0.00000e+00,2.14520e-01,9.99972e-01,9.99330e-01
1.054378408e+01,0.00000e+00,9.99999e-01,0.00000e+00,3.09658e-01,9.99972e-01,9.99295e-01
1.059650300e+01,0.00000e+00,9.99999e-01,0.00000e+00,2.92013e-01,9.99973e-01,9.99258e-01
1.064948551e+01,0.00000e+00,9.99999e-01,0.00000e+00,2.54831e-01,9.99974e-01,9.99220e-01
1.070273294e+01,0.00000e+00,9.99999e-01,0.00000e+00,1.43684e-01,9.99974e-01,9.99179e-01
1.075624661e+01,0.00000e+00,9.99999e-01,0.00000e+00,1.62317e-01,9.99975e-01,9.99136e-01
1.081002784e+01,0.00000e+00,9.99999e-01,0.00000e+00,1.66833e-01,9.99975e-01,9.99092e-01
1.086407798e+01,0.00000e+00,9.99999e-01,0.00000e+00,5.14608e-02,9.99975e-01,9.99047e-01
1.091839837e+01,0.00000e+00,9.99999e-01,0.00000e+00,1.37508e-02,9.99976e-01,9.98995e-01
1.097299036e+01,0.00000e+00,9.99999e-01,0.00000e+00,1.38130e-03,9.99976e-01,9.98943e-01
1.102785531e+01,0.00000e+00,9.99999e-01,0.00000e+00,7.31099e-04,9.99977e-01,9.98888e-01
1.108299459e+01,0.00000e+00,9.99999e-01,0.00000e+00,2.86316e-02,9.99977e-01,9.98830e-01
1.113840956e+01,0.00000e+00,9.99999e-01,0.00000e+00,1.39117e-01,9.99978e-01,9.98770e-01
1.119410161e+01,0.00000e+00,9.99999e-01,0.00000e+00,2.12245e-01,9.99978e-01,9.98707e-01
1.125007212e+01,0.00000e+00,9.99999e-01,0.00000e+00,1.20442e-01,9.99979e-01,9.98640e-01
1.130632248e+01,0.00000e+00,9.99999e-01,0.00000e+00,9.39440e-02,9.99979e-01,9.98567e-01
1.136285409e+01,0.00000e+00,9.99999e-01,0.00000e+00,1.69674e-01,9.99979e-01,9.98494e-01
1.141966836e+01,0.00000e+00,9.99999e-01,0.00000e+00,1.98626e-01,9.99980e-01,9.98417e-01
1.147676670e+01,0.00000e+00,9.99999e-01,0.00000e+00,1.39406e-01,9.99980e-01,9.98339e-01
1.153415054e+01,0.00000e+00,9.99999e-01,0.00000e+00,3.17731e-02,9.99980e-01,9.98255e-01
1.159182129e+01,0.00000e+00,9.99999e-01,0.00000e+00,1.22674e-02,9.99981e-01,9.98169e-01
1.164978039e+01,0.00000e+00,9.99999e-01,0.00000e+00,9.91773e-04,9.99981e-01,9.98077e-01
1.170802930e+01,0.00000e+00,9.99999e-01,0.00000e+00,1.42963e-04,9.99982e-01,9.97981e-01
1.176656944e+01,0.00000e+00,9.99999e-01,0.00000e+00,4.56610e-03,9.99982e-01,9.97881e-01
1.182540229e+01,0.00000e+00,9.99999e-01,0.00000e+00,3.12819e-02,9.99982e-01,9.97770e-01
1.188452930e+01,0.00000e+00,9.99999e-01,0.00000e+00,3.17581e-02,9.99983e-01,9.97657e-01
1.194395195e+01,0.00000e+00,9.99999e-01,0.00000e+00,5.12080e-02,9.99983e-01,9.97531e-01
1.200367171e+01,0.00000e+00,9.99999e-01,0.00000e+00,9.62967e-02,9.99983e-01,9.97399e-01
1.206369007e+01,0.00000e+00,9.99999e-01,0.00000e+00,3.71324e-02,9.99984e-01,9.97262e-01
1.212400852e+01,0.00000e+00,9.99999e-01,0.00000e+00,9.04279e-02,9.99984e-01,9.97114e-01
1.218462856e+01,0.00000e+00,9.99999e-01,0.00000e+00,8.57026e-02,9.99984e-01,9.96966e-01
1.224555170e+01,0.00000e+00,9.99999e-01,0.00000e+00,7.27904e-03,9.99984e-01,9.96816e-01
1.230677946e+01,0.00000e+00,9.99999e-01,0.00000e+00,2.26279e-03,9.99985e-01,9.96666e-01
1.236831336e+01,0.00000e+00,9.99999e-01,0.00000e+00,9.72877e-05,9.99985e-01,9.96508e-01
1.243015492e+01,0.00000e+00,9.99999e-01,0.00000e+00,2.40420e-06,9.99985e-01,9.96342e-01
1.249230570e+01,0.00000e+00,9.99999e-01,0.00000e+00,4.27447e-06,9.99986e-01,9.96175e-01
1.255476723e+01,0.00000e+00,9.99999e-01,0.00000e+00,2.39733e-05,9.99986e-01,9.95996e-01
1.261754106e+01,0.00000e+00,9.99999e-01,0.00000e+00,3.25890e-03,9.99986e-01,9.95815e-01
1.268062877e+01,0.00000e+00,9.99999e-01,0.00000e+00,1.60617e-02,9.99986e-01,9.95621e-01
1.274403191e+01,0.00000e+00,9.99999e-01,0.00000e+00,9.62284e-03,9.99987e-01,9.95411e-01
1.280775207e+01,0.00000e+00,9.99999e-01,0.00000e+00,2.58461e-02,9.99987e-01,9.95200e-01
1.287179083e+01,0.00000e+00,9.99999e-01,0.00000e+00,7.79342e-03,9.99987e-01,9.94968e-01
1.293614979e+01,0.00000e+00,9.99999e-01,0.00000e+00,1.33876e-02,9.99987e-01,9.94734e-01
1.300083054e+01,0.00000e+00,9.99999e-01,0.00000e+00,7.82740e-04,9.99988e-01,9.94495e-01
1.306583469e+01,0.00000e+00,9.99999e-01,0.00000e+00,8.29998e-04,9.99988e-01,9.94247e-01
1.313116386e+01,0.00000e+00,9.99999e-01,0.00000e+00,5.26738e-04,9.99988e-01,9.93998e-01
1.319681968e+01,0.00000e+00,9.99999e-01,0.00000e+00,2.43316e-04,9.99988e-01,9.93727e-01
1.326280378e+01,0.00000e+00,9.99999e-01,0.00000e+00,9.65790e-07,9.99988e-01,9.93447e-01
1.332911780e+01,0.00000e+00,9.99999e-01,0.00000e+00,1.71634e-06,9.99989e-01,9.93163e-01
1.339576339e+01,0.00000e+00,9.99999e-01,0.00000e+00,4.24337e-07,9.99989e-01,9.87180e-01
1.346274221e+01,0.00000e+00,9.99999e-01,0.00000e+00,4.41557e-10,9.99989e-01,9.86264e-01
1.353005592e+01,0.00000e+00,9.99999e-01,0.00000e+00,1.58474e-05,9.99989e-01,9.85263e-01
1.359770620e+01,0.00000e+00,9.99999e-01,0.00000e+00,5.18240e-05,9.99989e-01,9.84241e-01
1.366569473e+01,0.00000e+00,9.99999e-01,0.00000e+00,3.65286e-05,9.99990e-01,9.83160e-01
1.373402320e+01,0.00000e+00,9.99999e-01,0.00000e+00,6.99197e-04,9.99990e-01,9.81902e-01
1.380269332e+01,0.00000e+00,9.99999e-01,0.00000e+00,1.44041e-03,9.99990e-01,9.80673e-01
1.387170678e+01,0.00000e+00,9.99999e-01,0.00000e+00,1.39817e-04,9.99990e-01,9.79370e-01
1.394106532e+01,0.00000e+00,9.99999e-01,0.00000e+00,3.97942e-05,9.99990e-01,9.77992e-01
1.401077064e+01,0.00000e+00,9.99999e-01,0.00000e+00,3.45949e-06,9.99990e-01,9.76526e-01
1.408082450e+01,0.00000e+00,9.99999e-01,0.00000e+00,4.24819e-06,9.99991e-01,9.74972e-01
1.415122862e+01,0.00000e+00,9.99999e-01,0.00000e+00,1.04204e-08,9.99991e-01,9.73289e-01
1.422198476e+01,0.00000e+00,9.99999e-01,0.00000e+00,2.71716e-11,9.99991e-01,9.71506e-01
1.429309469e+01,0.00000e+00,9.99999e-01,0.00000e+00,1.16427e-10,9.99991e-01,9.69581e-01
1.436456016e+01,0.00000e+00,9.99999e-01,0.00000e+00,3.10743e-13,9.99991e-01,9.67477e-01
1.443638296e+01,0.00000e+00,9.99999e-01,0.00000e+00,5.76007e-15,9.99991e-01,9.65230e-01
1.450856487e+01,0.00000e+00,9.99999e-01,0.00000e+00,6.16697e-11,9.99992e-01,9.62825e-01
1.458110770e+01,0.00000e+00,9.99999e-01,0.00000e+00,9.55017e-08,9.99992e-01,9.60225e-01
1.465401324e+01,0.00000e+00,9.99999e-01,0.00000e+00,7.67518e-07,9.99992e-01,9.57459e-01
1.472728330e+01,0.00000e+00,9.99999e-01,0.00000e+00,8.31904e-07,9.99992e-01,9.54475e-01
1.480091972e+01,0.00000e+00,9.99999e-01,0.00000e+00,4.08117e-08,9.99992e-01,9.51268e-01
1.487492432e+01,0.00000e+00,9.99999e-01,0.00000e+00,6.77405e-13,9.99992e-01,9.48246e-01
1.494929894e+01,0.00000e+00,9.99999e-01,0.00000e+00,1.42873e-10,9.99992e-01,9.44567e-01
1.502404544e+01,0.00000e+00,9.99999e-01,0.00000e+00,1.76360e-08,9.99993e-01,9.40591e-01
1.509916566e+01,0.00000e+00,9.99999e-01,0.00000e+00,4.17446e-08,9.99993e-01,9.36848e-01
1.517466149e+01,0.00000e+00,9.99999e-01,0.00000e+00,3.68063e-09,9.99993e-01,9.32870e-01
1.525053480e+01,0.00000e+00,9.99999e-01,0.00000e+00,5.44829e-08,9.99993e-01,9.28017e-01
1.532678747e+01,0.00000e+00,9.99999e-01,0.00000e+00,8.22849e-10,9.99993e-01,9.22853e-01
1.540342141e+01,0.00000e+00,9.99999e-01,0.00000e+00,8.89155e-12,9.99993e-01,9.13418e-01
1.548043852e+01,0.00000e+00,9.99999e-01,0.00000e+00,4.06920e-13,9.99993e-01,9.07939e-01
1.555784071e+01,0.00000e+00,9.99999e-01,0.00000e+00,8.21676e-17,9.99993e-01,9.01522e-01
1.563562991e+01,0.00000e+00,9.99999e-01,0.00000e+00,6.07569e-24,9.99994e-01,8.94679e-01
1.571380806e+01,0.00000e+00,9.99999e-01,0.00000e+00,1.78844e-24,9.99994e-01,8.88250e-01
1.579237710e+01,0.00000e+00,9.99999e-01,0.00000e+00,4.09658e-18,9.99994e-01,8.81451e-01
1.587133899e+01,0.00000e+00,9.99999e-01,0.00000e+00,2.76483e-15,9.99994e-01,8.74257e-01
1.595069568e+01,0.00000e+00,9.99999e-01,0.00000e+00,3.74252e-17,9.99994e-01,8.66444e-01
1.603044916e+01,0.00000e+00,9.99999e-01,0.00000e+00,8.33777e-23,9.99994e-01,8.56999e-01
1.611060141e+01,0.00000e+00,9.99999e-01,0.00000e+00,2.03793e-22,9.99994e-01,8.46972e-01
1.619115441e+01,0.00000e+00,9.99999e-01,0.00000e+00,1.84931e-21,9.99994e-01,8.37609e-01
1.627211019e+01,0.00000e+00,9.99999e-01,0.00000e+00,3.95294e-24,9.99994e-01,8.27749e-01
1.635347074e+01,0.00000e+00,9.99999e-01,0.00000e+00,5.66085e-22,9.99994e-01,8.17363e-01
1.643523809e+01,0.00000e+00,9.99999e-01,0.00000e+00,2.31425e-22,9.99995e-01,8.06389e-01
1.651741428e+01,0.00000e+00,9.99999e-01,0.00000e+00,3.06515e-24,9.99995e-01,7.94817e-01
1.660000135e+01,0.00000e+00,9.99999e-01,0.00000e+00,2.95814e-30,9.99995e-01,7.82694e-01
1.668300136e+01,0.00000e+00,9.99999e-01,0.00000e+00,4.34637e-31,9.99995e-01,7.69918e-01
1.676641637e+01,0.00000e+00,9.99999e-01,0.00000e+00,3.48625e-27,9.99995e-01,7.56547e-01
1.685024845e+01,0.00000e+00,9.99999e-01,0.00000e+00,3.51792e-28,9.99995e-01,7.42504e-01
1.693449969e+01,0.00000e+00,9.99999e-01,0.00000e+00,1.21193e-34,9.99995e-01,7.27795e-01
1.701917219e+01,0.00000e+00,9.99999e-01,0.00000e+00,2.59520e-37,9.99995e-01,7.12319e-01
1.710426805e+01,0.00000e+00,9.99999e-01,0.00000e+00,1.20758e-47,9.99995e-01,6.96127e-01
1.718978939e+01,0.00000e+00,9.99999e-01,0.00000e+00,8.85380e-52,9.99995e-01,6.81880e-01
1.727573834e+01,0.00000e+00,9.99999e-01,0.00000e+00,8.18827e-53,9.99995e-01,6.67005e-01
1.736211703e+01,0.00000e+00,9.99999e-01,0.00000e+00,7.86829e-57,9.99995e-01,6.48688e-01
1.744892761e+01,0.00000e+00,9.99999e-01,0.00000e+00,6.09207e-49,9.99995e-01,6.29606e-01
1.753617225e+01,0.00000e+00,9.99999e-01,0.00000e+00,2.10657e-39,9.99996e-01,6.09841e-01
1.762385311e+01,0.00000e+00,9.99999e-01,0.00000e+00,2.45493e-38,9.99996e-01,5.89364e-01
1.771197238e+01,0.00000e+00,9.99999e-01,0.00000e+00,3.02006e-41,9.99996e-01,5.68192e-01
1.780053224e+01,0.00000e+00,9.99999e-01,0.00000e+00,2.55378e-44,9.99996e-01,5.49857e-01
1.788953490e+01,0.00000e+00,9.99999e-01,0.00000e+00,3.11377e-48,9.99996e-01,5.30943e-01
1.797898258e+01,0.00000e+00,9.99999e-01,0.00000e+00,1.26098e-54,9.99996e-01,5.07837e-01
1.806887749e+01,0.00000e+00,9.99999e-01,0.00000e+00,4.63826e-56,9.99996e-01,4.84223e-01
1.815922188e+01,0.00000e+00,9.99999e-01,0.00000e+00,1.88792e-74,9.99996e-01,4.63991e-01
1.825001799e+01,0.00000e+00,9.99999e-01,0.00000e+00,5.30605e-56,9.99996e-01,4.43454e-01
1.834126808e+01,0.00000e+00,9.99999e-01,0.00000e+00,6.07077e-54,9.99996e-01,4.18814e-01
1.843297442e+01,0.00000e+00,9.99999e-01,0.00000e+00,2.04179e-54,9.99996e-01,3.93953e-01
1.852513929e+01,0.00000e+00,9.99999e-01,0.00000e+00,9.05755e-73,9.99996e-01,3.72957e-01
1.861776499e+01,0.00000e+00,9.99999e-01,0.00000e+00,9.41978e-88,9.99996e-01,3.51852e-01
1.871085381e+01,0.00000e+00,9.99999e-01,0.00000e+00,2.49525e-69,9.99996e-01,3.26857e-01
1.880440808e+01,0.00000e+00,9.99999e-01,0.00000e+00,1.27701e-58,9.99996e-01,3.06030e-01
1.889843012e+01,0.00000e+00,9.99999e-01,0.00000e+00,2.99628e-60,9.99996e-01,2.85354e-01
1.899292227e+01,0.00000e+00,9.99999e-01,0.00000e+00,1.58913e-81,9.99996e-01,2.61174e-01
1.908788688e+01,0.00000e+00,9.99999e-01,0.00000e+00,6.11676e-79,9.99997e-01,2.41322e-01
1.918332632e+01,0.00000e+00,9.99999e-01,0.00000e+00,1.25803e-79,9.99997e-01,2.21857e-01
1.927924295e+01,0.00000e+00,9.99999e-01,0.00000e+00,2.04874e-123,9.99997e-01,2.02977e-01
1.937563916e+01,0.00000e+00,9.99999e-01,0.00000e+00,9.66966e-151,9.99997e-01,1.84613e-01
1.947251736e+01,0.00000e+00,9.99999e-01,0.00000e+00,7.24161e-155,9.99997e-01,1.67044e-01
1.956987994e+01,0.00000e+00,9.99999e-01,0.00000e+00,2.34112e-148,9.99997e-01,1.50203e-01
1.966772934e+01,0.00000e+00,9.99999e-01,0.00000e+00,4.00009e-122,9.99997e-01,1.31161e-01
1.976606799e+01,0.00000e+00,9.99999e-01,0.00000e+00,1.35608e-119,9.99997e-01,1.16228e-01
1.986489833e+01,0.00000e+00,9.99999e-01,0.00000e+00,1.68216e-127,9.99997e-01,1.02215e-01
1.996422282e+01,0.00000e+00,9.99999e-01,0.00000e+00,3.38993e-119,9.99997e-01,8.92791e-02
