#,Wave/freq,Total,N2,CO2,H2O,Rayleigh,CIA
4.000000000e-01,2.73499e-03,9.99999e-01,9.99999e-01,9.99988e-01,2.73502e-03,9.99999e-01
4.020000000e-01,3.07352e-03,9.99999e-01,9.99999e-01,9.99992e-01,3.07354e-03,9.99999e-01
4.040100000e-01,3.44558e-03,9.99999e-01,9.99999e-01,9.99996e-01,3.44559e-03,9.99999e-01
4.060300500e-01,3.85398e-03,9.99999e-01,9.99999e-01,9.99998e-01,3.85398e-03,9.99999e-01
4.080602003e-01,4.30124e-03,9.99999e-01,9.99999e-01,9.99999e-01,4.30124e-03,9.99999e-01
4.101005013e-01,4.79000e-03,9.99999e-01,9.99999e-01,9.99999e-01,4.79000e-03,9.99999e-01
4.121510038e-01,5.32298e-03,9.99999e-01,9.99999e-01,9.99999e-01,5.32298e-03,9.99999e-01
4.142117588e-01,5.90293e-03,9.99999e-01,9.99999e-01,9.99996e-01,5.90295e-03,9.99999e-01
4.162828176e-01,6.53266e-03,9.99999e-01,9.99999e-01,9.99985e-01,6.53275e-03,9.99999e-01
4.183642317e-01,7.21522e-03,9.99999e-01,9.99999e-01,9.99991e-01,7.21528e-03,9.99999e-01
4.204560528e-01,7.95346e-03,9.99999e-01,9.99999e-01,9.99994e-01,7.95350e-03,9.99999e-01
4.225583331e-01,8.75037e-03,9.99999e-01,9.99999e-01,9.99997e-01,8.75039e-03,9.99999e-01
4.246711247e-01,9.60897e-03,9.99999e-01,9.99999e-01,9.99997e-01,9.60898e-03,9.99999e-01
4.267944804e-01,1.05323e-02,9.99999e-01,9.99999e-01,9.99997e-01,1.05323e-02,9.99999e-01
4.289284528e-01,1.15235e-02,9.99999e-01,9.99999e-01,9.99997e-01,1.15235e-02,9.99999e-01
4.310730950e-01,1.25856e-02,9.99999e-01,9.99999e-01,9.99998e-01,1.25856e-02,9.99999e-01
4.332284605e-01,1.37216e-02,9.99999e-01,9.99999e-01,9.99999e-01,1.37216e-02,9.99999e-01
4.353946028e-01,1.49347e-02,9.99999e-01,9.99999e-01,9.99999e-01,1.49347e-02,9.99999e-01
4.375715758e-01,1.62278e-02,9.99999e-01,9.99999e-01,9.99998e-01,1.62278e-02,9.99999e-01
4.397594337e-01,1.76038e-02,9.99999e-01,9.99999e-01,9.99987e-01,1.76040e-02,9.99999e-01
4.419582309e-01,1.90650e-02,9.99999e-01,9.99999e-01,9.99936e-01,1.90663e-02,9.99999e-01
4.441680220e-01,2.06164e-02,9.99999e-01,9.99999e-01,9.99950e-01,2.06174e-02,9.99999e-01
4.463888621e-01,2.22592e-02,9.99999e-01,9.99999e-01,9.99948e-01,2.22604e-02,9.99999e-01
4.486208064e-01,2.39971e-02,9.99999e-01,9.99999e-01,9.99967e-01,2.39979e-02,9.99999e-01
4.508639105e-01,2.58322e-02,9.99999e-01,9.99999e-01,9.99984e-01,2.58326e-02,9.99999e-01
4.531182300e-01,2.77670e-02,9.99999e-01,9.99999e-01,9.99993e-01,2.77672e-02,9.99999e-01
4.553838212e-01,2.98040e-02,9.99999e-01,9.99999e-01,9.99995e-01,2.98041e-02,9.99999e-01
4.576607403e-01,3.19457e-02,9.99999e-01,9.99999e-01,9.99997e-01,3.19457e-02,9.99999e-01
4.599490440e-01,3.41943e-02,9.99999e-01,9.99999e-01,9.99998e-01,3.41944e-02,9.99999e-01
4.622487892e-01,3.65521e-02,9.99999e-01,9.99999e-01,9.99999e-01,3.65521e-02,9.99999e-01
4.645600332e-01,3.90210e-02,9.99999e-01,9.99999e-01,9.99998e-01,3.90210e-02,9.99999e-01
4.668828333e-01,4.16023e-02,9.99999e-01,9.99999e-01,9.99984e-01,4.16029e-02,9.99999e-01
4.692172475e-01,4.42982e-02,9.99999e-01,9.99999e-01,9.99967e-01,4.42996e-02,9.99999e-01
4.715633337e-01,4.71116e-02,9.99999e-01,9.99999e-01,9.99978e-01,4.71125e-02,9.99999e-01
4.739211504e-01,5.00422e-02,9.99999e-01,9.99999e-01,9.99979e-01,5.00432e-02,9.99999e-01
4.762907561e-01,5.30924e-02,9.99999e-01,9.99999e-01,9.99989e-01,5.30929e-02,9.99999e-01
4.786722099e-01,5.62624e-02,9.99999e-01,9.99999e-01,9.99995e-01,5.62626e-02,9.99999e-01
4.810655710e-01,5.95533e-02,9.99999e-01,9.99999e-01,9.99998e-01,5.95534e-02,9.99999e-01
4.834708988e-01,6.29651e-02,9.99999e-01,9.99999e-01,9.99987e-01,6.29658e-02,9.99999e-01
4.858882533e-01,6.64991e-02,9.99999e-01,9.99999e-01,9.99976e-01,6.65006e-02,9.99999e-01
4.883176946e-01,7.01568e-02,9.99999e-01,9.99999e-01,9.99980e-01,7.01581e-02,9.99999e-01
4.907592831e-01,7.39372e-02,9.99999e-01,9.99999e-01,9.99982e-01,7.39385e-02,9.99999e-01
4.932130795e-01,7.78409e-02,9.99999e-01,9.99999e-01,9.99987e-01,7.78419e-02,9.99999e-01
4.956791449e-01,8.18675e-02,9.99999e-01,9.99999e-01,9.99993e-01,8.18681e-02,9.99999e-01
4.981575406e-01,8.60140e-02,9.99999e-01,9.99999e-01,9.99967e-01,8.60168e-02,9.99999e-01
5.006483283e-01,9.02799e-02,9.99999e-01,9.99999e-01,9.99915e-01,9.02875e-02,9.99998e-01
5.031515699e-01,9.46392e-02,9.99999e-01,9.99999e-01,9.99576e-01,9.46797e-02,9.99995e-01
5.056673278e-01,9.91698e-02,9.99999e-01,9.99999e-01,9.99776e-01,9.91923e-02,9.99994e-01
5.081956644e-01,1.03795e-01,9.99999e-01,9.99999e-01,9.99718e-01,1.03825e-01,9.99996e-01
5.107366428e-01,1.08555e-01,9.99999e-01,9.99999e-01,9.99810e-01,1.08575e-01,9.99998e-01
5.132903260e-01,1.13431e-01,9.99999e-01,9.99999e-01,9.99891e-01,1.13443e-01,9.99999e-01
5.158567776e-01,1.18421e-01,9.99999e-01,9.99999e-01,9.99953e-01,1.18426e-01,9.99999e-01
5.184360615e-01,1.23521e-01,9.99999e-01,9.99999e-01,9.99981e-01,1.23523e-01,9.99999e-01
5.210282418e-01,1.28732e-01,9.99999e-01,9.99999e-01,9.99992e-01,1.28733e-01,9.99999e-01
5.236333830e-01,1.34049e-01,9.99999e-01,9.99999e-01,9.99972e-01,1.34053e-01,9.99999e-01
5.262515499e-01,1.39478e-01,9.99999e-01,9.99999e-01,9.99982e-01,1.39481e-01,9.99999e-01
5.288828077e-01,1.45012e-01,9.99999e-01,9.99999e-01,9.99983e-01,1.45015e-01,9.99999e-01
5.315272217e-01,1.50650e-01,9.99999e-01,9.99999e-01,9.99985e-01,1.50652e-01,9.99999e-01
5.341848578e-01,1.56390e-01,9.99999e-01,9.99999e-01,9.99990e-01,1.56392e-01,9.99999e-01
5.368557821e-01,1.62224e-01,9.99999e-01,9.99999e-01,9.99967e-01,1.62229e-01,9.99999e-01
5.395400610e-01,1.68144e-01,9.99999e-01,9.99999e-01,9.99883e-01,1.68163e-01,9.99998e-01
5.422377613e-01,1.74164e-01,9.99999e-01,9.99999e-01,9.99850e-01,1.74191e-01,9.99996e-01
5.449489501e-01,1.80283e-01,9.99999e-01,9.99999e-01,9.99860e-01,1.80309e-01,9.99996e-01
5.476736949e-01,1.86491e-01,9.99999e-01,9.99999e-01,9.99876e-01,1.86514e-01,9.99998e-01
5.504120634e-01,1.92787e-01,9.99999e-01,9.99999e-01,9.99910e-01,1.92805e-01,9.99999e-01
5.531641237e-01,1.99168e-01,9.99999e-01,9.99999e-01,9.99954e-01,1.99177e-01,9.99999e-01
5.559299443e-01,2.05622e-01,9.99999e-01,9.99999e-01,9.99977e-01,2.05627e-01,9.99999e-01
5.587095940e-01,2.12150e-01,9.99999e-01,9.99999e-01,9.99985e-01,2.12153e-01,9.99999e-01
5.615031420e-01,2.18747e-01,9.99999e-01,9.99999e-01,9.99984e-01,2.18750e-01,9.99999e-01
5.643106577e-01,2.25413e-01,9.99999e-01,9.99999e-01,9.99982e-01,2.25417e-01,9.99999e-01
5.671322110e-01,2.32099e-01,9.99999e-01,9.99999e-01,9.99788e-01,2.32149e-01,9.99997e-01
5.699678720e-01,2.38889e-01,9.99999e-01,9.99999e-01,9.99778e-01,2.38943e-01,9.99993e-01
5.728177114e-01,2.45738e-01,9.99999e-01,9.99999e-01,9.99767e-01,2.45796e-01,9.99994e-01
5.756818000e-01,2.52650e-01,9.99999e-01,9.99999e-01,9.99787e-01,2.52704e-01,9.99996e-01
5.785602090e-01,2.59616e-01,9.99999e-01,9.99999e-01,9.99814e-01,2.59664e-01,9.99998e-01
5.814530100e-01,2.66623e-01,9.99999e-01,9.99999e-01,9.99813e-01,2.66673e-01,9.99999e-01
5.843602750e-01,2.73665e-01,9.99999e-01,9.99999e-01,9.99777e-01,2.73727e-01,9.99998e-01
5.872820764e-01,2.80280e-01,9.99999e-01,9.99999e-01,9.98081e-01,2.80822e-01,9.99986e-01
5.902184868e-01,2.87280e-01,9.99999e-01,9.99999e-01,9.97688e-01,2.87956e-01,9.99962e-01
5.931695792e-01,2.94632e-01,9.99999e-01,9.99999e-01,9.98363e-01,2.95125e-01,9.99964e-01
5.961354271e-01,3.01778e-01,9.99999e-01,9.99999e-01,9.98209e-01,3.02325e-01,9.99979e-01
5.991161043e-01,3.09148e-01,9.99999e-01,9.99999e-01,9.98694e-01,3.09554e-01,9.99993e-01
6.021116848e-01,3.16573e-01,9.99999e-01,9.99999e-01,9.99259e-01,3.16808e-01,9.99998e-01
6.051222432e-01,3.23962e-01,9.99999e-01,9.99999e-01,9.99625e-01,3.24083e-01,9.99999e-01
6.081478544e-01,3.31323e-01,9.99999e-01,9.99999e-01,9.99838e-01,3.31377e-01,9.99999e-01
6.111885937e-01,3.38663e-01,9.99999e-01,9.99999e-01,9.99931e-01,3.38686e-01,9.99999e-01
6.142445367e-01,3.45996e-01,9.99999e-01,9.99999e-01,9.99969e-01,3.46007e-01,9.99999e-01
6.173157594e-01,3.53331e-01,9.99999e-01,9.99999e-01,9.99982e-01,3.53337e-01,9.99999e-01
6.204023382e-01,3.60667e-01,9.99999e-01,9.99999e-01,9.99985e-01,3.60672e-01,9.99999e-01
6.235043498e-01,3.67988e-01,9.99999e-01,9.99999e-01,9.99936e-01,3.68011e-01,9.99999e-01
6.266218716e-01,3.75224e-01,9.99999e-01,9.99999e-01,9.99666e-01,3.75350e-01,9.99997e-01
6.297549810e-01,3.82637e-01,9.99999e-01,9.99999e-01,9.99877e-01,3.82686e-01,9.99994e-01
6.329037559e-01,3.89920e-01,9.99999e-01,9.99999e-01,9.99758e-01,3.90016e-01,9.99995e-01
6.360682746e-01,3.97255e-01,9.99999e-01,9.99999e-01,9.99793e-01,3.97337e-01,9.99997e-01
6.392486160e-01,4.04539e-01,9.99999e-01,9.99999e-01,9.99733e-01,4.04648e-01,9.99998e-01
6.424448591e-01,4.11796e-01,9.99999e-01,9.99999e-01,9.99641e-01,4.11944e-01,9.99997e-01
6.456570834e-01,4.18523e-01,9.99999e-01,9.99999e-01,9.98336e-01,4.19224e-01,9.99989e-01
6.488853688e-01,4.25958e-01,9.99999e-01,9.99999e-01,9.98790e-01,4.26485e-01,9.99973e-01
6.521297956e-01,4.33181e-01,9.99999e-01,9.99999e-01,9.98766e-01,4.33725e-01,9.99978e-01
6.553904446e-01,4.40391e-01,9.99999e-01,9.99999e-01,9.98769e-01,4.40940e-01,9.99983e-01
6.586673968e-01,4.47657e-01,9.99999e-01,9.99999e-01,9.98948e-01,4.48130e-01,9.99994e-01
6.619607338e-01,4.55025e-01,9.99999e-01,9.99999e-01,9.99414e-01,4.55292e-01,9.99998e-01
6.652705375e-01,4.62260e-01,9.99999e-01,9.99999e-01,9.99648e-01,4.62423e-01,9.99998e-01
6.685968902e-01,4.69452e-01,9.99999e-01,9.99999e-01,9.99850e-01,4.69522e-01,9.99999e-01
6.719398746e-01,4.76550e-01,9.99999e-01,9.99999e-01,9.99924e-01,4.76586e-01,9.99999e-01
6.752995740e-01,4.83594e-01,9.99999e-01,9.99999e-01,9.99958e-01,4.83614e-01,9.99999e-01
6.786760719e-01,4.90574e-01,9.99999e-01,9.99999e-01,9.99940e-01,4.90604e-01,9.99999e-01
6.820694522e-01,4.97503e-01,9.99999e-01,9.99999e-01,9.99897e-01,4.97553e-01,9.99998e-01
6.854797995e-01,5.04395e-01,9.99999e-01,9.99999e-01,9.99868e-01,5.04461e-01,9.99998e-01
6.889071985e-01,5.11161e-01,9.99999e-01,9.99999e-01,9.99679e-01,5.11326e-01,9.99996e-01
6.923517345e-01,5.15440e-01,9.99999e-01,9.99999e-01,9.94803e-01,5.18145e-01,9.99974e-01
6.958134932e-01,5.23488e-01,9.99999e-01,9.99999e-01,9.97328e-01,5.24918e-01,9.99944e-01
6.992925606e-01,5.30252e-01,9.99999e-01,9.99999e-01,9.97431e-01,5.31644e-01,9.99950e-01
7.027890234e-01,5.36601e-01,9.99999e-01,9.99999e-01,9.96845e-01,5.38320e-01,9.99961e-01
7.063029686e-01,5.43489e-01,9.99999e-01,9.99999e-01,9.97346e-01,5.44945e-01,9.99980e-01
7.098344834e-01,5.50109e-01,9.99999e-01,9.99999e-01,9.97454e-01,5.51519e-01,9.99988e-01
7.133836558e-01,5.56120e-01,9.99999e-01,9.99999e-01,9.96580e-01,5.58040e-01,9.99977e-01
7.169505741e-01,5.49052e-01,9.99999e-01,9.99999e-01,9.72791e-01,5.64507e-01,9.99825e-01
7.205353270e-01,5.63188e-01,9.99999e-01,9.99999e-01,9.86761e-01,5.70919e-01,9.99692e-01
7.241380036e-01,5.67345e-01,9.99999e-01,9.99999e-01,9.83058e-01,5.77275e-01,9.99734e-01
7.277586936e-01,5.74526e-01,9.99999e-01,9.99999e-01,9.84708e-01,5.83574e-01,9.99783e-01
7.313974871e-01,5.80218e-01,9.99999e-01,9.99999e-01,9.83827e-01,5.89816e-01,9.99898e-01
7.350544745e-01,5.90693e-01,9.99999e-01,9.99999e-01,9.91133e-01,5.95999e-01,9.99964e-01
7.387297469e-01,5.98184e-01,9.99999e-01,9.99999e-01,9.93475e-01,6.02122e-01,9.99983e-01
7.424233956e-01,6.06244e-01,9.99999e-01,9.99999e-01,9.96808e-01,6.08186e-01,9.99996e-01
7.461355126e-01,6.13000e-01,9.99999e-01,9.99999e-01,9.98063e-01,6.14189e-01,9.99999e-01
7.498661902e-01,6.19573e-01,9.99999e-01,9.99999e-01,9.99099e-01,6.20131e-01,9.99999e-01
7.536155211e-01,6.25735e-01,9.99999e-01,9.99999e-01,9.99557e-01,6.26012e-01,9.99999e-01
7.573835987e-01,6.31687e-01,9.99999e-01,9.99999e-01,9.99772e-01,6.31831e-01,9.99999e-01
7.611705167e-01,6.37497e-01,9.99999e-01,9.99999e-01,9.99858e-01,6.37587e-01,9.99999e-01
7.649763693e-01,6.43223e-01,9.99999e-01,9.99999e-01,9.99910e-01,6.43280e-01,9.99999e-01
7.688012511e-01,6.48870e-01,9.99999e-01,9.99999e-01,9.99937e-01,6.48910e-01,9.99999e-01
7.726452574e-01,6.54444e-01,9.99999e-01,9.99999e-01,9.99948e-01,6.54477e-01,9.99999e-01
7.765084837e-01,6.59932e-01,9.99999e-01,9.99999e-01,9.99926e-01,6.59980e-01,9.99999e-01
7.803910261e-01,6.51696e-01,9.99999e-01,9.79678e-01,9.99685e-01,6.65420e-01,9.99999e-01
7.842929812e-01,6.15152e-01,9.99999e-01,9.18029e-01,9.98902e-01,6.70795e-01,9.99997e-01
7.882144461e-01,6.15151e-01,9.99999e-01,9.11859e-01,9.97751e-01,6.76107e-01,9.99984e-01
7.921555184e-01,6.45310e-01,9.99999e-01,9.48274e-01,9.98770e-01,6.81354e-01,9.99972e-01
7.961162960e-01,6.61277e-01,9.99999e-01,9.65331e-01,9.97811e-01,6.86537e-01,9.99974e-01
8.000968774e-01,6.76820e-01,9.99999e-01,9.81041e-01,9.97482e-01,6.91657e-01,9.99972e-01
8.040973618e-01,6.88109e-01,9.99999e-01,9.90165e-01,9.97479e-01,6.96712e-01,9.99978e-01
8.081178486e-01,6.94526e-01,9.99999e-01,9.95463e-01,9.94298e-01,7.01703e-01,9.99978e-01
8.121584379e-01,6.88950e-01,9.99999e-01,9.98605e-01,9.76410e-01,7.06630e-01,9.99920e-01
8.162192301e-01,6.91295e-01,9.99999e-01,9.99691e-01,9.72197e-01,7.11493e-01,9.99701e-01
8.203003262e-01,7.05898e-01,9.99999e-01,9.99995e-01,9.85835e-01,7.16293e-01,9.99650e-01
8.244018279e-01,7.06784e-01,9.99999e-01,9.99999e-01,9.80514e-01,7.21030e-01,9.99721e-01
8.285238370e-01,7.13415e-01,9.99999e-01,9.99999e-01,9.83282e-01,7.25703e-01,9.99781e-01
8.326664562e-01,7.17932e-01,9.99999e-01,9.99999e-01,9.83135e-01,7.30313e-01,9.99909e-01
8.368297885e-01,7.25999e-01,9.99999e-01,9.99999e-01,9.87959e-01,7.34861e-01,9.99978e-01
8.410139374e-01,7.34042e-01,9.99999e-01,9.99999e-01,9.92836e-01,7.39346e-01,9.99987e-01
8.452190071e-01,7.41151e-01,9.99999e-01,9.99999e-01,9.96486e-01,7.43770e-01,9.99992e-01
8.494451021e-01,7.46599e-01,9.99999e-01,9.99999e-01,9.97956e-01,7.48132e-01,9.99993e-01
8.536923276e-01,7.51522e-01,9.99999e-01,9.99999e-01,9.98793e-01,7.52432e-01,9.99995e-01
8.579607893e-01,7.56108e-01,9.99999e-01,9.99999e-01,9.99255e-01,7.56671e-01,9.99998e-01
8.622505932e-01,7.60491e-01,9.99999e-01,9.99999e-01,9.99527e-01,7.60850e-01,9.99999e-01
8.665618462e-01,7.24981e-01,9.99999e-01,9.47995e-01,9.99706e-01,7.64969e-01,9.99999e-01
8.708946554e-01,6.16506e-01,9.99999e-01,8.01932e-01,9.99664e-01,7.69028e-01,9.99999e-01
8.752491287e-01,6.48333e-01,9.99999e-01,8.39063e-01,9.99551e-01,7.73028e-01,9.99999e-01
8.796253743e-01,7.05803e-01,9.99999e-01,9.08963e-01,9.99377e-01,7.76969e-01,9.99998e-01
8.840235012e-01,7.42778e-01,9.99999e-01,9.51916e-01,9.99288e-01,7.80851e-01,9.99995e-01
8.884436187e-01,7.67628e-01,9.99999e-01,9.80844e-01,9.97376e-01,7.84676e-01,9.99987e-01
8.928858368e-01,7.60988e-01,9.99999e-01,9.92195e-01,9.72801e-01,7.88443e-01,9.99928e-01
8.973502660e-01,7.52899e-01,9.99999e-01,9.98106e-01,9.52573e-01,7.92154e-01,9.99636e-01
9.018370173e-01,7.75794e-01,9.99999e-01,9.99791e-01,9.75606e-01,7.95808e-01,9.99428e-01
9.063462024e-01,7.77478e-01,9.99999e-01,9.94519e-01,9.78324e-01,7.99406e-01,9.99498e-01
9.108779334e-01,7.66155e-01,9.99999e-01,9.87684e-01,9.66494e-01,8.02949e-01,9.99478e-01
9.154323231e-01,7.73333e-01,9.99999e-01,9.97116e-01,9.62103e-01,8.06437e-01,9.99568e-01
9.200094847e-01,7.52418e-01,9.99999e-01,9.56917e-01,9.70218e-01,8.09872e-01,9.99758e-01
9.246095321e-01,7.29435e-01,9.99999e-01,9.41023e-01,9.52780e-01,8.13252e-01,9.99721e-01
9.292325798e-01,5.64078e-01,9.99999e-01,9.52976e-01,7.23504e-01,8.16579e-01,9.98659e-01
9.338787427e-01,5.15275e-01,9.99999e-01,9.54925e-01,6.59316e-01,8.19854e-01,9.95164e-01
9.385481364e-01,6.70321e-01,9.99999e-01,9.66730e-01,8.45940e-01,8.23077e-01,9.94688e-01
9.432408771e-01,6.36332e-01,9.99999e-01,9.79561e-01,7.89282e-01,8.26249e-01,9.95416e-01
9.479570815e-01,5.88171e-01,9.99999e-01,9.89451e-01,7.19155e-01,8.29369e-01,9.96267e-01
9.526968669e-01,6.48263e-01,9.99999e-01,9.94906e-01,7.84300e-01,8.32440e-01,9.97721e-01
9.574603512e-01,6.68054e-01,9.99999e-01,9.97820e-01,8.02230e-01,8.35461e-01,9.98841e-01
9.622476530e-01,7.00469e-01,9.99999e-01,9.99320e-01,8.36668e-01,8.38433e-01,9.99198e-01
9.670588912e-01,7.58687e-01,9.99999e-01,9.99796e-01,9.02414e-01,8.41356e-01,9.99451e-01
9.718941857e-01,7.91608e-01,9.99999e-01,9.99985e-01,9.38056e-01,8.44232e-01,9.99596e-01
9.767536566e-01,8.03031e-01,9.99999e-01,9.99999e-01,9.48312e-01,8.47060e-01,9.99691e-01
9.816374249e-01,8.17065e-01,9.99999e-01,9.99999e-01,9.61533e-01,8.49842e-01,9.99892e-01
9.865456120e-01,8.31940e-01,9.99999e-01,9.99999e-01,9.75814e-01,8.52578e-01,9.99977e-01
9.914783401e-01,8.42422e-01,9.99999e-01,9.99999e-01,9.84985e-01,8.55268e-01,9.99993e-01
9.964357318e-01,8.50875e-01,9.99999e-01,9.99999e-01,9.91799e-01,8.57913e-01,9.99995e-01
1.001417910e+00,8.56275e-01,9.99999e-01,9.99999e-01,9.95079e-01,8.60514e-01,9.99994e-01
1.006425000e+00,8.60639e-01,9.99999e-01,9.99999e-01,9.97189e-01,8.63071e-01,9.99991e-01
1.011457125e+00,8.64071e-01,9.99999e-01,9.99999e-01,9.98257e-01,8.65585e-01,9.99992e-01
1.016514411e+00,8.67025e-01,9.99999e-01,9.99999e-01,9.98815e-01,8.68057e-01,9.99994e-01
1.021596983e+00,8.69633e-01,9.99999e-01,9.99968e-01,9.99055e-01,8.70486e-01,9.99994e-01
1.026704968e+00,8.70365e-01,9.99999e-01,9.97861e-01,9.99263e-01,8.72874e-01,9.99996e-01
1.031838492e+00,8.47397e-01,9.99999e-01,9.68714e-01,9.99465e-01,8.75222e-01,9.99998e-01
1.036997685e+00,2.22649e-01,9.99999e-01,2.53790e-01,9.99681e-01,8.77529e-01,9.99999e-01
1.042182673e+00,2.56370e-01,9.99999e-01,2.91500e-01,9.99619e-01,8.79796e-01,9.99999e-01
1.047393587e+00,2.44352e-01,9.99999e-01,2.77161e-01,9.99496e-01,8.82025e-01,9.99999e-01
1.052630555e+00,2.82583e-02,9.99999e-01,3.19759e-02,9.99308e-01,8.84214e-01,9.99999e-01
1.057893707e+00,5.65217e-02,9.99999e-01,6.38242e-02,9.98844e-01,8.86366e-01,9.99999e-01
1.063183176e+00,1.19878e-01,9.99999e-01,1.35129e-01,9.98100e-01,8.88481e-01,9.99998e-01
1.068499092e+00,2.30602e-01,9.99999e-01,2.59681e-01,9.96823e-01,8.90558e-01,9.99997e-01
1.073841587e+00,3.80865e-01,9.99999e-01,4.28130e-01,9.96277e-01,8.92599e-01,9.99994e-01
1.079210795e+00,5.21197e-01,9.99999e-01,5.85246e-01,9.95242e-01,8.94605e-01,9.99986e-01
1.084606849e+00,6.64529e-01,9.99999e-01,7.46443e-01,9.92795e-01,8.96575e-01,9.99969e-01
1.090029883e+00,7.64217e-01,9.99999e-01,8.59371e-01,9.89622e-01,8.98510e-01,9.99936e-01
1.095480033e+00,8.12387e-01,9.99999e-01,9.28175e-01,9.71999e-01,9.00412e-01,9.99885e-01
1.100957433e+00,8.09761e-01,9.99999e-01,9.64761e-01,9.30240e-01,9.02279e-01,9.99788e-01
1.106462220e+00,7.40209e-01,9.99999e-01,9.85295e-01,8.30966e-01,9.04114e-01,9.99642e-01
1.111994531e+00,6.09697e-01,9.99999e-01,9.94526e-01,6.77203e-01,9.05916e-01,9.99051e-01
1.117554504e+00,4.79802e-01,9.99999e-01,9.98665e-01,5.31039e-01,9.07686e-01,9.96582e-01
1.123142276e+00,5.63491e-01,9.99999e-01,9.99912e-01,6.24699e-01,9.09424e-01,9.91914e-01
1.128757988e+00,6.69330e-01,9.99999e-01,9.99999e-01,7.41546e-01,9.11131e-01,9.90652e-01
1.134401778e+00,4.51400e-01,9.99999e-01,9.99999e-01,4.98482e-01,9.12807e-01,9.92046e-01
1.140073787e+00,7.61407e-01,9.99999e-01,9.99999e-01,8.37964e-01,9.14454e-01,9.93639e-01
1.145774156e+00,6.28455e-01,9.99999e-01,9.99999e-01,6.90051e-01,9.16071e-01,9.94176e-01
1.151503026e+00,6.03666e-01,9.99999e-01,9.99999e-01,6.59976e-01,9.17658e-01,9.96751e-01
1.157260541e+00,6.52425e-01,9.99999e-01,9.99999e-01,7.10452e-01,9.19217e-01,9.99027e-01
1.163046844e+00,7.15621e-01,9.99999e-01,9.99999e-01,7.77431e-01,9.20748e-01,9.99723e-01
1.168862078e+00,7.74818e-01,9.99999e-01,9.99999e-01,8.40257e-01,9.22251e-01,9.99857e-01
1.174706389e+00,8.29511e-01,9.99999e-01,9.99999e-01,8.98173e-01,9.23726e-01,9.99811e-01
1.180579921e+00,8.66429e-01,9.99999e-01,9.99999e-01,9.36768e-01,9.25175e-01,9.99714e-01
1.186482820e+00,8.92783e-01,9.99999e-01,9.99995e-01,9.63791e-01,9.26597e-01,9.99707e-01
1.192415234e+00,9.01102e-01,9.99999e-01,9.92310e-01,9.78711e-01,9.27994e-01,9.99780e-01
1.198377311e+00,5.29302e-01,9.99999e-01,5.78389e-01,9.82006e-01,9.29364e-01,9.99792e-01
1.204369197e+00,2.77100e-07,9.99999e-01,3.00750e-07,9.82964e-01,9.30710e-01,9.99812e-01
1.210391043e+00,7.26858e-24,9.99999e-01,7.87089e-24,9.83711e-01,9.32031e-01,9.99885e-01
1.216442998e+00,6.73816e-21,9.99999e-01,7.28261e-21,9.86145e-01,9.33328e-01,9.99929e-01
1.222525213e+00,1.33478e-20,9.99999e-01,1.43632e-20,9.89196e-01,9.34601e-01,9.99956e-01
1.228637839e+00,6.94679e-16,9.99999e-01,7.46289e-16,9.92485e-01,9.35850e-01,9.99979e-01
1.234781029e+00,7.70182e-11,9.99999e-01,8.23919e-11,9.94418e-01,9.37077e-01,9.99993e-01
1.240954934e+00,2.39240e-07,9.99999e-01,2.55580e-07,9.96466e-01,9.38280e-01,9.99997e-01
1.247159708e+00,1.94115e-04,9.99999e-01,2.07015e-04,9.97249e-01,9.39462e-01,9.99998e-01
1.253395507e+00,8.31610e-03,9.99999e-01,8.85844e-03,9.97555e-01,9.40621e-01,9.99998e-01
1.259662485e+00,6.38483e-02,9.99999e-01,6.79328e-02,9.97674e-01,9.41759e-01,9.99997e-01
1.265960797e+00,1.97915e-01,9.99999e-01,2.10591e-01,9.96290e-01,9.42876e-01,9.99995e-01
1.272290601e+00,4.93901e-01,9.99999e-01,5.26131e-01,9.94165e-01,9.43972e-01,9.99993e-01
1.278652054e+00,4.29487e-01,9.99999e-01,4.59008e-01,9.88426e-01,9.45048e-01,9.99988e-01
1.285045314e+00,2.06467e-02,9.99999e-01,2.20485e-02,9.79070e-01,9.46103e-01,9.99978e-01
1.291470541e+00,1.66040e-03,9.99999e-01,1.80038e-03,9.63799e-01,9.47139e-01,9.99962e-01
1.297927893e+00,4.57248e-02,9.99999e-01,4.98689e-02,9.48845e-01,9.48156e-01,9.99930e-01
1.304417533e+00,2.79233e-01,9.99999e-01,3.11811e-01,9.39987e-01,9.49153e-01,9.99854e-01
1.310939621e+00,5.19258e-02,9.99999e-01,5.71061e-02,9.24721e-01,9.50132e-01,9.99700e-01
1.317494319e+00,1.05643e-08,9.99999e-01,1.16670e-08,9.26075e-01,9.51093e-01,9.99446e-01
1.324081790e+00,2.48667e-06,9.99999e-01,2.77460e-06,8.90939e-01,9.52035e-01,9.99097e-01
1.330702199e+00,7.45531e-04,9.99999e-01,1.03671e-03,6.09954e-01,9.52960e-01,9.98444e-01
1.337355710e+00,3.48104e-04,9.99999e-01,8.03935e-04,2.96492e-01,9.53867e-01,9.97007e-01
1.344042489e+00,5.69029e-05,9.99999e-01,2.51498e-04,3.91616e-02,9.54758e-01,9.91014e-01
1.350762701e+00,2.86978e-06,9.99999e-01,7.70279e-04,1.68708e-03,9.55631e-01,9.69569e-01
1.357516515e+00,3.50901e-06,9.99999e-01,9.12613e-03,1.92973e-04,9.56488e-01,9.13296e-01
1.364304097e+00,2.06185e-04,9.99999e-01,5.25128e-02,3.27009e-03,9.57329e-01,8.53039e-01
1.371125618e+00,4.86194e-03,9.99999e-01,2.11727e-01,2.14999e-02,9.58154e-01,8.60830e-01
1.377981246e+00,1.02302e-02,9.99999e-01,2.87265e-01,3.75997e-02,9.58963e-01,8.79451e-01
1.384871152e+00,1.30399e-03,9.99999e-01,4.84028e-01,2.81641e-03,9.59757e-01,8.87187e-01
1.391795508e+00,2.17015e-03,9.99999e-01,5.11707e-01,4.46286e-03,9.60536e-01,8.92169e-01
1.398754485e+00,5.78405e-03,9.99999e-01,6.62252e-01,9.65350e-03,9.61301e-01,9.10055e-01
1.405748258e+00,6.21326e-03,9.99999e-01,7.37958e-01,8.80966e-03,9.62050e-01,9.46392e-01
1.412776999e+00,7.97970e-03,9.99999e-01,8.25687e-01,9.99467e-03,9.62786e-01,9.75157e-01
1.419840884e+00,1.09655e-02,9.99999e-01,7.57459e-01,1.32573e-02,9.63507e-01,9.89029e-01
1.426940089e+00,9.23102e-03,9.99999e-01,9.54401e-02,3.44222e-02,9.64215e-01,9.91654e-01
1.434074789e+00,0.00000e+00,9.99999e-01,0.00000e+00,7.56761e-02,9.64909e-01,9.90159e-01
1.441245163e+00,0.00000e+00,9.99999e-01,0.00000e+00,1.45188e-01,9.65590e-01,9.89345e-01
1.448451389e+00,0.00000e+00,9.99999e-01,0.00000e+00,2.50809e-01,9.66258e-01,9.90665e-01
1.455693646e+00,7.96678e-185,9.99999e-01,1.30579e-184,4.09267e-01,9.66914e-01,9.92728e-01
1.462972114e+00,3.65369e-90,9.99999e-01,5.98259e-90,4.65030e-01,9.67556e-01,9.93064e-01
1.470286975e+00,1.47987e-38,9.99999e-01,2.51054e-38,4.08345e-01,9.68187e-01,9.93181e-01
1.477638409e+00,6.17724e-25,9.99999e-01,1.04588e-24,4.50120e-01,9.68805e-01,9.95391e-01
1.485026601e+00,1.45718e-14,9.99999e-01,2.33774e-14,5.25238e-01,9.69412e-01,9.97876e-01
1.492451734e+00,2.15929e-12,9.99999e-01,3.07689e-12,6.15789e-01,9.70007e-01,9.99071e-01
1.499913993e+00,2.64861e-06,9.99999e-01,3.31085e-06,7.24789e-01,9.70591e-01,9.99598e-01
1.507413563e+00,3.32415e-05,9.99999e-01,4.17289e-05,7.93059e-01,9.71163e-01,9.99811e-01
1.514950631e+00,1.54300e-06,9.99999e-01,1.74429e-06,8.64698e-01,9.71725e-01,9.99911e-01
1.522525384e+00,4.18473e-18,9.99999e-01,4.58377e-18,9.10428e-01,9.72275e-01,9.99967e-01
1.530138011e+00,9.95012e-41,9.99999e-01,1.06254e-40,9.33634e-01,9.72815e-01,9.99988e-01
1.537788701e+00,1.46449e-30,9.99999e-01,1.54465e-30,9.62031e-01,9.73345e-01,9.99994e-01
1.545477645e+00,8.06145e-08,9.99999e-01,8.41681e-08,9.75530e-01,9.73865e-01,9.99996e-01
1.553205033e+00,3.19377e-05,9.99999e-01,3.33061e-05,9.79990e-01,9.74374e-01,9.99997e-01
1.560971058e+00,8.08273e-06,9.99999e-01,8.36376e-06,9.87616e-01,9.74874e-01,9.99998e-01
1.568775913e+00,8.53993e-101,9.99999e-01,8.80492e-101,9.91794e-01,9.75364e-01,9.99998e-01
1.576619793e+00,1.00105e-234,9.99999e-01,1.02955e-234,9.93629e-01,9.75845e-01,9.99998e-01
1.584502892e+00,1.63771e-128,9.99999e-01,1.68247e-128,9.96120e-01,9.76316e-01,9.99998e-01
1.592425406e+00,6.98341e-90,9.99999e-01,7.16601e-90,9.96405e-01,9.76778e-01,9.99997e-01
1.600387533e+00,3.62134e-144,9.99999e-01,3.71263e-144,9.97518e-01,9.77232e-01,9.99997e-01
1.608389471e+00,1.58907e-241,9.99999e-01,1.62863e-241,9.97433e-01,9.77676e-01,9.99997e-01
1.616431418e+00,4.87631e-243,9.99999e-01,4.99549e-243,9.97370e-01,9.78113e-01,9.99997e-01
1.624513575e+00,6.22764e-114,9.99999e-01,6.37567e-114,9.97187e-01,9.78540e-01,9.99997e-01
1.632636143e+00,5.57372e-85,9.99999e-01,5.70557e-85,9.95594e-01,9.78960e-01,9.99997e-01
1.640799324e+00,1.19445e-35,9.99999e-01,1.22339e-35,9.94125e-01,9.79371e-01,9.99995e-01
1.649003321e+00,1.33796e-35,9.99999e-01,1.37258e-35,9.92518e-01,9.79774e-01,9.99994e-01
1.657248337e+00,8.09320e-28,9.99999e-01,8.30267e-28,9.90098e-01,9.80170e-01,9.99993e-01
1.665534579e+00,5.14833e-28,9.99999e-01,5.29814e-28,9.86531e-01,9.80557e-01,9.99993e-01
1.673862252e+00,2.39043e-18,9.99999e-01,2.46011e-18,9.81720e-01,9.80938e-01,9.99992e-01
1.682231563e+00,3.65926e-13,9.99999e-01,3.75569e-13,9.83981e-01,9.81311e-01,9.99988e-01
1.690642721e+00,5.14230e-08,9.99999e-01,5.31702e-08,9.72042e-01,9.81677e-01,9.99982e-01
1.699095934e+00,3.01237e-05,9.99999e-01,3.12621e-05,9.67860e-01,9.82035e-01,9.99973e-01
1.707591414e+00,3.75655e-03,9.99999e-01,3.91721e-03,9.65460e-01,9.82387e-01,9.99959e-01
1.716129371e+00,4.57894e-02,9.99999e-01,4.82825e-02,9.57371e-01,9.82732e-01,9.99936e-01
1.724710018e+00,1.83192e-01,9.99999e-01,1.97543e-01,9.36261e-01,9.83070e-01,9.99908e-01
1.733333568e+00,3.19297e-01,9.99999e-01,3.52072e-01,9.17534e-01,9.83401e-01,9.99866e-01
1.742000236e+00,4.55132e-01,9.99999e-01,5.22362e-01,8.78025e-01,9.83727e-01,9.99789e-01
1.750710237e+00,2.64058e-02,9.99999e-01,3.15072e-02,7.82171e-01,9.84045e-01,9.99661e-01
1.759463788e+00,1.36249e-17,9.99999e-01,1.77242e-17,6.29602e-01,9.84358e-01,9.99428e-01
1.768261107e+00,1.00043e-18,9.99999e-01,1.60243e-18,4.16475e-01,9.84665e-01,9.99014e-01
1.777102413e+00,6.65249e-18,9.99999e-01,1.94366e-17,2.31675e-01,9.84965e-01,9.98456e-01
1.785987925e+00,1.53741e-17,9.99999e-01,6.91758e-17,7.62793e-02,9.85260e-01,9.97515e-01
1.794917864e+00,5.88497e-17,9.99999e-01,6.46047e-16,2.82292e-02,9.85549e-01,9.95120e-01
1.803892454e+00,2.31294e-17,9.99999e-01,9.12066e-16,2.79882e-03,9.85832e-01,9.89785e-01
1.812911916e+00,3.14895e-17,9.99999e-01,6.08508e-15,9.34190e-04,9.86110e-01,9.75228e-01
1.821976476e+00,2.24325e-17,9.99999e-01,3.71828e-15,1.11820e-03,9.86383e-01,9.48245e-01
1.831086358e+00,5.61975e-15,9.99999e-01,1.79223e-12,3.57442e-04,9.86650e-01,8.97922e-01
1.840241790e+00,1.04708e-12,9.99999e-01,1.51271e-10,1.15609e-03,9.86912e-01,8.33863e-01
1.849442999e+00,1.57153e-09,9.99999e-01,1.85489e-07,3.23016e-03,9.87169e-01,8.03722e-01
1.858690214e+00,2.60967e-10,9.99999e-01,9.24264e-07,1.96746e-04,9.87421e-01,8.03885e-01
1.867983665e+00,5.46309e-11,9.99999e-01,1.38428e-07,3.66524e-05,9.87667e-01,8.18020e-01
1.877323583e+00,1.58374e-33,9.99999e-01,2.44564e-32,1.98713e-02,9.87910e-01,8.37469e-01
1.886710201e+00,4.90381e-43,9.99999e-01,4.29089e-42,2.90797e-02,9.88147e-01,8.56456e-01
1.896143752e+00,1.56685e-48,9.99999e-01,1.23824e-47,4.21587e-02,9.88380e-01,8.59188e-01
1.905624471e+00,4.86760e-57,9.99999e-01,3.18603e-55,4.75917e-03,9.88608e-01,8.70924e-01
1.915152593e+00,4.34687e-45,9.99999e-01,7.51501e-43,1.16358e-03,9.88832e-01,9.05963e-01
1.924728356e+00,1.06168e-53,9.99999e-01,2.45656e-51,5.00388e-04,9.89051e-01,9.45686e-01
1.934351998e+00,0.00000e+00,9.99999e-01,0.00000e+00,4.18913e-04,9.89266e-01,9.73628e-01
1.944023758e+00,0.00000e+00,9.99999e-01,0.00000e+00,4.43045e-03,9.89477e-01,9.90684e-01
1.953743877e+00,0.00000e+00,9.99999e-01,0.00000e+00,1.11275e-02,9.89684e-01,9.96092e-01
1.963512596e+00,0.00000e+00,9.99999e-01,0.00000e+00,5.63863e-02,9.89886e-01,9.98022e-01
1.973330159e+00,0.00000e+00,9.99999e-01,0.00000e+00,1.08426e-01,9.90085e-01,9.98965e-01
1.983196810e+00,0.00000e+00,9.99999e-01,0.00000e+00,3.28979e-01,9.90280e-01,9.99432e-01
1.993112794e+00,0.00000e+00,9.99999e-01,0.00000e+00,4.24287e-01,9.90471e-01,9.99690e-01
2.003078358e+00,0.00000e+00,9.99999e-01,0.00000e+00,6.02329e-01,9.90658e-01,9.99825e-01
2.013093750e+00,0.00000e+00,9.99999e-01,0.00000e+00,7.19790e-01,9.90842e-01,9.99895e-01
2.023159218e+00,0.00000e+00,9.99999e-01,0.00000e+00,8.28170e-01,9.91022e-01,9.99926e-01
2.033275015e+00,0.00000e+00,9.99999e-01,0.00000e+00,8.64373e-01,9.91199e-01,9.99940e-01
2.043441390e+00,0.00000e+00,9.99999e-01,0.00000e+00,9.13763e-01,9.91372e-01,9.99937e-01
2.053658597e+00,0.00000e+00,9.99999e-01,0.00000e+00,9.30009e-01,9.91541e-01,9.99913e-01
2.063926890e+00,0.00000e+00,9.99998e-01,0.00000e+00,9.52489e-01,9.91708e-01,9.99867e-01
2.074246524e+00,0.00000e+00,9.99998e-01,0.00000e+00,9.58780e-01,9.91871e-01,9.99788e-01
2.084617757e+00,0.00000e+00,9.99997e-01,0.00000e+00,9.72908e-01,9.92031e-01,9.99666e-01
2.095040845e+00,0.00000e+00,9.99996e-01,0.00000e+00,9.78563e-01,9.92188e-01,9.99502e-01
2.105516050e+00,0.00000e+00,9.99996e-01,0.00000e+00,9.81590e-01,9.92341e-01,9.99305e-01
2.116043630e+00,0.00000e+00,9.99996e-01,0.00000e+00,9.82401e-01,9.92492e-01,9.99143e-01
2.126623848e+00,0.00000e+00,9.99996e-01,0.00000e+00,9.89259e-01,9.92640e-01,9.99039e-01
2.137256967e+00,9.16219e-246,9.99997e-01,9.29786e-246,9.89779e-01,9.92785e-01,9.98931e-01
2.147943252e+00,1.53023e-115,9.99998e-01,1.55356e-115,9.90162e-01,9.92927e-01,9.98710e-01
2.158682968e+00,5.18933e-70,9.99992e-01,5.27102e-70,9.91003e-01,9.93066e-01,9.98506e-01
2.169476383e+00,8.63694e-35,9.99996e-01,8.76761e-35,9.90420e-01,9.93202e-01,9.98863e-01
2.180323765e+00,2.90939e-22,9.99998e-01,2.95276e-22,9.89031e-01,9.93336e-01,9.99152e-01
2.191225384e+00,4.23148e-12,9.99997e-01,4.29282e-12,9.86616e-01,9.93467e-01,9.99290e-01
2.202181511e+00,3.94545e-08,9.99998e-01,4.01481e-08,9.83412e-01,9.93596e-01,9.99454e-01
2.213192418e+00,7.25344e-05,9.99998e-01,7.37701e-05,9.83250e-01,9.93722e-01,9.99620e-01
2.224258381e+00,3.45903e-03,9.99998e-01,3.53416e-03,9.80230e-01,9.93846e-01,9.99757e-01
2.235379672e+00,2.66592e-02,9.99998e-01,2.72301e-02,9.83179e-01,9.93967e-01,9.99854e-01
2.246556571e+00,8.12046e-02,9.99999e-01,8.38901e-02,9.70346e-01,9.94085e-01,9.99907e-01
2.257789354e+00,2.16559e-01,9.99999e-01,2.22663e-01,9.77108e-01,9.94202e-01,9.99933e-01
2.269078300e+00,2.49682e-01,9.99999e-01,2.65623e-01,9.44365e-01,9.94316e-01,9.99944e-01
2.280423692e+00,2.62320e-01,9.99999e-01,2.76178e-01,9.53837e-01,9.94428e-01,9.99942e-01
2.291825810e+00,3.91919e-01,9.99999e-01,4.31880e-01,9.10923e-01,9.94538e-01,9.99932e-01
2.303284939e+00,4.72832e-01,9.99999e-01,5.16244e-01,9.19931e-01,9.94645e-01,9.99908e-01
2.314801364e+00,4.78734e-01,9.99999e-01,5.54721e-01,8.66253e-01,9.94751e-01,9.99871e-01
2.326375371e+00,5.79754e-01,9.99999e-01,6.75548e-01,8.61178e-01,9.94854e-01,9.99828e-01
2.338007248e+00,5.46021e-01,9.99999e-01,6.52871e-01,8.38990e-01,9.94956e-01,9.99766e-01
2.349697284e+00,5.13927e-01,9.99999e-01,6.90310e-01,7.44694e-01,9.95055e-01,9.99683e-01
2.361445770e+00,5.83304e-01,9.99999e-01,7.43503e-01,7.87606e-01,9.95152e-01,9.99563e-01
2.373252999e+00,5.51996e-01,9.99999e-01,7.64279e-01,7.22907e-01,9.95248e-01,9.99398e-01
2.385119264e+00,5.12106e-01,9.99999e-01,8.88479e-01,5.76520e-01,9.95342e-01,9.99192e-01
2.397044861e+00,6.67287e-01,9.99999e-01,9.52616e-01,7.03714e-01,9.95433e-01,9.98788e-01
2.409030085e+00,4.82576e-01,9.99999e-01,9.19203e-01,5.26845e-01,9.95523e-01,9.98239e-01
2.421075235e+00,4.61532e-01,9.99999e-01,8.58168e-01,5.29590e-01,9.95612e-01,9.97528e-01
2.433180612e+00,1.88654e-01,9.99999e-01,4.42232e-01,3.82819e-01,9.95698e-01,9.96580e-01
2.445346515e+00,1.55765e-01,9.99999e-01,6.79010e-01,2.12538e-01,9.95783e-01,9.95236e-01
2.457573247e+00,2.15230e-02,9.99999e-01,8.12561e-02,1.57742e-01,9.95866e-01,9.93022e-01
2.469861113e+00,9.24877e-07,9.99999e-01,6.18206e-06,2.54410e-02,9.95947e-01,9.89820e-01
2.482210419e+00,2.81543e-23,9.99999e-01,4.16227e-21,2.19616e-03,9.96027e-01,9.85269e-01
2.494621471e+00,4.13044e-35,9.99999e-01,6.87145e-32,5.51673e-05,9.96106e-01,9.78513e-01
2.507094578e+00,2.22951e-37,9.99999e-01,7.70581e-31,3.52311e-08,9.96182e-01,9.66411e-01
2.519630051e+00,9.71915e-51,9.99999e-01,6.31557e-41,5.24997e-12,9.96258e-01,9.42992e-01
2.532228202e+00,3.36984e-68,9.99999e-01,1.07417e-54,2.02902e-15,9.96331e-01,8.98338e-01
2.544889343e+00,9.02746e-72,9.99999e-01,1.04942e-53,4.88319e-20,9.96404e-01,8.07131e-01
2.557613789e+00,2.96988e-98,9.99999e-01,3.53778e-80,6.11654e-20,9.96475e-01,6.58224e-01
2.570401858e+00,1.73925e-157,9.99999e-01,4.63379e-127,2.94762e-32,9.96544e-01,4.56958e-01
2.583253867e+00,9.81483e-309,9.99999e-01,8.34802e-283,1.63764e-27,9.96612e-01,2.89111e-01
2.596170137e+00,0.00000e+00,9.99999e-01,0.00000e+00,1.63547e-23,9.96679e-01,2.09415e-01
2.609150988e+00,0.00000e+00,9.99999e-01,0.00000e+00,7.97106e-17,9.96744e-01,1.66643e-01
2.622196742e+00,0.00000e+00,9.99999e-01,0.00000e+00,2.92157e-14,9.96809e-01,1.60429e-01
2.635307726e+00,0.00000e+00,9.99999e-01,0.00000e+00,5.34084e-07,9.96872e-01,1.80787e-01
2.648484265e+00,0.00000e+00,9.99999e-01,0.00000e+00,2.68386e-08,9.96933e-01,1.87726e-01
2.661726686e+00,0.00000e+00,9.99999e-01,0.00000e+00,2.97508e-14,9.96994e-01,1.82929e-01
2.675035320e+00,0.00000e+00,9.99999e-01,0.00000e+00,1.33310e-47,9.97053e-01,1.85664e-01
2.688410496e+00,0.00000e+00,9.99999e-01,0.00000e+00,5.74496e-24,9.97111e-01,2.03013e-01
2.701852549e+00,0.00000e+00,9.99999e-01,0.00000e+00,7.33862e-21,9.97168e-01,2.13457e-01
2.715361811e+00,0.00000e+00,9.99999e-01,0.00000e+00,9.35524e-21,9.97224e-01,2.24896e-01
2.728938620e+00,0.00000e+00,9.99999e-01,0.00000e+00,6.29018e-15,9.97279e-01,2.60462e-01
2.742583314e+00,0.00000e+00,9.99999e-01,0.00000e+00,5.68826e-16,9.97332e-01,3.41524e-01
2.756296230e+00,0.00000e+00,9.99999e-01,0.00000e+00,6.41728e-17,9.97385e-01,4.69952e-01
2.770077711e+00,0.00000e+00,9.99999e-01,0.00000e+00,2.03402e-22,9.97436e-01,6.14326e-01
2.783928100e+00,0.00000e+00,9.99999e-01,0.00000e+00,1.57835e-22,9.97487e-01,7.11842e-01
2.797847740e+00,0.00000e+00,9.99999e-01,0.00000e+00,2.90139e-17,9.97537e-01,7.96242e-01
2.811836979e+00,0.00000e+00,9.99999e-01,0.00000e+00,2.96358e-18,9.97585e-01,8.69435e-01
2.825896164e+00,0.00000e+00,9.99999e-01,0.00000e+00,7.15362e-16,9.97633e-01,9.13683e-01
2.840025645e+00,0.00000e+00,9.99999e-01,0.00000e+00,1.51147e-12,9.97679e-01,9.37041e-01
2.854225773e+00,0.00000e+00,9.99999e-01,0.00000e+00,2.19965e-11,9.97725e-01,9.52009e-01
2.868496902e+00,0.00000e+00,9.99999e-01,0.00000e+00,1.15798e-10,9.97770e-01,9.67547e-01
2.882839386e+00,0.00000e+00,9.99999e-01,0.00000e+00,1.44447e-08,9.97814e-01,9.77999e-01
2.897253583e+00,0.00000e+00,9.99999e-01,0.00000e+00,2.46010e-07,9.97857e-01,9.83650e-01
2.911739851e+00,0.00000e+00,9.99999e-01,0.00000e+00,3.23675e-05,9.97899e-01,9.87325e-01
2.926298550e+00,0.00000e+00,9.99999e-01,0.00000e+00,2.41339e-04,9.97941e-01,9.90639e-01
2.940930043e+00,0.00000e+00,9.99999e-01,0.00000e+00,3.45504e-04,9.97981e-01,9.92493e-01
2.955634693e+00,0.00000e+00,9.99999e-01,0.00000e+00,9.06439e-04,9.98021e-01,9.93279e-01
2.970412867e+00,6.31292e-302,9.99999e-01,8.37707e-300,1.02816e-03,9.98060e-01,9.94117e-01
2.985264931e+00,2.99978e-193,9.99999e-01,1.35633e-191,8.70227e-03,9.98099e-01,9.94486e-01
3.000191256e+00,3.12700e-151,9.99999e-01,5.65171e-150,9.58573e-03,9.98136e-01,9.94345e-01
3.015192212e+00,4.10530e-161,9.99999e-01,6.41099e-160,2.96349e-02,9.98173e-01,9.93528e-01
3.030268173e+00,1.98546e-130,9.99999e-01,2.08085e-129,5.76452e-02,9.98209e-01,9.92112e-01
3.045419514e+00,1.74964e-80,9.99999e-01,2.35760e-79,2.10276e-02,9.98244e-01,9.90907e-01
3.060646612e+00,6.65613e-38,9.99999e-01,3.55152e-37,1.15588e-01,9.98279e-01,9.89079e-01
3.075949845e+00,1.74699e-30,9.99999e-01,1.85001e-29,1.23809e-01,9.98313e-01,4.89522e-01
3.091329594e+00,1.92491e-29,9.99999e-01,4.84602e-28,8.40157e-02,9.98346e-01,1.81557e-01
3.106786242e+00,1.34685e-30,9.99999e-01,5.12655e-28,1.80692e-01,9.98379e-01,1.00452e-02
3.122320173e+00,5.31190e-26,9.99999e-01,4.94395e-20,2.23305e-01,9.98411e-01,3.11410e-06
3.137931774e+00,3.98522e-22,9.99999e-01,5.10036e-19,2.43370e-01,9.98442e-01,2.56933e-03
3.153621433e+00,3.85127e-21,9.99999e-01,3.23879e-20,3.84952e-01,9.98473e-01,2.09473e-01
3.169389540e+00,1.16920e-29,9.99999e-01,1.10983e-26,4.20781e-01,9.98503e-01,1.80680e-03
3.185236488e+00,2.10767e-26,9.99999e-01,1.25949e-21,3.36972e-01,9.98532e-01,3.27935e-05
3.201162670e+00,9.24846e-26,9.99999e-01,2.89695e-17,1.12317e-01,9.98561e-01,1.42704e-08
3.217168483e+00,4.86057e-28,9.99999e-01,3.87737e-16,2.18930e-01,9.98590e-01,4.84751e-12
3.233254326e+00,8.44918e-32,9.99999e-01,2.52660e-14,3.46639e-01,9.98618e-01,6.81363e-18
3.249420598e+00,3.00522e-37,9.99999e-01,8.27004e-09,4.65658e-01,9.98645e-01,5.72941e-29
3.265667701e+00,4.81608e-53,9.99999e-01,3.27451e-07,3.50217e-01,9.98672e-01,3.48107e-46
3.281996039e+00,2.19562e-77,9.99999e-01,8.59901e-06,4.34470e-01,9.98698e-01,5.03014e-72
3.298406019e+00,3.78083e-108,9.99999e-01,9.01570e-05,2.25131e-01,9.98723e-01,1.50022e-103
3.314898049e+00,9.27279e-150,9.99999e-01,1.36728e-04,1.99278e-01,9.98749e-01,3.07449e-145
3.331472540e+00,8.42972e-123,9.99999e-01,1.81686e-04,3.16145e-01,9.98773e-01,1.32457e-118
3.348129902e+00,2.15033e-89,9.99999e-01,1.03373e-03,3.03470e-01,9.98797e-01,6.02841e-86
3.364870552e+00,9.67595e-62,9.99999e-01,1.69774e-03,3.81849e-01,9.98821e-01,1.42470e-58
3.381694905e+00,3.86824e-39,9.99999e-01,3.07367e-03,4.17648e-01,9.98844e-01,2.64025e-36
3.398603379e+00,4.88839e-24,9.99999e-01,1.49845e-02,5.39351e-01,9.98867e-01,5.75992e-22
3.415596396e+00,6.56321e-15,9.99999e-01,2.13238e-02,6.31229e-01,9.98890e-01,4.76297e-13
3.432674378e+00,2.22541e-10,9.99999e-01,8.47749e-03,6.55637e-01,9.98911e-01,3.81137e-08
3.449837750e+00,1.57634e-07,9.99999e-01,4.19219e-04,7.50304e-01,9.98933e-01,4.67690e-04
3.467086939e+00,9.07709e-07,9.99999e-01,4.10221e-06,8.20268e-01,9.98954e-01,2.58754e-01
3.484422373e+00,2.32145e-08,9.99999e-01,3.28615e-08,8.31630e-01,9.98975e-01,8.03637e-01
3.501844485e+00,2.96596e-11,9.99999e-01,5.73030e-11,8.99320e-01,9.98995e-01,5.61714e-01
3.519353708e+00,2.51588e-13,9.99999e-01,2.67374e-13,9.15100e-01,9.99015e-01,9.99374e-01
3.536950476e+00,1.86723e-15,9.99999e-01,2.00870e-15,9.23018e-01,9.99034e-01,9.98861e-01
3.554635228e+00,5.26680e-16,9.99999e-01,5.49224e-16,9.52046e-01,9.99053e-01,9.97530e-01
3.572408405e+00,5.29631e-13,9.99999e-01,5.50408e-13,9.53686e-01,9.99072e-01,9.95940e-01
3.590270447e+00,1.85576e-12,9.99999e-01,1.90982e-12,9.67597e-01,9.99090e-01,9.97519e-01
3.608221799e+00,2.51843e-09,9.99999e-01,2.57261e-09,9.74755e-01,9.99108e-01,9.98461e-01
3.626262908e+00,1.58452e-05,9.99999e-01,1.61419e-05,9.78412e-01,9.99126e-01,9.99200e-01
3.644394222e+00,2.03006e-04,9.99999e-01,2.05766e-04,9.87010e-01,9.99143e-01,9.99139e-01
3.662616193e+00,8.71663e-03,9.99999e-01,8.88522e-03,9.78442e-01,9.99160e-01,9.98521e-01
3.680929274e+00,1.15311e-01,9.99999e-01,1.19445e-01,9.65447e-01,9.99176e-01,9.96279e-01
3.699333921e+00,3.93676e-01,9.99999e-01,4.03164e-01,9.83686e-01,9.99193e-01,9.92916e-01
3.717830590e+00,2.94389e-01,9.99999e-01,3.02027e-01,9.87209e-01,9.99209e-01,9.87033e-01
3.736419743e+00,2.50894e-02,9.99999e-01,2.59239e-02,9.85080e-01,9.99224e-01,9.80526e-01
3.755101842e+00,3.40656e-05,9.99999e-01,3.51163e-05,9.83971e-01,9.99239e-01,9.81878e-01
3.773877351e+00,1.35265e-10,9.99998e-01,1.38502e-10,9.86766e-01,9.99254e-01,9.87328e-01
3.792746738e+00,2.76931e-24,9.99998e-01,2.82558e-24,9.84064e-01,9.99269e-01,9.91298e-01
3.811710472e+00,2.71470e-16,9.99997e-01,2.77045e-16,9.80440e-01,9.99284e-01,9.91743e-01
3.830769024e+00,5.96496e-16,9.99996e-01,6.10587e-16,9.78892e-01,9.99298e-01,9.90941e-01
3.849922869e+00,5.41057e-22,9.99993e-01,5.56569e-22,9.69057e-01,9.99312e-01,9.89147e-01
3.869172484e+00,3.80744e-14,9.99991e-01,3.93838e-14,9.64186e-01,9.99325e-01,9.85207e-01
3.888518346e+00,5.59141e-07,9.99984e-01,5.79972e-07,9.79978e-01,9.99338e-01,9.79629e-01
3.907960938e+00,5.84246e-05,9.99981e-01,6.12474e-05,9.77593e-01,9.99351e-01,9.72472e-01
3.927500742e+00,3.55163e-05,9.99968e-01,3.92430e-05,8.62462e-01,9.99364e-01,9.65047e-01
3.947138246e+00,1.55607e-07,9.99956e-01,1.73340e-07,9.14872e-01,9.99377e-01,9.59615e-01
3.966873937e+00,3.72174e-11,9.99949e-01,4.11254e-11,7.91093e-01,9.99389e-01,9.51666e-01
3.986708307e+00,2.02386e-16,9.99919e-01,2.20386e-16,9.61348e-01,9.99401e-01,9.39088e-01
4.006641849e+00,7.60421e-29,9.99893e-01,8.31321e-29,9.86051e-01,9.99413e-01,9.23246e-01
4.026675058e+00,8.63997e-139,9.99912e-01,9.64656e-139,9.83879e-01,9.99424e-01,9.05219e-01
4.046808433e+00,3.10348e-270,9.99907e-01,3.54156e-270,9.80452e-01,9.99436e-01,8.86044e-01
4.067042475e+00,0.00000e+00,9.99869e-01,0.00000e+00,9.77561e-01,9.99447e-01,8.67257e-01
4.087377688e+00,0.00000e+00,9.99846e-01,0.00000e+00,9.75927e-01,9.99458e-01,8.50023e-01
4.107814576e+00,0.00000e+00,9.99821e-01,0.00000e+00,9.66880e-01,9.99469e-01,8.36192e-01
4.128353649e+00,0.00000e+00,9.99819e-01,0.00000e+00,9.48370e-01,9.99479e-01,8.27176e-01
4.148995417e+00,0.00000e+00,9.99874e-01,0.00000e+00,9.35908e-01,9.99489e-01,8.23006e-01
4.169740394e+00,0.00000e+00,9.99884e-01,0.00000e+00,8.99948e-01,9.99499e-01,8.23793e-01
4.190589096e+00,0.00000e+00,9.99892e-01,0.00000e+00,8.79578e-01,9.99509e-01,8.27658e-01
4.211542042e+00,0.00000e+00,9.99900e-01,0.00000e+00,8.16767e-01,9.99519e-01,8.28691e-01
4.232599752e+00,0.00000e+00,9.99939e-01,0.00000e+00,7.99116e-01,9.99528e-01,8.22400e-01
4.253762751e+00,0.00000e+00,9.99957e-01,0.00000e+00,7.53566e-01,9.99538e-01,8.03025e-01
4.275031564e+00,0.00000e+00,9.99929e-01,0.00000e+00,6.76495e-01,9.99547e-01,7.67762e-01
4.296406722e+00,0.00000e+00,9.99323e-01,0.00000e+00,5.97447e-01,9.99556e-01,7.56818e-01
4.317888756e+00,0.00000e+00,9.99867e-01,0.00000e+00,6.39438e-01,9.99564e-01,7.86737e-01
4.339478200e+00,0.00000e+00,9.99921e-01,0.00000e+00,5.70166e-01,9.99573e-01,8.28935e-01
4.361175591e+00,0.00000e+00,9.99935e-01,0.00000e+00,5.14918e-01,9.99581e-01,8.54704e-01
4.382981469e+00,0.00000e+00,9.99932e-01,0.00000e+00,5.17513e-01,9.99590e-01,8.67910e-01
4.404896376e+00,0.00000e+00,9.99905e-01,0.00000e+00,5.01774e-01,9.99598e-01,8.75529e-01
4.426920858e+00,0.00000e+00,9.99904e-01,0.00000e+00,3.84352e-01,9.99606e-01,8.82061e-01
4.449055462e+00,0.00000e+00,9.99933e-01,0.00000e+00,5.13876e-01,9.99613e-01,8.89458e-01
4.471300739e+00,0.00000e+00,9.99930e-01,0.00000e+00,4.23595e-01,9.99621e-01,8.98450e-01
4.493657243e+00,0.00000e+00,9.99939e-01,0.00000e+00,5.09714e-01,9.99629e-01,9.08798e-01
4.516125529e+00,0.00000e+00,9.99943e-01,0.00000e+00,3.37043e-01,9.99636e-01,9.19859e-01
4.538706157e+00,0.00000e+00,9.99932e-01,0.00000e+00,4.29003e-01,9.99643e-01,9.31281e-01
4.561399688e+00,0.00000e+00,9.99952e-01,0.00000e+00,3.91201e-01,9.99650e-01,9.42300e-01
4.584206686e+00,0.00000e+00,9.99962e-01,0.00000e+00,4.99420e-01,9.99657e-01,9.52456e-01
4.607127720e+00,0.00000e+00,9.99962e-01,0.00000e+00,3.89331e-01,9.99664e-01,9.61408e-01
4.630163358e+00,0.00000e+00,9.99976e-01,0.00000e+00,2.25294e-01,9.99670e-01,9.69146e-01
4.653314175e+00,0.00000e+00,9.99977e-01,0.00000e+00,2.32343e-01,9.99677e-01,9.75508e-01
4.676580746e+00,0.00000e+00,9.99978e-01,0.00000e+00,7.52488e-02,9.99683e-01,9.80605e-01
4.699963650e+00,0.00000e+00,9.99988e-01,0.00000e+00,2.07728e-01,9.99689e-01,9.84618e-01
4.723463468e+00,0.00000e+00,9.99986e-01,0.00000e+00,8.16167e-02,9.99696e-01,9.87723e-01
4.747080785e+00,0.00000e+00,9.99992e-01,0.00000e+00,2.71227e-01,9.99702e-01,9.90018e-01
4.770816189e+00,0.00000e+00,9.99993e-01,0.00000e+00,9.67065e-02,9.99707e-01,9.91712e-01
4.794670270e+00,0.00000e+00,9.99992e-01,0.00000e+00,7.00137e-02,9.99713e-01,9.92963e-01
4.818643622e+00,0.00000e+00,9.99996e-01,0.00000e+00,6.95507e-02,9.99719e-01,9.93835e-01
4.842736840e+00,0.00000e+00,9.99996e-01,0.00000e+00,1.92135e-02,9.99724e-01,9.94323e-01
4.866950524e+00,0.00000e+00,9.99997e-01,0.00000e+00,1.07125e-01,9.99730e-01,9.94475e-01
4.891285276e+00,0.00000e+00,9.99998e-01,0.00000e+00,1.22359e-02,9.99735e-01,9.94300e-01
4.915741703e+00,0.00000e+00,9.99998e-01,0.00000e+00,5.56035e-02,9.99740e-01,9.94012e-01
4.940320411e+00,0.00000e+00,9.99998e-01,0.00000e+00,7.68436e-03,9.99745e-01,9.93327e-01
4.965022013e+00,0.00000e+00,9.99998e-01,0.00000e+00,6.56433e-03,9.99750e-01,9.92469e-01
4.989847123e+00,0.00000e+00,9.99999e-01,0.00000e+00,1.74530e-02,9.99755e-01,9.91611e-01
5.014796359e+00,0.00000e+00,9.99999e-01,0.00000e+00,3.68467e-04,9.99760e-01,9.90343e-01
5.039870341e+00,1.48220e-323,9.99999e-01,7.16395e-322,4.76294e-03,9.99765e-01,9.88824e-01
5.065069693e+00,0.00000e+00,9.99999e-01,0.00000e+00,7.50881e-03,9.99769e-01,9.86415e-01
5.090395041e+00,9.30448e-317,9.99999e-01,3.59841e-314,8.42290e-04,9.99774e-01,9.83901e-01
5.115847016e+00,1.87716e-271,9.99999e-01,6.98669e-269,5.42690e-04,9.99778e-01,9.80558e-01
5.141426251e+00,1.59382e-271,9.99999e-01,4.28597e-268,2.38709e-05,9.99783e-01,9.75982e-01
5.167133383e+00,1.10354e-318,9.99999e-01,1.09482e-314,1.91992e-05,9.99787e-01,9.71560e-01
5.192969049e+00,0.00000e+00,9.99999e-01,0.00000e+00,1.16477e-05,9.99791e-01,9.66399e-01
5.218933895e+00,0.00000e+00,9.99999e-01,0.00000e+00,3.43279e-08,9.99795e-01,9.59620e-01
5.245028564e+00,0.00000e+00,9.99999e-01,0.00000e+00,3.02658e-06,9.99799e-01,9.50797e-01
5.271253707e+00,0.00000e+00,9.99999e-01,0.00000e+00,3.51983e-07,9.99803e-01,9.38989e-01
5.297609976e+00,0.00000e+00,9.99999e-01,0.00000e+00,9.93618e-08,9.99807e-01,9.25022e-01
5.324098025e+00,0.00000e+00,9.99999e-01,0.00000e+00,4.69890e-08,9.99811e-01,9.08313e-01
5.350718516e+00,0.00000e+00,9.99999e-01,0.00000e+00,6.71614e-10,9.99815e-01,8.85756e-01
5.377472108e+00,0.00000e+00,9.99999e-01,0.00000e+00,1.10288e-09,9.99818e-01,8.64435e-01
5.404359469e+00,0.00000e+00,9.99999e-01,0.00000e+00,7.63150e-10,9.99822e-01,8.40398e-01
5.431381266e+00,1.91939e-231,9.99999e-01,3.54070e-216,6.54198e-17,9.99825e-01,8.18773e-01
5.458538172e+00,3.34298e-173,9.99999e-01,6.38344e-158,3.34077e-17,9.99829e-01,7.91016e-01
5.485830863e+00,4.32509e-118,9.99999e-01,1.31265e-101,6.73242e-18,9.99832e-01,7.55101e-01
5.513260018e+00,1.31614e-92,9.99999e-01,3.57149e-75,7.43438e-19,9.99835e-01,7.18677e-01
5.540826318e+00,1.16425e-68,9.99999e-01,2.08275e-50,4.23206e-20,9.99839e-01,6.77153e-01
5.568530449e+00,2.89343e-67,9.99999e-01,2.19502e-38,1.18667e-30,9.99842e-01,6.27000e-01
5.596373101e+00,2.35951e-56,9.99999e-01,8.93638e-29,1.97203e-29,9.99845e-01,5.80827e-01
5.624354967e+00,2.54627e-50,9.99999e-01,3.00588e-25,2.26814e-26,9.99848e-01,5.33779e-01
5.652476742e+00,3.54839e-49,9.99999e-01,9.87286e-22,4.33322e-29,9.99851e-01,4.84762e-01
5.680739126e+00,2.56786e-51,9.99999e-01,2.06928e-19,4.20762e-33,9.99854e-01,4.34427e-01
5.709142821e+00,1.54897e-53,9.99999e-01,4.22687e-18,3.94152e-36,9.99857e-01,3.85663e-01
5.737688535e+00,1.04179e-52,9.99999e-01,1.37624e-18,1.05029e-34,9.99860e-01,3.31455e-01
5.766376978e+00,9.63883e-43,9.99999e-01,3.34374e-17,4.46900e-27,9.99862e-01,2.77272e-01
5.795208863e+00,3.64260e-36,9.99999e-01,9.68729e-13,2.56653e-24,9.99865e-01,2.24727e-01
5.824184907e+00,1.70224e-38,9.99999e-01,3.96537e-09,6.97442e-30,9.99868e-01,1.78572e-01
5.853305832e+00,7.57460e-38,9.99999e-01,2.22226e-09,5.65140e-29,9.99870e-01,1.42413e-01
5.882572361e+00,6.07512e-46,9.99999e-01,5.67952e-11,8.63213e-36,9.99873e-01,1.14630e-01
5.911985223e+00,3.78309e-43,9.99999e-01,1.29863e-09,6.15245e-34,9.99875e-01,9.16170e-02
5.941545149e+00,1.97008e-40,9.99999e-01,7.58997e-06,2.11386e-35,9.99878e-01,7.26784e-02
5.971252874e+00,4.06657e-34,9.99999e-01,1.05500e-03,1.64122e-30,9.99880e-01,5.80160e-02
6.001109139e+00,3.94142e-24,9.99999e-01,7.79099e-03,9.03177e-21,9.99883e-01,4.64852e-02
6.031114685e+00,1.40332e-26,9.99999e-01,3.30461e-03,4.72361e-23,9.99885e-01,3.73467e-02
6.061270258e+00,2.01995e-27,9.99999e-01,3.03557e-04,3.75641e-23,9.99887e-01,2.84529e-02
6.091576609e+00,2.38305e-25,9.99999e-01,1.36715e-05,2.50543e-19,9.99889e-01,1.99099e-02
6.122034492e+00,2.08198e-20,9.99999e-01,2.56663e-07,1.04300e-12,9.99891e-01,1.28443e-02
6.152644665e+00,3.77891e-23,9.99999e-01,3.81458e-09,2.42003e-13,9.99894e-01,7.10225e-03
6.183407888e+00,6.79760e-21,9.99999e-01,2.20276e-10,1.63243e-09,9.99896e-01,3.10250e-03
6.214324928e+00,3.50161e-19,9.99999e-01,8.65758e-11,1.97979e-06,9.99898e-01,9.76292e-04
6.245396552e+00,4.51012e-16,9.99999e-01,5.50576e-09,1.58305e-04,9.99900e-01,1.99825e-04
6.276623535e+00,3.92324e-16,9.99999e-01,1.20048e-07,9.48106e-05,9.99902e-01,2.40508e-05
6.308006653e+00,8.97545e-18,9.99999e-01,1.89724e-08,8.23738e-05,9.99904e-01,1.53350e-06
6.339546686e+00,2.96895e-26,9.99999e-01,4.32733e-11,1.28828e-09,9.99905e-01,4.58290e-08
6.371244419e+00,8.53473e-39,9.99999e-01,2.04320e-12,6.76578e-19,9.99907e-01,5.57250e-10
6.403100641e+00,3.63074e-45,9.99999e-01,2.38916e-09,3.69507e-26,9.99909e-01,3.48237e-12
6.435116145e+00,7.08216e-73,9.99999e-01,3.43977e-05,1.53266e-55,9.99911e-01,7.57706e-15
6.467291725e+00,3.16912e-76,9.99999e-01,6.03378e-03,8.92032e-56,9.99913e-01,1.20185e-19
6.499628184e+00,6.01284e-88,9.99999e-01,1.13314e-01,1.32014e-63,9.99914e-01,1.73667e-24
6.532126325e+00,1.48801e-85,9.99999e-01,3.01484e-01,5.74396e-56,9.99916e-01,6.74111e-30
6.564786956e+00,8.42455e-105,9.99999e-01,4.36037e-01,2.07394e-67,9.99918e-01,8.15070e-38
6.597610891e+00,1.34742e-135,9.99999e-01,5.06217e-01,2.97033e-90,9.99919e-01,8.42512e-46
6.630598946e+00,1.48054e-116,9.99999e-01,5.52775e-01,6.41908e-60,9.99921e-01,4.03997e-57
6.663751940e+00,1.80658e-124,9.99999e-01,5.52112e-01,7.42478e-56,9.99922e-01,4.25865e-69
6.697070700e+00,1.46960e-128,9.99999e-01,4.66168e-01,1.69739e-44,9.99924e-01,1.56851e-84
6.730556054e+00,4.78313e-131,9.99999e-01,3.40927e-01,1.08228e-30,9.99925e-01,1.05021e-100
6.764208834e+00,5.28069e-151,9.99999e-01,1.88519e-01,5.54887e-31,9.99927e-01,3.00790e-120
6.798029878e+00,2.83160e-184,9.99999e-01,7.98257e-02,2.15641e-37,9.99928e-01,9.59177e-147
6.832020027e+00,7.52329e-216,9.99999e-01,1.81412e-02,1.13747e-37,9.99930e-01,1.09553e-177
6.866180128e+00,1.24042e-262,9.99999e-01,2.17577e-03,4.55453e-43,9.99931e-01,3.47929e-218
6.900511028e+00,7.83030e-297,9.99999e-01,7.18491e-05,2.49554e-25,9.99932e-01,3.69127e-269
6.935013583e+00,0.00000e+00,9.99999e-01,3.62219e-07,6.46477e-25,9.99934e-01,0.00000e+00
6.969688651e+00,0.00000e+00,9.99999e-01,4.04909e-10,2.10564e-31,9.99935e-01,0.00000e+00
7.004537095e+00,0.00000e+00,9.99999e-01,7.74392e-15,1.74536e-30,9.99936e-01,0.00000e+00
7.039559780e+00,0.00000e+00,9.99999e-01,4.85062e-19,1.66438e-33,9.99937e-01,0.00000e+00
7.074757579e+00,0.00000e+00,9.99999e-01,2.60270e-25,2.49895e-26,9.99939e-01,0.00000e+00
7.110131367e+00,0.00000e+00,9.99999e-01,1.62510e-29,4.46566e-26,9.99940e-01,0.00000e+00
7.145682024e+00,0.00000e+00,9.99999e-01,1.28873e-34,2.95813e-29,9.99941e-01,0.00000e+00
7.181410434e+00,0.00000e+00,9.99999e-01,7.72219e-38,1.74626e-36,9.99942e-01,0.00000e+00
7.217317486e+00,0.00000e+00,9.99999e-01,1.63798e-39,2.38388e-27,9.99943e-01,0.00000e+00
7.253404073e+00,0.00000e+00,9.99999e-01,2.42130e-39,1.01633e-27,9.99944e-01,0.00000e+00
7.289671094e+00,0.00000e+00,9.99999e-01,1.93141e-31,1.81643e-24,9.99945e-01,0.00000e+00
7.326119449e+00,0.00000e+00,9.99999e-01,3.01831e-29,2.68014e-24,9.99947e-01,0.00000e+00
7.362750046e+00,0.00000e+00,9.99999e-01,4.94229e-32,2.75274e-18,9.99948e-01,0.00000e+00
7.399563797e+00,0.00000e+00,9.99999e-01,4.53976e-32,1.40435e-14,9.99949e-01,0.00000e+00
7.436561616e+00,0.00000e+00,9.99999e-01,7.35539e-27,2.58755e-16,9.99950e-01,0.00000e+00
7.473744424e+00,0.00000e+00,9.99999e-01,2.34991e-18,1.20683e-15,9.99951e-01,0.00000e+00
7.511113146e+00,0.00000e+00,9.99999e-01,3.73149e-13,5.08076e-13,9.99952e-01,0.00000e+00
7.548668712e+00,0.00000e+00,9.99999e-01,1.16732e-08,3.42464e-14,9.99952e-01,0.00000e+00
7.586412055e+00,0.00000e+00,9.99999e-01,8.58776e-07,2.07202e-24,9.99953e-01,0.00000e+00
7.624344115e+00,0.00000e+00,9.99999e-01,1.66605e-06,7.96383e-13,9.99954e-01,0.00000e+00
7.662465836e+00,0.00000e+00,9.99999e-01,8.80398e-08,5.65418e-08,9.99955e-01,0.00000e+00
7.700778165e+00,0.00000e+00,9.99999e-01,1.43975e-10,2.98440e-08,9.99956e-01,0.00000e+00
7.739282056e+00,0.00000e+00,9.99999e-01,2.79162e-16,1.20956e-12,9.99957e-01,0.00000e+00
7.777978466e+00,0.00000e+00,9.99999e-01,1.55993e-21,9.30979e-09,9.99958e-01,0.00000e+00
7.816868359e+00,0.00000e+00,9.99999e-01,3.27898e-28,2.47889e-07,9.99959e-01,0.00000e+00
7.855952700e+00,0.00000e+00,9.99999e-01,4.50429e-29,6.78993e-08,9.99959e-01,0.00000e+00
7.895232464e+00,0.00000e+00,9.99999e-01,1.32280e-24,6.04481e-08,9.99960e-01,0.00000e+00
7.934708626e+00,0.00000e+00,9.99999e-01,3.29370e-22,1.18651e-05,9.99961e-01,0.00000e+00
7.974382169e+00,0.00000e+00,9.99999e-01,7.05563e-25,9.67776e-04,9.99962e-01,0.00000e+00
8.014254080e+00,0.00000e+00,9.99999e-01,7.99522e-30,2.39850e-04,9.99962e-01,0.00000e+00
8.054325351e+00,1.39309e-293,9.99999e-01,6.53691e-30,3.02368e-04,9.99963e-01,1.89176e-261
8.094596977e+00,8.00692e-231,9.99999e-01,5.00031e-29,4.62690e-03,9.99964e-01,2.06122e-200
8.135069962e+00,1.80990e-185,9.99999e-01,2.21984e-26,3.56898e-03,9.99965e-01,8.99830e-158
8.175745312e+00,5.26106e-147,9.99999e-01,2.43188e-22,1.00738e-03,9.99965e-01,2.64613e-123
8.216624039e+00,2.07132e-116,9.99999e-01,3.20919e-19,1.13670e-02,9.99966e-01,3.41085e-96
8.257707159e+00,3.45534e-91,9.99999e-01,1.13312e-15,2.08123e-02,9.99967e-01,3.81181e-75
8.298995695e+00,1.07973e-71,9.99999e-01,8.72813e-14,8.34900e-02,9.99967e-01,1.21041e-57
8.340490673e+00,6.50588e-57,9.99999e-01,1.22069e-12,4.61457e-02,9.99968e-01,9.93367e-44
8.382193126e+00,3.53761e-45,9.99999e-01,7.03379e-12,1.16369e-01,9.99968e-01,3.69498e-33
8.424104092e+00,1.00071e-35,9.99999e-01,3.19917e-10,5.63152e-02,9.99969e-01,2.72520e-25
8.466224613e+00,1.12903e-27,9.99999e-01,3.87635e-08,1.06936e-01,9.99970e-01,2.22538e-19
8.508555736e+00,1.24778e-19,9.99999e-01,1.83787e-05,5.06334e-02,9.99970e-01,4.50657e-14
8.551098514e+00,3.14525e-14,9.99999e-01,8.68645e-04,2.46771e-01,9.99971e-01,1.23244e-10
8.593854007e+00,1.24226e-11,9.99999e-01,1.69574e-03,4.16335e-01,9.99971e-01,1.68463e-08
8.636823277e+00,2.84874e-10,9.99999e-01,5.10686e-04,4.55845e-01,9.99972e-01,1.18372e-06
8.680007393e+00,1.60715e-09,9.99999e-01,1.67590e-04,2.78890e-01,9.99972e-01,3.17075e-05
8.723407430e+00,1.37194e-08,9.99999e-01,9.12367e-05,3.67706e-01,9.99973e-01,3.96996e-04
8.767024467e+00,3.89387e-09,9.99999e-01,4.53129e-06,3.02173e-01,9.99973e-01,2.37815e-03
8.810859590e+00,2.59871e-19,9.99999e-01,5.00494e-17,2.98695e-01,9.99974e-01,9.45699e-03
8.854913888e+00,2.12601e-56,9.99999e-01,1.17942e-54,6.07395e-01,9.99974e-01,2.77654e-02
8.899188457e+00,9.94418e-276,9.99999e-01,2.42257e-274,5.55642e-01,9.99975e-01,6.33514e-02
8.943684399e+00,0.00000e+00,9.99999e-01,0.00000e+00,4.76367e-01,9.99975e-01,1.26151e-01
8.988402821e+00,0.00000e+00,9.99999e-01,0.00000e+00,4.52535e-01,9.99976e-01,2.04246e-01
9.033344836e+00,0.00000e+00,9.99999e-01,0.00000e+00,3.65977e-01,9.99976e-01,2.94886e-01
9.078511560e+00,0.00000e+00,9.99999e-01,0.00000e+00,4.79061e-01,9.99977e-01,3.91920e-01
9.123904118e+00,0.00000e+00,9.99999e-01,0.00000e+00,5.96519e-01,9.99977e-01,4.86845e-01
9.169523638e+00,0.00000e+00,9.99999e-01,0.00000e+00,5.14715e-01,9.99978e-01,5.75810e-01
9.215371256e+00,0.00000e+00,9.99999e-01,0.00000e+00,7.15898e-01,9.99978e-01,6.54315e-01
9.261448113e+00,0.00000e+00,9.99999e-01,0.00000e+00,6.93727e-01,9.99978e-01,7.22342e-01
9.307755353e+00,0.00000e+00,9.99999e-01,0.00000e+00,5.84023e-01,9.99979e-01,7.74333e-01
9.354294130e+00,0.00000e+00,9.99999e-01,0.00000e+00,5.11078e-01,9.99979e-01,8.21563e-01
9.401065601e+00,0.00000e+00,9.99999e-01,0.00000e+00,3.77279e-01,9.99980e-01,8.60074e-01
9.448070929e+00,0.00000e+00,9.99999e-01,0.00000e+00,4.48280e-01,9.99980e-01,8.88199e-01
9.495311283e+00,0.00000e+00,9.99999e-01,0.00000e+00,6.73800e-01,9.99980e-01,9.10963e-01
9.542787840e+00,0.00000e+00,9.99999e-01,0.00000e+00,7.47348e-01,9.99981e-01,9.30833e-01
9.590501779e+00,0.00000e+00,9.99999e-01,0.00000e+00,6.17791e-01,9.99981e-01,9.46495e-01
9.638454288e+00,0.00000e+00,9.99999e-01,0.00000e+00,6.26389e-01,9.99981e-01,9.57653e-01
9.686646559e+00,0.00000e+00,9.99999e-01,0.00000e+00,6.43620e-01,9.99982e-01,9.66521e-01
9.735079792e+00,0.00000e+00,9.99999e-01,0.00000e+00,7.23489e-01,9.99982e-01,9.73545e-01
9.783755191e+00,0.00000e+00,9.99999e-01,0.00000e+00,6.65046e-01,9.99983e-01,9.79101e-01
9.832673967e+00,0.00000e+00,9.99999e-01,0.00000e+00,4.06932e-01,9.99983e-01,9.83492e-01
9.881837337e+00,0.00000e+00,9.99999e-01,0.00000e+00,2.40091e-01,9.99983e-01,9.87245e-01
9.931246523e+00,0.00000e+00,9.99999e-01,0.00000e+00,5.42041e-01,9.99983e-01,9.90159e-01
9.980902756e+00,0.00000e+00,9.99999e-01,0.00000e+00,6.79149e-01,9.99984e-01,9.99809e-01
1.003080727e+01,0.00000e+00,9.99999e-01,0.00000e+00,6.81180e-01,9.99984e-01,9.99800e-01
1.008096131e+01,0.00000e+00,9.99999e-01,0.00000e+00,7.15458e-01,9.99984e-01,9.99791e-01
1.013136611e+01,0.00000e+00,9.99999e-01,0.00000e+00,7.73368e-01,9.99985e-01,9.99781e-01
1.018202294e+01,0.00000e+00,9.99999e-01,0.00000e+00,7.96149e-01,9.99985e-01,9.99770e-01
1.023293306e+01,0.00000e+00,9.99999e-01,0.00000e+00,6.62726e-01,9.99985e-01,9.99759e-01
1.028409772e+01,0.00000e+00,9.99999e-01,0.00000e+00,4.85789e-01,9.99985e-01,9.99747e-01
1.033551821e+01,0.00000e+00,9.99999e-01,0.00000e+00,4.55616e-01,9.99986e-01,9.99734e-01
1.038719580e+01,0.00000e+00,9.99999e-01,0.00000e+00,2.71185e-01,9.99986e-01,9.99721e-01
1.043913178e+01,0.00000e+00,9.99999e-01,0.00000e+00,2.89982e-01,9.99986e-01,9.99706e-01
1.049132744e+01,0.00000e+00,9.99999e-01,0.00000e+00,4.82285e-01,9.99987e-01,9.99691e-01
1.054378408e+01,0.00000e+00,9.99999e-01,0.00000e+00,5.81902e-01,9.99987e-01,9.99675e-01
1.059650300e+01,0.00000e+00,9.99999e-01,0.00000e+00,5.66079e-01,9.99987e-01,9.99658e-01
1.064948551e+01,0.00000e+00,9.99999e-01,0.00000e+00,5.31451e-01,9.99987e-01,9.99640e-01
1.070273294e+01,0.00000e+00,9.99999e-01,0.00000e+00,4.05056e-01,9.99987e-01,9.99621e-01
1.075624661e+01,0.00000e+00,9.99999e-01,0.00000e+00,4.30150e-01,9.99988e-01,9.99602e-01
1.081002784e+01,0.00000e+00,9.99999e-01,0.00000e+00,4.33150e-01,9.99988e-01,9.99581e-01
1.086407798e+01,0.00000e+00,9.99999e-01,0.00000e+00,2.49556e-01,9.99988e-01,9.99560e-01
1.091839837e+01,0.00000e+00,9.99999e-01,0.00000e+00,1.23777e-01,9.99988e-01,9.99537e-01
1.097299036e+01,0.00000e+00,9.99999e-01,0.00000e+00,4.50049e-02,9.99989e-01,9.99513e-01
1.102785531e+01,0.00000e+00,9.99999e-01,0.00000e+00,3.38655e-02,9.99989e-01,9.99487e-01
1.108299459e+01,0.00000e+00,9.99999e-01,0.00000e+00,1.68788e-01,9.99989e-01,9.99460e-01
1.113840956e+01,0.00000e+00,9.99999e-01,0.00000e+00,3.96840e-01,9.99989e-01,9.99433e-01
1.119410161e+01,0.00000e+00,9.99999e-01,0.00000e+00,4.88487e-01,9.99989e-01,9.99403e-01
1.125007212e+01,0.00000e+00,9.99999e-01,0.00000e+00,3.74566e-01,9.99990e-01,9.99373e-01
1.130632248e+01,0.00000e+00,9.99999e-01,0.00000e+00,3.28607e-01,9.99990e-01,9.99339e-01
1.136285409e+01,0.00000e+00,9.99999e-01,0.00000e+00,4.38069e-01,9.99990e-01,9.99305e-01
1.141966836e+01,0.00000e+00,9.99999e-01,0.00000e+00,4.73831e-01,9.99990e-01,9.99270e-01
1.147676670e+01,0.00000e+00,9.99999e-01,0.00000e+00,4.01831e-01,9.99990e-01,9.99234e-01
1.153415054e+01,0.00000e+00,9.99999e-01,0.00000e+00,1.82181e-01,9.99990e-01,9.99195e-01
1.159182129e+01,0.00000e+00,9.99999e-01,0.00000e+00,1.25093e-01,9.99991e-01,9.99155e-01
1.164978039e+01,0.00000e+00,9.99999e-01,0.00000e+00,3.68508e-02,9.99991e-01,9.99113e-01
1.170802930e+01,0.00000e+00,9.99999e-01,0.00000e+00,1.13842e-02,9.99991e-01,9.99069e-01
1.176656944e+01,0.00000e+00,9.99999e-01,0.00000e+00,6.70257e-02,9.99991e-01,9.99023e-01
1.182540229e+01,0.00000e+00,9.99999e-01,0.00000e+00,1.95398e-01,9.99991e-01,9.98971e-01
1.188452930e+01,0.00000e+00,9.99999e-01,0.00000e+00,1.97942e-01,9.99991e-01,9.98920e-01
1.194395195e+01,0.00000e+00,9.99999e-01,0.00000e+00,2.51663e-01,9.99992e-01,9.98861e-01
1.200367171e+01,0.00000e+00,9.99999e-01,0.00000e+00,3.37869e-01,9.99992e-01,9.98801e-01
1.206369007e+01,0.00000e+00,9.99999e-01,0.00000e+00,2.07491e-01,9.99992e-01,9.98737e-01
1.212400852e+01,0.00000e+00,9.99999e-01,0.00000e+00,3.23974e-01,9.99992e-01,9.98669e-01
1.218462856e+01,0.00000e+00,9.99999e-01,0.00000e+00,3.18494e-01,9.99992e-01,9.98601e-01
1.224555170e+01,0.00000e+00,9.99999e-01,0.00000e+00,8.30216e-02,9.99992e-01,9.98532e-01
1.230677946e+01,0.00000e+00,9.99999e-01,0.00000e+00,5.72502e-02,9.99992e-01,9.98462e-01
1.236831336e+01,0.00000e+00,9.99999e-01,0.00000e+00,6.22860e-03,9.99993e-01,9.98389e-01
1.243015492e+01,0.00000e+00,9.99999e-01,0.00000e+00,2.25103e-03,9.99993e-01,9.98313e-01
1.249230570e+01,0.00000e+00,9.99999e-01,0.00000e+00,2.54076e-03,9.99993e-01,9.98236e-01
1.255476723e+01,0.00000e+00,9.99999e-01,0.00000e+00,6.35860e-03,9.99993e-01,9.98153e-01
1.261754106e+01,0.00000e+00,9.99999e-01,0.00000e+00,5.80599e-02,9.99993e-01,9.98069e-01
1.268062877e+01,0.00000e+00,9.99999e-01,0.00000e+00,1.47866e-01,9.99993e-01,9.97980e-01
1.274403191e+01,0.00000e+00,9.99999e-01,0.00000e+00,1.11467e-01,9.99993e-01,9.97883e-01
1.280775207e+01,0.00000e+00,9.99999e-01,0.00000e+00,1.83361e-01,9.99993e-01,9.97785e-01
1.287179083e+01,0.00000e+00,9.99999e-01,0.00000e+00,1.01596e-01,9.99993e-01,9.97678e-01
1.293614979e+01,0.00000e+00,9.99999e-01,0.00000e+00,1.33463e-01,9.99994e-01,9.97570e-01
1.300083054e+01,0.00000e+00,9.99999e-01,0.00000e+00,2.72971e-02,9.99994e-01,9.97460e-01
1.306583469e+01,0.00000e+00,9.99999e-01,0.00000e+00,3.45679e-02,9.99994e-01,9.97345e-01
1.313116386e+01,0.00000e+00,9.99999e-01,0.00000e+00,2.95594e-02,9.99994e-01,9.97230e-01
1.319681968e+01,0.00000e+00,9.99999e-01,0.00000e+00,1.79258e-02,9.99994e-01,9.97105e-01
1.326280378e+01,0.00000e+00,9.99999e-01,0.00000e+00,8.95653e-04,9.99994e-01,9.96975e-01
1.332911780e+01,0.00000e+00,9.99999e-01,0.00000e+00,1.86597e-03,9.99994e-01,9.96844e-01
1.339576339e+01,0.00000e+00,9.99999e-01,0.00000e+00,6.28230e-04,9.99994e-01,9.94072e-01
1.346274221e+01,0.00000e+00,9.99999e-01,0.00000e+00,2.63802e-05,9.99994e-01,9.93647e-01
1.353005592e+01,0.00000e+00,9.99999e-01,0.00000e+00,4.85586e-03,9.99994e-01,9.93183e-01
1.359770620e+01,0.00000e+00,9.99999e-01,0.00000e+00,9.94968e-03,9.99995e-01,9.92708e-01
1.366569473e+01,0.00000e+00,9.99999e-01,0.00000e+00,7.58475e-03,9.99995e-01,9.92205e-01
1.373402320e+01,0.00000e+00,9.99999e-01,0.00000e+00,3.12421e-02,9.99995e-01,9.91620e-01
1.380269332e+01,0.00000e+00,9.99999e-01,0.00000e+00,4.77795e-02,9.99995e-01,9.91048e-01
1.387170678e+01,0.00000e+00,9.99999e-01,0.00000e+00,1.51383e-02,9.99995e-01,9.90441e-01
1.394106532e+01,0.00000e+00,9.99999e-01,0.00000e+00,8.88542e-03,9.99995e-01,9.89799e-01
1.401077064e+01,0.00000e+00,9.99999e-01,0.00000e+00,2.11805e-03,9.99995e-01,9.89115e-01
1.408082450e+01,0.00000e+00,9.99999e-01,0.00000e+00,2.87354e-03,9.99995e-01,9.88389e-01
1.415122862e+01,0.00000e+00,9.99999e-01,0.00000e+00,9.42144e-05,9.99995e-01,9.87602e-01
1.422198476e+01,0.00000e+00,9.99999e-01,0.00000e+00,6.50319e-06,9.99995e-01,9.86768e-01
1.429309469e+01,0.00000e+00,9.99999e-01,0.00000e+00,1.98996e-05,9.99995e-01,9.85867e-01
1.436456016e+01,0.00000e+00,9.99999e-01,0.00000e+00,1.21178e-06,9.99995e-01,9.84881e-01
1.443638296e+01,0.00000e+00,9.99999e-01,0.00000e+00,1.94411e-07,9.99996e-01,9.83826e-01
1.450856487e+01,0.00000e+00,9.99999e-01,0.00000e+00,3.17426e-06,9.99996e-01,9.82696e-01
1.458110770e+01,0.00000e+00,9.99999e-01,0.00000e+00,3.99787e-04,9.99996e-01,9.81472e-01
1.465401324e+01,0.00000e+00,9.99999e-01,0.00000e+00,1.47000e-03,9.99996e-01,9.80168e-01
1.472728330e+01,0.00000e+00,9.99999e-01,0.00000e+00,1.46592e-03,9.99996e-01,9.78926e-01
1.480091972e+01,0.00000e+00,9.99999e-01,0.00000e+00,1.90359e-04,9.99996e-01,9.77420e-01
1.487492432e+01,0.00000e+00,9.99999e-01,0.00000e+00,8.17848e-07,9.99996e-01,9.75811e-01
1.494929894e+01,0.00000e+00,9.99999e-01,0.00000e+00,1.06881e-05,9.99996e-01,9.74065e-01
1.502404544e+01,0.00000e+00,9.99999e-01,0.00000e+00,2.22687e-04,9.99996e-01,9.72173e-01
1.509916566e+01,0.00000e+00,9.99999e-01,0.00000e+00,3.58511e-04,9.99996e-01,9.70389e-01
1.517466149e+01,0.00000e+00,9.99999e-01,0.00000e+00,6.60738e-05,9.99996e-01,9.68488e-01
1.525053480e+01,0.00000e+00,9.99999e-01,0.00000e+00,4.25357e-04,9.99996e-01,9.66163e-01
1.532678747e+01,0.00000e+00,9.99999e-01,0.00000e+00,2.89667e-05,9.99996e-01,9.63682e-01
1.540342141e+01,0.00000e+00,9.99999e-01,0.00000e+00,6.86109e-06,9.99996e-01,9.59130e-01
1.548043852e+01,0.00000e+00,9.99999e-01,0.00000e+00,1.37346e-06,9.99996e-01,9.56474e-01
1.555784071e+01,0.00000e+00,9.99999e-01,0.00000e+00,7.74699e-09,9.99996e-01,9.53353e-01
1.563562991e+01,0.00000e+00,9.99999e-01,0.00000e+00,1.07949e-11,9.99996e-01,9.50012e-01
1.571380806e+01,0.00000e+00,9.99999e-01,0.00000e+00,3.98874e-12,9.99997e-01,9.46860e-01
1.579237710e+01,0.00000e+00,9.99999e-01,0.00000e+00,2.59587e-09,9.99997e-01,9.43513e-01
1.587133899e+01,0.00000e+00,9.99999e-01,0.00000e+00,1.72872e-07,9.99997e-01,9.39957e-01
1.595069568e+01,0.00000e+00,9.99999e-01,0.00000e+00,9.35554e-09,9.99997e-01,9.36077e-01
1.603044916e+01,0.00000e+00,9.99999e-01,0.00000e+00,5.22412e-11,9.99997e-01,9.31361e-01
1.611060141e+01,0.00000e+00,9.99999e-01,0.00000e+00,3.37725e-11,9.99997e-01,9.26324e-01
1.619115441e+01,0.00000e+00,9.99999e-01,0.00000e+00,1.78633e-10,9.99997e-01,9.21591e-01
1.627211019e+01,0.00000e+00,9.99999e-01,0.00000e+00,1.10930e-11,9.99997e-01,9.16576e-01
1.635347074e+01,0.00000e+00,9.99999e-01,0.00000e+00,1.28152e-10,9.99997e-01,9.11258e-01
1.643523809e+01,0.00000e+00,9.99999e-01,0.00000e+00,9.07532e-11,9.99997e-01,9.05600e-01
1.651741428e+01,0.00000e+00,9.99999e-01,0.00000e+00,5.32024e-12,9.99997e-01,8.99588e-01
1.660000135e+01,0.00000e+00,9.99999e-01,0.00000e+00,7.20395e-15,9.99997e-01,8.93241e-01
1.668300136e+01,0.00000e+00,9.99999e-01,0.00000e+00,1.54185e-15,9.99997e-01,8.86492e-01
1.676641637e+01,0.00000e+00,9.99999e-01,0.00000e+00,4.06691e-13,9.99997e-01,8.79362e-01
1.685024845e+01,0.00000e+00,9.99999e-01,0.00000e+00,9.82334e-14,9.99997e-01,8.71804e-01
1.693449969e+01,0.00000e+00,9.99999e-01,0.00000e+00,1.23324e-16,9.99997e-01,8.63803e-01
1.701917219e+01,0.00000e+00,9.99999e-01,0.00000e+00,4.91472e-18,9.99997e-01,8.55288e-01
1.710426805e+01,0.00000e+00,9.99999e-01,0.00000e+00,5.12620e-23,9.99997e-01,8.46275e-01
1.718978939e+01,0.00000e+00,9.99999e-01,0.00000e+00,1.06168e-24,9.99997e-01,8.38251e-01
1.727573834e+01,0.00000e+00,9.99999e-01,0.00000e+00,5.96657e-25,9.99997e-01,8.29774e-01
1.736211703e+01,0.00000e+00,9.99999e-01,0.00000e+00,2.11771e-27,9.99997e-01,8.19192e-01
1.744892761e+01,0.00000e+00,9.99999e-01,0.00000e+00,1.59083e-23,9.99997e-01,8.07999e-01
1.753617225e+01,0.00000e+00,9.99999e-01,0.00000e+00,3.51640e-19,9.99997e-01,7.96209e-01
1.762385311e+01,0.00000e+00,9.99999e-01,0.00000e+00,2.90811e-18,9.99997e-01,7.83777e-01
1.771197238e+01,0.00000e+00,9.99999e-01,0.00000e+00,3.63551e-20,9.99997e-01,7.70676e-01
1.780053224e+01,0.00000e+00,9.99999e-01,0.00000e+00,4.45759e-21,9.99997e-01,7.59117e-01
1.788953490e+01,0.00000e+00,9.99999e-01,0.00000e+00,3.30216e-23,9.99998e-01,7.46969e-01
1.797898258e+01,0.00000e+00,9.99999e-01,0.00000e+00,9.00942e-26,9.99998e-01,7.31808e-01
1.806887749e+01,0.00000e+00,9.99999e-01,0.00000e+00,1.01010e-26,9.99998e-01,7.15926e-01
1.815922188e+01,0.00000e+00,9.99999e-01,0.00000e+00,1.70927e-35,9.99998e-01,7.01983e-01
1.825001799e+01,0.00000e+00,9.99999e-01,0.00000e+00,5.97280e-27,9.99998e-01,6.87492e-01
1.834126808e+01,0.00000e+00,9.99999e-01,0.00000e+00,1.15985e-25,9.99998e-01,6.69617e-01
1.843297442e+01,0.00000e+00,9.99999e-01,0.00000e+00,6.16599e-26,9.99998e-01,6.50996e-01
1.852513929e+01,0.00000e+00,9.99999e-01,0.00000e+00,1.04951e-34,9.99998e-01,6.34774e-01
1.861776499e+01,0.00000e+00,9.99999e-01,0.00000e+00,3.54016e-41,9.99998e-01,6.17961e-01
1.871085381e+01,0.00000e+00,9.99999e-01,0.00000e+00,3.71018e-33,9.99998e-01,5.97328e-01
1.880440808e+01,0.00000e+00,9.99999e-01,0.00000e+00,1.49771e-27,9.99998e-01,5.79479e-01
1.889843012e+01,0.00000e+00,9.99999e-01,0.00000e+00,1.11229e-28,9.99998e-01,5.61097e-01
1.899292227e+01,0.00000e+00,9.99999e-01,0.00000e+00,8.82688e-39,9.99998e-01,5.38662e-01
1.908788688e+01,0.00000e+00,9.99999e-01,0.00000e+00,5.08920e-37,9.99998e-01,5.19392e-01
1.918332632e+01,0.00000e+00,9.99999e-01,0.00000e+00,1.55782e-37,9.99998e-01,4.99649e-01
1.927924295e+01,0.00000e+00,9.99999e-01,0.00000e+00,2.10406e-46,9.99998e-01,4.79585e-01
1.937563916e+01,0.00000e+00,9.99999e-01,0.00000e+00,2.84138e-71,9.99998e-01,4.59079e-01
1.947251736e+01,0.00000e+00,9.99999e-01,0.00000e+00,2.30537e-72,9.99998e-01,4.38405e-01
1.956987994e+01,0.00000e+00,9.99999e-01,0.00000e+00,1.79368e-69,9.99998e-01,4.17453e-01
1.966772934e+01,0.00000e+00,9.99999e-01,0.00000e+00,1.81767e-57,9.99998e-01,3.92172e-01
1.976606799e+01,0.00000e+00,9.99999e-01,0.00000e+00,8.02183e-56,9.99998e-01,3.70926e-01
1.986489833e+01,0.00000e+00,9.99999e-01,0.00000e+00,5.75381e-60,9.99998e-01,3.49605e-01
1.996422282e+01,0.00000e+00,9.99999e-01,0.00000e+00,4.03176e-56,9.99998e-01,3.28472e-01
