#,Wave/freq,Total,N2,CO2,H2O,Rayleigh,CIA
4.000000000e-01,1.00723e-07,9.99999e-01,9.99999e-01,9.99968e-01,1.00726e-07,9.99999e-01
4.020000000e-01,1.38511e-07,9.99999e-01,9.99999e-01,9.99980e-01,1.38514e-07,9.99999e-01
4.040100000e-01,1.89218e-07,9.99999e-01,9.99999e-01,9.99991e-01,1.89219e-07,9.99999e-01
4.060300500e-01,2.56898e-07,9.99999e-01,9.99999e-01,9.99997e-01,2.56899e-07,9.99999e-01
4.080602003e-01,3.46685e-07,9.99999e-01,9.99999e-01,9.99998e-01,3.46685e-07,9.99999e-01
4.101005013e-01,4.65091e-07,9.99999e-01,9.99999e-01,9.99999e-01,4.65091e-07,9.99999e-01
4.121510038e-01,6.20325e-07,9.99999e-01,9.99999e-01,9.99998e-01,6.20326e-07,9.99999e-01
4.142117588e-01,8.22673e-07,9.99999e-01,9.99999e-01,9.99991e-01,8.22680e-07,9.99999e-01
4.162828176e-01,1.08493e-06,9.99999e-01,9.99999e-01,9.99961e-01,1.08498e-06,9.99999e-01
4.183642317e-01,1.42307e-06,9.99999e-01,9.99999e-01,9.99976e-01,1.42310e-06,9.99999e-01
4.204560528e-01,1.85660e-06,9.99999e-01,9.99999e-01,9.99985e-01,1.85662e-06,9.99999e-01
4.225583331e-01,2.40951e-06,9.99999e-01,9.99999e-01,9.99994e-01,2.40952e-06,9.99999e-01
4.246711247e-01,3.11100e-06,9.99999e-01,9.99999e-01,9.99995e-01,3.11101e-06,9.99999e-01
4.267944804e-01,3.99648e-06,9.99999e-01,9.99999e-01,9.99993e-01,3.99650e-06,9.99999e-01
4.289284528e-01,5.10867e-06,9.99999e-01,9.99999e-01,9.99994e-01,5.10870e-06,9.99999e-01
4.310730950e-01,6.49880e-06,9.99999e-01,9.99999e-01,9.99997e-01,6.49881e-06,9.99999e-01
4.332284605e-01,8.22798e-06,9.99999e-01,9.99999e-01,9.99998e-01,8.22799e-06,9.99999e-01
4.353946028e-01,1.03688e-05,9.99999e-01,9.99999e-01,9.99999e-01,1.03688e-05,9.99999e-01
4.375715758e-01,1.30071e-05,9.99999e-01,9.99999e-01,9.99995e-01,1.30071e-05,9.99999e-01
4.397594337e-01,1.62433e-05,9.99999e-01,9.99999e-01,9.99966e-01,1.62438e-05,9.99999e-01
4.419582309e-01,2.01937e-05,9.99999e-01,9.99999e-01,9.99831e-01,2.01971e-05,9.99999e-01
4.441680220e-01,2.50013e-05,9.99999e-01,9.99999e-01,9.99864e-01,2.50046e-05,9.99999e-01
4.463888621e-01,3.08220e-05,9.99999e-01,9.99999e-01,9.99860e-01,3.08263e-05,9.99999e-01
4.486208064e-01,3.78433e-05,9.99999e-01,9.99999e-01,9.99912e-01,3.78465e-05,9.99999e-01
4.508639105e-01,4.62758e-05,9.99999e-01,9.99999e-01,9.99958e-01,4.62776e-05,9.99999e-01
4.531182300e-01,5.63617e-05,9.99999e-01,9.99999e-01,9.99983e-01,5.63626e-05,9.99999e-01
4.553838212e-01,6.83777e-05,9.99999e-01,9.99999e-01,9.99988e-01,6.83785e-05,9.99999e-01
4.576607403e-01,8.26395e-05,9.99999e-01,9.99999e-01,9.99994e-01,8.26399e-05,9.99999e-01
4.599490440e-01,9.95025e-05,9.99999e-01,9.99999e-01,9.99995e-01,9.95029e-05,9.99999e-01
4.622487892e-01,1.19368e-04,9.99999e-01,9.99999e-01,9.99998e-01,1.19368e-04,9.99999e-01
4.645600332e-01,1.42685e-04,9.99999e-01,9.99999e-01,9.99997e-01,1.42685e-04,9.99999e-01
4.668828333e-01,1.69950e-04,9.99999e-01,9.99999e-01,9.99958e-01,1.69957e-04,9.99999e-01
4.692172475e-01,2.01726e-04,9.99999e-01,9.99999e-01,9.99912e-01,2.01744e-04,9.99999e-01
4.715633337e-01,2.38652e-04,9.99999e-01,9.99999e-01,9.99942e-01,2.38665e-04,9.99999e-01
4.739211504e-01,2.81393e-04,9.99999e-01,9.99999e-01,9.99944e-01,2.81408e-04,9.99999e-01
4.762907561e-01,3.30719e-04,9.99999e-01,9.99999e-01,9.99971e-01,3.30728e-04,9.99999e-01
4.786722099e-01,3.87450e-04,9.99999e-01,9.99999e-01,9.99987e-01,3.87454e-04,9.99999e-01
4.810655710e-01,4.52491e-04,9.99999e-01,9.99999e-01,9.99996e-01,4.52493e-04,9.99999e-01
4.834708988e-01,5.26814e-04,9.99999e-01,9.99999e-01,9.99967e-01,5.26831e-04,9.99999e-01
4.858882533e-01,6.11505e-04,9.99999e-01,9.99999e-01,9.99937e-01,6.11542e-04,9.99999e-01
4.883176946e-01,7.07751e-04,9.99999e-01,9.99999e-01,9.99948e-01,7.07787e-04,9.99999e-01
4.907592831e-01,8.16779e-04,9.99999e-01,9.99999e-01,9.99952e-01,8.16817e-04,9.99999e-01
4.932130795e-01,9.39947e-04,9.99999e-01,9.99999e-01,9.99966e-01,9.39979e-04,9.99999e-01
4.956791449e-01,1.07870e-03,9.99999e-01,9.99999e-01,9.99981e-01,1.07871e-03,9.99999e-01
4.981575406e-01,1.23446e-03,9.99999e-01,9.99999e-01,9.99912e-01,1.23456e-03,9.99999e-01
5.006483283e-01,1.40885e-03,9.99999e-01,9.99999e-01,9.99775e-01,1.40917e-03,9.99997e-01
5.031515699e-01,1.60241e-03,9.99999e-01,9.99999e-01,9.98850e-01,1.60427e-03,9.99987e-01
5.056673278e-01,1.82058e-03,9.99999e-01,9.99999e-01,9.99390e-01,1.82172e-03,9.99985e-01
5.081956644e-01,2.06184e-03,9.99999e-01,9.99999e-01,9.99230e-01,2.06345e-03,9.99990e-01
5.107366428e-01,2.33029e-03,9.99999e-01,9.99999e-01,9.99479e-01,2.33151e-03,9.99997e-01
5.132903260e-01,2.62726e-03,9.99999e-01,9.99999e-01,9.99702e-01,2.62804e-03,9.99999e-01
5.158567776e-01,2.95493e-03,9.99999e-01,9.99999e-01,9.99873e-01,2.95530e-03,9.99999e-01
5.184360615e-01,3.31544e-03,9.99999e-01,9.99999e-01,9.99949e-01,3.31561e-03,9.99999e-01
5.210282418e-01,3.71134e-03,9.99999e-01,9.99999e-01,9.99980e-01,3.71140e-03,9.99999e-01
5.236333830e-01,4.14489e-03,9.99999e-01,9.99999e-01,9.99924e-01,4.14520e-03,9.99998e-01
5.262515499e-01,4.61939e-03,9.99999e-01,9.99999e-01,9.99952e-01,4.61961e-03,9.99998e-01
5.288828077e-01,5.13708e-03,9.99999e-01,9.99999e-01,9.99956e-01,5.13730e-03,9.99999e-01
5.315272217e-01,5.70082e-03,9.99999e-01,9.99999e-01,9.99961e-01,5.70104e-03,9.99999e-01
5.341848578e-01,6.31348e-03,9.99999e-01,9.99999e-01,9.99974e-01,6.31363e-03,9.99999e-01
5.368557821e-01,6.97736e-03,9.99999e-01,9.99999e-01,9.99912e-01,6.97797e-03,9.99999e-01
5.395400610e-01,7.69457e-03,9.99999e-01,9.99999e-01,9.99688e-01,7.69699e-03,9.99996e-01
5.422377613e-01,8.47013e-03,9.99999e-01,9.99999e-01,9.99590e-01,8.47366e-03,9.99992e-01
5.449489501e-01,9.30743e-03,9.99999e-01,9.99999e-01,9.99622e-01,9.31101e-03,9.99991e-01
5.476736949e-01,1.02086e-02,9.99999e-01,9.99999e-01,9.99662e-01,1.02121e-02,9.99995e-01
5.504120634e-01,1.11772e-02,9.99999e-01,9.99999e-01,9.99754e-01,1.11799e-02,9.99998e-01
5.531641237e-01,1.22161e-02,9.99999e-01,9.99999e-01,9.99876e-01,1.22176e-02,9.99999e-01
5.559299443e-01,1.33275e-02,9.99999e-01,9.99999e-01,9.99940e-01,1.33283e-02,9.99999e-01
5.587095940e-01,1.45144e-02,9.99999e-01,9.99999e-01,9.99962e-01,1.45149e-02,9.99999e-01
5.615031420e-01,1.57799e-02,9.99999e-01,9.99999e-01,9.99958e-01,1.57806e-02,9.99999e-01
5.643106577e-01,1.71275e-02,9.99999e-01,9.99999e-01,9.99953e-01,1.71283e-02,9.99999e-01
5.671322110e-01,1.85507e-02,9.99999e-01,9.99999e-01,9.99443e-01,1.85611e-02,9.99994e-01
5.699678720e-01,2.00692e-02,9.99999e-01,9.99999e-01,9.99387e-01,2.00818e-02,9.99984e-01
5.728177114e-01,2.16794e-02,9.99999e-01,9.99999e-01,9.99370e-01,2.16933e-02,9.99986e-01
5.756818000e-01,2.33848e-02,9.99999e-01,9.99999e-01,9.99420e-01,2.33985e-02,9.99991e-01
5.785602090e-01,2.51872e-02,9.99999e-01,9.99999e-01,9.99493e-01,2.52000e-02,9.99997e-01
5.814530100e-01,2.70867e-02,9.99999e-01,9.99999e-01,9.99492e-01,2.71005e-02,9.99998e-01
5.843602750e-01,2.90849e-02,9.99999e-01,9.99999e-01,9.99401e-01,2.91024e-02,9.99996e-01
5.872820764e-01,3.10462e-02,9.99999e-01,9.99999e-01,9.94841e-01,3.12083e-02,9.99962e-01
5.902184868e-01,3.32061e-02,9.99999e-01,9.99999e-01,9.93683e-01,3.34205e-02,9.99899e-01
5.931695792e-01,3.55786e-02,9.99999e-01,9.99999e-01,9.95551e-01,3.57410e-02,9.99902e-01
5.961354271e-01,3.79832e-02,9.99999e-01,9.99999e-01,9.95110e-01,3.81721e-02,9.99940e-01
5.991161043e-01,4.05694e-02,9.99999e-01,9.99999e-01,9.96427e-01,4.07155e-02,9.99982e-01
6.021116848e-01,4.32849e-02,9.99999e-01,9.99999e-01,9.97968e-01,4.33731e-02,9.99997e-01
6.051222432e-01,4.60990e-02,9.99999e-01,9.99999e-01,9.98971e-01,4.61465e-02,9.99999e-01
6.081478544e-01,4.90154e-02,9.99999e-01,9.99999e-01,9.99556e-01,4.90371e-02,9.99999e-01
6.111885937e-01,5.20366e-02,9.99999e-01,9.99999e-01,9.99811e-01,5.20464e-02,9.99999e-01
6.142445367e-01,5.51707e-02,9.99999e-01,9.99999e-01,9.99915e-01,5.51753e-02,9.99999e-01
6.173157594e-01,5.84223e-02,9.99999e-01,9.99999e-01,9.99953e-01,5.84250e-02,9.99999e-01
6.204023382e-01,6.17937e-02,9.99999e-01,9.99999e-01,9.99960e-01,6.17961e-02,9.99999e-01
6.235043498e-01,6.52784e-02,9.99999e-01,9.99999e-01,9.99831e-01,6.52894e-02,9.99999e-01
6.266218716e-01,6.88424e-02,9.99999e-01,9.99999e-01,9.99092e-01,6.89053e-02,9.99993e-01
6.297549810e-01,7.26189e-02,9.99999e-01,9.99999e-01,9.99667e-01,7.26440e-02,9.99986e-01
6.329037559e-01,7.64545e-02,9.99999e-01,9.99999e-01,9.99339e-01,7.65057e-02,9.99989e-01
6.360682746e-01,8.04449e-02,9.99999e-01,9.99999e-01,9.99440e-01,8.04904e-02,9.99993e-01
6.392486160e-01,8.45360e-02,9.99999e-01,9.99999e-01,9.99273e-01,8.45976e-02,9.99996e-01
6.424448591e-01,8.87495e-02,9.99999e-01,9.99999e-01,9.99130e-01,8.88271e-02,9.99995e-01
6.456570834e-01,9.27633e-02,9.99999e-01,9.99999e-01,9.95572e-01,9.31782e-02,9.99974e-01
6.488853688e-01,9.72633e-02,9.99999e-01,9.99999e-01,9.96107e-01,9.76501e-02,9.99929e-01
6.521297956e-01,1.01891e-01,9.99999e-01,9.99999e-01,9.96626e-01,1.02242e-01,9.99940e-01
6.553904446e-01,1.06592e-01,9.99999e-01,9.99999e-01,9.96670e-01,1.06953e-01,9.99955e-01
6.586673968e-01,1.11457e-01,9.99999e-01,9.99999e-01,9.97118e-01,1.11781e-01,9.99985e-01
6.619607338e-01,1.16530e-01,9.99999e-01,9.99999e-01,9.98334e-01,1.16725e-01,9.99996e-01
6.652705375e-01,1.21666e-01,9.99999e-01,9.99999e-01,9.99031e-01,1.21784e-01,9.99997e-01
6.685968902e-01,1.26899e-01,9.99999e-01,9.99999e-01,9.99550e-01,1.26956e-01,9.99999e-01
6.719398746e-01,1.32211e-01,9.99999e-01,9.99999e-01,9.99791e-01,1.32238e-01,9.99999e-01
6.752995740e-01,1.37614e-01,9.99999e-01,9.99999e-01,9.99887e-01,1.37630e-01,9.99999e-01
6.786760719e-01,1.43105e-01,9.99999e-01,9.99999e-01,9.99838e-01,1.43128e-01,9.99999e-01
6.820694522e-01,1.48690e-01,9.99999e-01,9.99999e-01,9.99723e-01,1.48731e-01,9.99998e-01
6.854797995e-01,1.54381e-01,9.99999e-01,9.99999e-01,9.99643e-01,1.54436e-01,9.99996e-01
6.889071985e-01,1.60104e-01,9.99999e-01,9.99999e-01,9.99153e-01,1.60241e-01,9.99991e-01
6.923517345e-01,1.63815e-01,9.99999e-01,9.99999e-01,9.86058e-01,1.66142e-01,9.99931e-01
6.958134932e-01,1.70832e-01,9.99999e-01,9.99999e-01,9.92561e-01,1.72139e-01,9.99846e-01
6.992925606e-01,1.76971e-01,9.99999e-01,9.99999e-01,9.93088e-01,1.78226e-01,9.99865e-01
7.027890234e-01,1.82796e-01,9.99999e-01,9.99999e-01,9.91391e-01,1.84402e-01,9.99896e-01
7.063029686e-01,1.89276e-01,9.99999e-01,9.99999e-01,9.92766e-01,1.90664e-01,9.99948e-01
7.098344834e-01,1.95636e-01,9.99999e-01,9.99999e-01,9.93058e-01,1.97009e-01,9.99969e-01
7.133836558e-01,2.01570e-01,9.99999e-01,9.99999e-01,9.90900e-01,2.03433e-01,9.99939e-01
7.169505741e-01,1.94859e-01,9.99999e-01,9.99999e-01,9.28634e-01,2.09934e-01,9.99525e-01
7.205353270e-01,2.08460e-01,9.99999e-01,9.99999e-01,9.63639e-01,2.16507e-01,9.99162e-01
7.241380036e-01,2.12917e-01,9.99999e-01,9.99999e-01,9.54833e-01,2.23151e-01,9.99271e-01
7.277586936e-01,2.20329e-01,9.99999e-01,9.99999e-01,9.59109e-01,2.29861e-01,9.99394e-01
7.313974871e-01,2.26215e-01,9.99999e-01,9.99999e-01,9.56232e-01,2.36634e-01,9.99722e-01
7.350544745e-01,2.37579e-01,9.99999e-01,9.99999e-01,9.75905e-01,2.43468e-01,9.99903e-01
7.387297469e-01,2.45890e-01,9.99999e-01,9.99999e-01,9.82196e-01,2.50358e-01,9.99955e-01
7.424233956e-01,2.55041e-01,9.99999e-01,9.99999e-01,9.91226e-01,2.57301e-01,9.99991e-01
7.461355126e-01,2.62888e-01,9.99999e-01,9.99999e-01,9.94685e-01,2.64293e-01,9.99998e-01
7.498661902e-01,2.70658e-01,9.99999e-01,9.99999e-01,9.97515e-01,2.71332e-01,9.99998e-01
7.536155211e-01,2.78076e-01,9.99999e-01,9.99999e-01,9.98784e-01,2.78414e-01,9.99999e-01
7.573835987e-01,2.85356e-01,9.99999e-01,9.99999e-01,9.99373e-01,2.85535e-01,9.99999e-01
7.611705167e-01,2.92579e-01,9.99999e-01,9.99999e-01,9.99610e-01,2.92693e-01,9.99999e-01
7.649763693e-01,2.99810e-01,9.99999e-01,9.99999e-01,9.99756e-01,2.99883e-01,9.99999e-01
7.688012511e-01,3.07050e-01,9.99999e-01,9.99999e-01,9.99830e-01,3.07102e-01,9.99999e-01
7.726452574e-01,3.14304e-01,9.99999e-01,9.99999e-01,9.99860e-01,3.14348e-01,9.99999e-01
7.765084837e-01,3.21553e-01,9.99999e-01,9.99999e-01,9.99803e-01,3.21616e-01,9.99999e-01
7.803910261e-01,3.13343e-01,9.99999e-01,9.53459e-01,9.99154e-01,3.28904e-01,9.99998e-01
7.842929812e-01,2.66722e-01,9.99999e-01,7.95508e-01,9.97053e-01,3.36208e-01,9.99994e-01
7.882144461e-01,2.68054e-01,9.99999e-01,7.84865e-01,9.93875e-01,3.43525e-01,9.99962e-01
7.921555184e-01,3.03004e-01,9.99999e-01,8.66515e-01,9.96617e-01,3.50853e-01,9.99927e-01
7.961162960e-01,3.23156e-01,9.99999e-01,9.07532e-01,9.94105e-01,3.58187e-01,9.99930e-01
8.000968774e-01,3.44433e-01,9.99999e-01,9.48838e-01,9.93148e-01,3.65525e-01,9.99925e-01
8.040973618e-01,3.60309e-01,9.99999e-01,9.73021e-01,9.93157e-01,3.72864e-01,9.99940e-01
8.081178486e-01,3.69750e-01,9.99999e-01,9.87585e-01,9.84757e-01,3.80201e-01,9.99944e-01
8.121584379e-01,3.61972e-01,9.99999e-01,9.96111e-01,9.37834e-01,3.87533e-01,9.99783e-01
8.162192301e-01,3.64958e-01,9.99999e-01,9.99139e-01,9.25802e-01,3.94858e-01,9.99185e-01
8.203003262e-01,3.86998e-01,9.99999e-01,9.99985e-01,9.63198e-01,4.02172e-01,9.99046e-01
8.244018279e-01,3.87699e-01,9.99999e-01,9.99999e-01,9.47540e-01,4.09474e-01,9.99240e-01
8.285238370e-01,3.97915e-01,9.99999e-01,9.99999e-01,9.55352e-01,4.16760e-01,9.99403e-01
8.326664562e-01,4.04708e-01,9.99999e-01,9.99999e-01,9.54672e-01,4.24027e-01,9.99753e-01
8.368297885e-01,4.17161e-01,9.99999e-01,9.99999e-01,9.67329e-01,4.31274e-01,9.99943e-01
8.410139374e-01,4.29912e-01,9.99999e-01,9.99999e-01,9.80450e-01,4.38499e-01,9.99966e-01
8.452190071e-01,4.41391e-01,9.99999e-01,9.99999e-01,9.90355e-01,4.45698e-01,9.99979e-01
8.494451021e-01,4.50334e-01,9.99999e-01,9.99999e-01,9.94418e-01,4.52869e-01,9.99983e-01
8.536923276e-01,4.58480e-01,9.99999e-01,9.99999e-01,9.96682e-01,4.60011e-01,9.99989e-01
8.579607893e-01,4.66168e-01,9.99999e-01,9.99999e-01,9.97963e-01,4.67121e-01,9.99996e-01
8.622505932e-01,4.73582e-01,9.99999e-01,9.99999e-01,9.98702e-01,4.74197e-01,9.99999e-01
8.665618462e-01,4.37290e-01,9.99999e-01,9.09370e-01,9.99200e-01,4.81237e-01,9.99999e-01
8.708946554e-01,2.75604e-01,9.99999e-01,5.64973e-01,9.99087e-01,4.88240e-01,9.99999e-01
8.752491287e-01,3.10072e-01,9.99999e-01,6.26885e-01,9.98777e-01,4.95204e-01,9.99998e-01
8.796253743e-01,3.86854e-01,9.99999e-01,7.71679e-01,9.98313e-01,5.02126e-01,9.99995e-01
8.840235012e-01,4.43898e-01,9.99999e-01,8.73746e-01,9.98072e-01,5.09005e-01,9.99987e-01
8.884436187e-01,4.85614e-01,9.99999e-01,9.47849e-01,9.93136e-01,5.15840e-01,9.99966e-01
8.928858368e-01,4.75160e-01,9.99999e-01,9.78605e-01,9.28968e-01,5.22629e-01,9.99806e-01
8.973502660e-01,4.61200e-01,9.99999e-01,9.94721e-01,8.76572e-01,5.29371e-01,9.99009e-01
9.018370173e-01,4.99859e-01,9.99999e-01,9.99415e-01,9.34436e-01,5.36064e-01,9.98443e-01
9.063462024e-01,5.04168e-01,9.99999e-01,9.85751e-01,9.43066e-01,5.42707e-01,9.98632e-01
9.108779334e-01,4.83874e-01,9.99999e-01,9.66527e-01,9.12127e-01,5.49298e-01,9.98578e-01
9.154323231e-01,4.96052e-01,9.99999e-01,9.91951e-01,9.00505e-01,5.55837e-01,9.98825e-01
9.200094847e-01,4.66521e-01,9.99999e-01,8.95802e-01,9.21027e-01,5.62322e-01,9.99342e-01
9.246095321e-01,4.26652e-01,9.99999e-01,8.46911e-01,8.82796e-01,5.68753e-01,9.99241e-01
9.292325798e-01,2.23484e-01,9.99999e-01,8.79821e-01,4.35100e-01,5.75128e-01,9.97048e-01
9.338787427e-01,1.74616e-01,9.99999e-01,8.81985e-01,3.38590e-01,5.81447e-01,9.87856e-01
9.385481364e-01,3.43143e-01,9.99999e-01,9.11683e-01,6.44873e-01,5.87708e-01,9.85573e-01
9.432408771e-01,3.06880e-01,9.99999e-01,9.44659e-01,5.51503e-01,5.93911e-01,9.87541e-01
9.479570815e-01,2.55681e-01,9.99999e-01,9.71319e-01,4.42243e-01,6.00054e-01,9.89848e-01
9.526968669e-01,3.18503e-01,9.99999e-01,9.86042e-01,5.35315e-01,6.06139e-01,9.93795e-01
9.574603512e-01,3.38561e-01,9.99999e-01,9.94002e-01,5.57832e-01,6.12162e-01,9.96843e-01
9.622476530e-01,3.81298e-01,9.99999e-01,9.98123e-01,6.19271e-01,6.18125e-01,9.97816e-01
9.670588912e-01,4.72345e-01,9.99999e-01,9.99435e-01,7.58458e-01,6.24027e-01,9.98505e-01
9.718941857e-01,5.28840e-01,9.99999e-01,9.99958e-01,8.40561e-01,6.29867e-01,9.98899e-01
9.767536566e-01,5.49837e-01,9.99999e-01,9.99999e-01,8.65734e-01,6.35644e-01,9.99158e-01
9.816374249e-01,5.75955e-01,9.99999e-01,9.99999e-01,8.98284e-01,6.41358e-01,9.99708e-01
9.865456120e-01,6.04993e-01,9.99999e-01,9.99999e-01,9.35115e-01,6.47010e-01,9.99938e-01
9.914783401e-01,6.26091e-01,9.99999e-01,9.99999e-01,9.59397e-01,6.52598e-01,9.99982e-01
9.964357318e-01,6.43424e-01,9.99999e-01,9.99999e-01,9.77674e-01,6.58123e-01,9.99989e-01
1.001417910e+00,6.54653e-01,9.99999e-01,9.99999e-01,9.86555e-01,6.63584e-01,9.99984e-01
1.006425000e+00,6.63839e-01,9.99999e-01,9.99999e-01,9.92333e-01,6.68981e-01,9.99978e-01
1.011457125e+00,6.71078e-01,9.99999e-01,9.99999e-01,9.95219e-01,6.74315e-01,9.99979e-01
1.016514411e+00,6.77372e-01,9.99999e-01,9.99999e-01,9.96758e-01,6.79584e-01,9.99985e-01
1.021596983e+00,6.82966e-01,9.99999e-01,9.99931e-01,9.97418e-01,6.84789e-01,9.99985e-01
1.026704968e+00,6.84699e-01,9.99999e-01,9.94423e-01,9.97987e-01,6.89930e-01,9.99990e-01
1.031838492e+00,6.56058e-01,9.99999e-01,9.45299e-01,9.98533e-01,6.95006e-01,9.99996e-01
1.036997685e+00,7.38509e-02,9.99999e-01,1.05569e-01,9.99130e-01,7.00019e-01,9.99999e-01
1.042182673e+00,3.11752e-02,9.99999e-01,4.42607e-02,9.98968e-01,7.04968e-01,9.99999e-01
1.047393587e+00,4.87564e-02,9.99999e-01,6.87670e-02,9.98629e-01,7.09853e-01,9.99999e-01
1.052630555e+00,2.96046e-04,9.99999e-01,4.14780e-04,9.98121e-01,7.14674e-01,9.99999e-01
1.057893707e+00,9.01734e-04,9.99999e-01,1.25579e-03,9.96871e-01,7.19432e-01,9.99998e-01
1.063183176e+00,5.03363e-03,9.99999e-01,6.97504e-03,9.94849e-01,7.24127e-01,9.99996e-01
1.068499092e+00,2.09529e-02,9.99999e-01,2.89479e-02,9.91375e-01,7.28758e-01,9.99993e-01
1.073841587e+00,7.62999e-02,9.99999e-01,1.04899e-01,9.89937e-01,7.33327e-01,9.99986e-01
1.079210795e+00,1.75005e-01,9.99999e-01,2.39902e-01,9.87069e-01,7.37834e-01,9.99964e-01
1.084606849e+00,3.29365e-01,9.99999e-01,4.51963e-01,9.80530e-01,7.42278e-01,9.99916e-01
1.090029883e+00,4.80853e-01,9.99999e-01,6.61680e-01,9.72343e-01,7.46661e-01,9.99826e-01
1.095480033e+00,5.67768e-01,9.99999e-01,8.15448e-01,9.26266e-01,7.50982e-01,9.99687e-01
1.100957433e+00,5.64243e-01,9.99999e-01,9.06274e-01,8.23580e-01,7.55242e-01,9.99425e-01
1.106462220e+00,4.48420e-01,9.99999e-01,9.60052e-01,6.14333e-01,7.59441e-01,9.99025e-01
1.111994531e+00,2.70794e-01,9.99999e-01,9.85000e-01,3.60419e-01,7.63580e-01,9.97415e-01
1.117554504e+00,1.47870e-01,9.99999e-01,9.96297e-01,1.94969e-01,7.67659e-01,9.90701e-01
1.123142276e+00,2.33203e-01,9.99999e-01,9.99754e-01,3.08997e-01,7.71679e-01,9.78090e-01
1.128757988e+00,3.50161e-01,9.99999e-01,9.99999e-01,4.63166e-01,7.75640e-01,9.74698e-01
1.134401778e+00,1.74332e-01,9.99999e-01,9.99999e-01,2.28678e-01,7.79542e-01,9.77940e-01
1.140073787e+00,4.82605e-01,9.99999e-01,9.99999e-01,6.27159e-01,7.83387e-01,9.82284e-01
1.145774156e+00,2.97650e-01,9.99999e-01,9.99999e-01,3.84200e-01,7.87173e-01,9.84189e-01
1.151503026e+00,2.72473e-01,9.99999e-01,9.99999e-01,3.47581e-01,7.90903e-01,9.91160e-01
1.157260541e+00,3.20178e-01,9.99999e-01,9.99999e-01,4.04025e-01,7.94576e-01,9.97348e-01
1.163046844e+00,4.06337e-01,9.99999e-01,9.99999e-01,5.09453e-01,7.98193e-01,9.99247e-01
1.168862078e+00,4.99305e-01,9.99999e-01,9.99999e-01,6.23005e-01,8.01755e-01,9.99612e-01
1.174706389e+00,6.00987e-01,9.99999e-01,9.99999e-01,7.46708e-01,8.05262e-01,9.99485e-01
1.180579921e+00,6.76132e-01,9.99999e-01,9.99999e-01,8.36707e-01,8.08714e-01,9.99222e-01
1.186482820e+00,7.33657e-01,9.99999e-01,9.99992e-01,9.04118e-01,8.12113e-01,9.99202e-01
1.192415234e+00,7.53741e-01,9.99999e-01,9.80542e-01,9.42902e-01,8.15458e-01,9.99402e-01
1.198377311e+00,4.32263e-01,9.99999e-01,5.50529e-01,9.51765e-01,8.18751e-01,9.99435e-01
1.204369197e+00,5.46073e-16,9.99999e-01,6.82885e-16,9.54279e-01,8.21991e-01,9.99489e-01
1.210391043e+00,3.09272e-61,9.99999e-01,3.84345e-61,9.56202e-01,8.25180e-01,9.99689e-01
1.216442998e+00,3.82055e-53,9.99999e-01,4.72325e-53,9.62526e-01,8.28318e-01,9.99809e-01
1.222525213e+00,2.32413e-52,9.99999e-01,2.83874e-52,9.70725e-01,8.31405e-01,9.99881e-01
1.228637839e+00,1.55108e-40,9.99999e-01,1.88523e-40,9.79598e-01,8.34443e-01,9.99944e-01
1.234781029e+00,1.01625e-25,9.99999e-01,1.22158e-25,9.84792e-01,8.37432e-01,9.99983e-01
1.240954934e+00,2.80824e-17,9.99999e-01,3.36217e-17,9.90369e-01,8.40371e-01,9.99995e-01
1.247159708e+00,2.99201e-11,9.99999e-01,3.56618e-11,9.92486e-01,8.43263e-01,9.99996e-01
1.253395507e+00,5.55602e-06,9.99999e-01,6.59838e-06,9.93337e-01,8.46107e-01,9.99995e-01
1.259662485e+00,5.67112e-04,9.99999e-01,6.71246e-04,9.93735e-01,8.48905e-01,9.99993e-01
1.265960797e+00,1.64827e-02,9.99999e-01,1.94940e-02,9.89947e-01,8.51656e-01,9.99989e-01
1.272290601e+00,1.33359e-01,9.99999e-01,1.58096e-01,9.85247e-01,8.54362e-01,9.99982e-01
1.278652054e+00,1.31253e-01,9.99999e-01,1.56764e-01,9.69060e-01,8.57022e-01,9.99968e-01
1.285045314e+00,1.54634e-03,9.99999e-01,1.84361e-03,9.51869e-01,8.59638e-01,9.99942e-01
1.291470541e+00,8.38290e-08,9.99999e-01,1.03181e-07,9.05359e-01,8.62210e-01,9.99899e-01
1.297927893e+00,5.48647e-04,9.99999e-01,6.74303e-04,8.78279e-01,8.64738e-01,9.99812e-01
1.304417533e+00,3.29101e-02,9.99999e-01,4.37723e-02,8.45819e-01,8.67224e-01,9.99602e-01
1.310939621e+00,8.36204e-03,9.99999e-01,1.07632e-02,8.26498e-01,8.69668e-01,9.99184e-01
1.317494319e+00,1.95494e-21,9.99999e-01,2.52069e-21,8.11928e-01,8.72070e-01,9.98492e-01
1.324081790e+00,1.69000e-14,9.99999e-01,2.23395e-14,7.34013e-01,8.74431e-01,9.97540e-01
1.330702199e+00,8.88114e-09,9.99999e-01,1.69447e-08,3.34728e-01,8.76752e-01,9.95762e-01
1.337355710e+00,5.21641e-09,9.99999e-01,4.39282e-08,5.11033e-02,8.79033e-01,9.91855e-01
1.344042489e+00,7.52730e-10,9.99999e-01,1.62205e-08,1.96001e-03,8.81274e-01,9.75669e-01
1.350762701e+00,1.95257e-14,9.99999e-01,9.23255e-09,4.39542e-07,8.83477e-01,9.19128e-01
1.357516515e+00,3.47151e-14,9.99999e-01,9.59192e-06,5.81894e-10,8.85642e-01,7.80758e-01
1.364304097e+00,1.14362e-09,9.99999e-01,4.08745e-04,1.57916e-06,8.87769e-01,6.48078e-01
1.371125618e+00,3.28437e-06,9.99999e-01,1.77525e-02,1.48932e-04,8.89858e-01,6.64357e-01
1.377981246e+00,1.60591e-05,9.99999e-01,3.42849e-02,4.70564e-04,8.91912e-01,7.04310e-01
1.384871152e+00,7.28003e-07,9.99999e-01,1.40406e-01,5.62256e-06,8.93929e-01,7.18807e-01
1.391795508e+00,3.10310e-07,9.99999e-01,1.62545e-01,1.94736e-06,8.95911e-01,7.31592e-01
1.398754485e+00,5.84284e-06,9.99999e-01,3.24163e-01,2.28478e-05,8.97859e-01,7.73219e-01
1.405748258e+00,9.25904e-06,9.99999e-01,4.36975e-01,2.34698e-05,8.99771e-01,8.60403e-01
1.412776999e+00,1.22853e-05,9.99999e-01,5.91771e-01,2.14595e-05,9.01650e-01,9.33656e-01
1.419840884e+00,2.68177e-05,9.99999e-01,5.36476e-01,4.40931e-05,9.03496e-01,9.70348e-01
1.426940089e+00,1.47960e-04,9.99999e-01,3.61514e-02,4.39148e-04,9.05309e-01,9.77391e-01
1.434074789e+00,0.00000e+00,9.99999e-01,0.00000e+00,2.52277e-03,9.07090e-01,9.73376e-01
1.441245163e+00,0.00000e+00,9.99999e-01,0.00000e+00,8.48055e-03,9.08839e-01,9.71194e-01
1.448451389e+00,0.00000e+00,9.99999e-01,0.00000e+00,3.55113e-02,9.10556e-01,9.74732e-01
1.455693646e+00,0.00000e+00,9.99999e-01,0.00000e+00,1.02955e-01,9.12243e-01,9.80283e-01
1.462972114e+00,3.73985e-242,9.99999e-01,1.43638e-241,1.38155e-01,9.13899e-01,9.81187e-01
1.470286975e+00,2.50369e-101,9.99999e-01,1.05842e-100,1.00198e-01,9.15526e-01,9.81504e-01
1.477638409e+00,3.39455e-64,9.99999e-01,1.42386e-63,1.26692e-01,9.17124e-01,9.87475e-01
1.485026601e+00,2.74621e-36,9.99999e-01,9.77076e-36,1.79904e-01,9.18692e-01,9.94216e-01
1.492451734e+00,7.11847e-31,9.99999e-01,1.84740e-30,2.79851e-01,9.20232e-01,9.97467e-01
1.499913993e+00,6.10982e-14,9.99999e-01,1.08696e-13,4.19992e-01,9.21745e-01,9.98906e-01
1.507413563e+00,1.06737e-12,9.99999e-01,1.90667e-12,5.33811e-01,9.23229e-01,9.99486e-01
1.514950631e+00,5.16050e-14,9.99999e-01,7.20054e-14,6.74022e-01,9.24687e-01,9.99759e-01
1.522525384e+00,1.60210e-45,9.99999e-01,2.05416e-45,7.74712e-01,9.26118e-01,9.99911e-01
1.530138011e+00,1.66800e-107,9.99999e-01,1.99199e-107,8.28396e-01,9.27523e-01,9.99968e-01
1.537788701e+00,1.00698e-79,9.99999e-01,1.16367e-79,8.99410e-01,9.28903e-01,9.99985e-01
1.545477645e+00,1.83957e-17,9.99999e-01,2.06942e-17,9.34456e-01,9.30257e-01,9.99992e-01
1.553205033e+00,1.43411e-12,9.99999e-01,1.60155e-12,9.46508e-01,9.31586e-01,9.99995e-01
1.560971058e+00,5.49517e-13,9.99999e-01,6.02029e-13,9.66209e-01,9.32891e-01,9.99996e-01
1.568775913e+00,3.62793e-271,9.99999e-01,3.94353e-271,9.77717e-01,9.34172e-01,9.99997e-01
1.576619793e+00,0.00000e+00,9.99999e-01,0.00000e+00,9.82586e-01,9.35429e-01,9.99997e-01
1.584502892e+00,0.00000e+00,9.99999e-01,0.00000e+00,9.89412e-01,9.36664e-01,9.99995e-01
1.592425406e+00,1.02441e-241,9.99999e-01,1.09864e-241,9.90199e-01,9.37875e-01,9.99994e-01
1.600387533e+00,0.00000e+00,9.99999e-01,0.00000e+00,9.93241e-01,9.39064e-01,9.99994e-01
1.608389471e+00,0.00000e+00,9.99999e-01,0.00000e+00,9.93004e-01,9.40231e-01,9.99995e-01
1.616431418e+00,0.00000e+00,9.99999e-01,0.00000e+00,9.92872e-01,9.41376e-01,9.99995e-01
1.624513575e+00,5.12568e-307,9.99999e-01,5.46515e-307,9.92377e-01,9.42500e-01,9.99994e-01
1.632636143e+00,4.70233e-228,9.99999e-01,5.01195e-228,9.88066e-01,9.43603e-01,9.99992e-01
1.640799324e+00,2.15442e-93,9.99999e-01,2.29991e-93,9.84125e-01,9.44686e-01,9.99989e-01
1.649003321e+00,2.14705e-93,9.99999e-01,2.30194e-93,9.79681e-01,9.45748e-01,9.99985e-01
1.657248337e+00,2.38538e-72,9.99999e-01,2.55571e-72,9.73439e-01,9.46791e-01,9.99984e-01
1.665534579e+00,7.85242e-73,9.99999e-01,8.49090e-73,9.64001e-01,9.47814e-01,9.99983e-01
1.673862252e+00,1.02575e-46,9.99999e-01,1.10225e-46,9.50773e-01,9.48818e-01,9.99979e-01
1.682231563e+00,1.40768e-32,9.99999e-01,1.51069e-32,9.57193e-01,9.49803e-01,9.99970e-01
1.690642721e+00,1.86681e-18,9.99999e-01,2.03334e-18,9.26221e-01,9.50769e-01,9.99953e-01
1.699095934e+00,6.21783e-12,9.99999e-01,6.83510e-12,9.14432e-01,9.51718e-01,9.99928e-01
1.707591414e+00,1.48400e-06,9.99999e-01,1.63520e-06,9.09586e-01,9.52649e-01,9.99890e-01
1.716129371e+00,4.34036e-04,9.99999e-01,4.93662e-04,8.88553e-01,9.53562e-01,9.99841e-01
1.724710018e+00,1.14500e-02,9.99999e-01,1.37303e-02,8.37403e-01,9.54458e-01,9.99768e-01
1.733333568e+00,4.76075e-02,9.99999e-01,6.06676e-02,7.94642e-01,9.55337e-01,9.99636e-01
1.742000236e+00,1.34124e-01,9.99999e-01,1.92486e-01,7.05274e-01,9.56200e-01,9.99425e-01
1.750710237e+00,1.54969e-03,9.99999e-01,2.46868e-03,5.23181e-01,9.57046e-01,9.99078e-01
1.759463788e+00,7.53488e-45,9.99999e-01,1.43344e-44,2.96823e-01,9.57876e-01,9.98441e-01
1.768261107e+00,3.21559e-47,9.99999e-01,1.16232e-46,1.06372e-01,9.58691e-01,9.97313e-01
1.777102413e+00,2.63267e-46,9.99999e-01,2.78651e-45,2.50752e-02,9.59490e-01,9.95795e-01
1.785987925e+00,2.24741e-44,9.99999e-01,1.24389e-42,2.64560e-03,9.60274e-01,9.93236e-01
1.794917864e+00,6.70243e-43,9.99999e-01,1.03568e-40,3.40235e-04,9.61043e-01,9.86742e-01
1.803892454e+00,1.66965e-43,9.99999e-01,3.39527e-39,1.73544e-06,9.61798e-01,9.72372e-01
1.812911916e+00,1.16379e-43,9.99999e-01,1.20856e-37,7.17723e-08,9.62538e-01,9.44153e-01
1.821976476e+00,9.33346e-44,9.99999e-01,9.87907e-38,1.18670e-07,9.63264e-01,8.80898e-01
1.831086358e+00,4.51703e-37,9.99999e-01,1.92614e-30,1.12218e-08,9.63977e-01,7.45412e-01
1.840241790e+00,1.86303e-31,9.99999e-01,5.88429e-26,3.09055e-07,9.64676e-01,6.09089e-01
1.849442999e+00,1.91083e-23,9.99999e-01,4.22376e-18,1.30816e-06,9.65361e-01,5.50872e-01
1.858690214e+00,1.19283e-25,9.99999e-01,6.17729e-17,7.15075e-10,9.66033e-01,5.51177e-01
1.867983665e+00,3.26030e-26,9.99999e-01,1.32856e-17,1.65257e-10,9.66693e-01,5.78027e-01
1.877323583e+00,8.00960e-88,9.99999e-01,1.26494e-84,1.19439e-04,9.67340e-01,6.16305e-01
1.886710201e+00,1.49471e-113,9.99999e-01,5.56167e-111,2.53610e-04,9.67975e-01,6.55184e-01
1.896143752e+00,4.60726e-129,9.99999e-01,1.21342e-126,9.16247e-04,9.68597e-01,6.60903e-01
1.905624471e+00,9.13099e-152,9.99999e-01,8.23970e-147,2.67831e-06,9.69208e-01,6.85830e-01
1.915152593e+00,9.95791e-120,9.99999e-01,7.34976e-114,1.16784e-07,9.69807e-01,7.63769e-01
1.924728356e+00,1.18688e-142,9.99999e-01,3.36011e-136,1.52110e-08,9.70394e-01,8.58653e-01
1.934351998e+00,0.00000e+00,9.99999e-01,0.00000e+00,3.75973e-09,9.70970e-01,9.29667e-01
1.944023758e+00,0.00000e+00,9.99999e-01,0.00000e+00,6.98549e-06,9.71536e-01,9.74784e-01
1.953743877e+00,0.00000e+00,9.99999e-01,0.00000e+00,3.02184e-05,9.72090e-01,9.89373e-01
1.963512596e+00,0.00000e+00,9.99999e-01,0.00000e+00,8.55698e-04,9.72634e-01,9.94615e-01
1.973330159e+00,0.00000e+00,9.99999e-01,0.00000e+00,4.45107e-03,9.73167e-01,9.97179e-01
1.983196810e+00,0.00000e+00,9.99999e-01,0.00000e+00,6.46655e-02,9.73690e-01,9.98452e-01
1.993112794e+00,0.00000e+00,9.99999e-01,0.00000e+00,1.15781e-01,9.74203e-01,9.99156e-01
2.003078358e+00,0.00000e+00,9.99999e-01,0.00000e+00,2.59051e-01,9.74706e-01,9.99525e-01
2.013093750e+00,0.00000e+00,9.99999e-01,0.00000e+00,4.17082e-01,9.75199e-01,9.99716e-01
2.023159218e+00,0.00000e+00,9.99999e-01,0.00000e+00,6.01385e-01,9.75683e-01,9.99800e-01
2.033275015e+00,0.00000e+00,9.99999e-01,0.00000e+00,6.76204e-01,9.76157e-01,9.99839e-01
2.043441390e+00,0.00000e+00,9.99999e-01,0.00000e+00,7.84440e-01,9.76623e-01,9.99830e-01
2.053658597e+00,0.00000e+00,9.99998e-01,0.00000e+00,8.20146e-01,9.77079e-01,9.99766e-01
2.063926890e+00,0.00000e+00,9.99998e-01,0.00000e+00,8.75917e-01,9.77527e-01,9.99644e-01
2.074246524e+00,0.00000e+00,9.99996e-01,0.00000e+00,8.91449e-01,9.77966e-01,9.99435e-01
2.084617757e+00,0.00000e+00,9.99994e-01,0.00000e+00,9.27532e-01,9.78396e-01,9.99106e-01
2.095040845e+00,0.00000e+00,9.99992e-01,0.00000e+00,9.42656e-01,9.78818e-01,9.98654e-01
2.105516050e+00,0.00000e+00,9.99990e-01,0.00000e+00,9.50406e-01,9.79232e-01,9.98106e-01
2.116043630e+00,0.00000e+00,9.99991e-01,0.00000e+00,9.52481e-01,9.79638e-01,9.97673e-01
2.126623848e+00,0.00000e+00,9.99992e-01,0.00000e+00,9.70899e-01,9.80036e-01,9.97387e-01
2.137256967e+00,0.00000e+00,9.99993e-01,0.00000e+00,9.72408e-01,9.80427e-01,9.97087e-01
2.147943252e+00,2.09926e-311,9.99996e-01,2.18771e-311,9.73368e-01,9.80810e-01,9.96500e-01
2.158682968e+00,3.67651e-187,9.99979e-01,3.83662e-187,9.75687e-01,9.81185e-01,9.95927e-01
2.169476383e+00,4.77021e-91,9.99992e-01,4.97005e-91,9.74099e-01,9.81553e-01,9.96845e-01
2.180323765e+00,5.75042e-57,9.99995e-01,5.98729e-57,9.70555e-01,9.81914e-01,9.97680e-01
2.191225384e+00,3.90417e-29,9.99995e-01,4.06054e-29,9.64129e-01,9.82268e-01,9.98066e-01
2.202181511e+00,4.49748e-19,9.99996e-01,4.70978e-19,9.55253e-01,9.82616e-01,9.98502e-01
2.213192418e+00,2.53718e-10,9.99996e-01,2.64653e-10,9.55397e-01,9.82956e-01,9.98957e-01
2.224258381e+00,7.72969e-07,9.99997e-01,8.12606e-07,9.46659e-01,9.83290e-01,9.99332e-01
2.235379672e+00,7.26607e-05,9.99997e-01,7.65618e-05,9.55547e-01,9.83617e-01,9.99599e-01
2.246556571e+00,1.45193e-03,9.99998e-01,1.56836e-03,9.20775e-01,9.83938e-01,9.99749e-01
2.257789354e+00,1.64557e-02,9.99998e-01,1.76899e-02,9.39867e-01,9.84253e-01,9.99818e-01
2.269078300e+00,2.31353e-02,9.99999e-01,2.72779e-02,8.55121e-01,9.84561e-01,9.99848e-01
2.280423692e+00,2.77402e-02,9.99999e-01,3.16863e-02,8.79892e-01,9.84864e-01,9.99843e-01
2.291825810e+00,7.89551e-02,9.99999e-01,1.01960e-01,7.76560e-01,9.85161e-01,9.99817e-01
2.303284939e+00,1.30645e-01,9.99999e-01,1.64959e-01,7.97958e-01,9.85452e-01,9.99751e-01
2.314801364e+00,1.36050e-01,9.99999e-01,2.00559e-01,6.80527e-01,9.85737e-01,9.99649e-01
2.326375371e+00,2.28773e-01,9.99999e-01,3.43728e-01,6.66788e-01,9.86017e-01,9.99533e-01
2.338007248e+00,1.99389e-01,9.99999e-01,3.13337e-01,6.35809e-01,9.86291e-01,9.99363e-01
2.349697284e+00,1.71418e-01,9.99999e-01,3.64183e-01,4.62236e-01,9.86560e-01,9.99138e-01
2.361445770e+00,2.34893e-01,9.99999e-01,4.46423e-01,5.28684e-01,9.86824e-01,9.98809e-01
2.373252999e+00,2.09031e-01,9.99999e-01,4.80858e-01,4.27578e-01,9.87082e-01,9.98360e-01
2.385119264e+00,1.70333e-01,9.99999e-01,7.24408e-01,2.30619e-01,9.87336e-01,9.97797e-01
2.397044861e+00,3.46505e-01,9.99999e-01,8.76507e-01,3.99011e-01,9.87584e-01,9.96699e-01
2.409030085e+00,1.48558e-01,9.99999e-01,7.94750e-01,1.87118e-01,9.87828e-01,9.95202e-01
2.421075235e+00,1.49751e-01,9.99999e-01,6.74458e-01,2.06254e-01,9.88067e-01,9.93270e-01
2.433180612e+00,2.06764e-02,9.99999e-01,1.29157e-01,1.03674e-01,9.88301e-01,9.90696e-01
2.445346515e+00,1.71546e-02,9.99999e-01,3.63163e-01,3.63071e-02,9.88531e-01,9.87055e-01
2.457573247e+00,7.88132e-04,9.99999e-01,2.17004e-02,1.14726e-02,9.88756e-01,9.81075e-01
2.469861113e+00,1.47011e-14,9.99999e-01,2.62281e-12,5.34033e-04,9.88977e-01,9.72465e-01
2.482210419e+00,2.30981e-45,9.99999e-01,1.60893e-40,6.01721e-07,9.89194e-01,9.60313e-01
2.494621471e+00,1.69471e-92,9.99999e-01,6.08969e-84,1.27574e-10,9.89406e-01,9.42450e-01
2.507094578e+00,1.41107e-95,9.99999e-01,2.72984e-81,2.39254e-16,9.89614e-01,9.10981e-01
2.519630051e+00,1.34365e-134,9.99999e-01,8.05464e-108,5.93723e-29,9.89818e-01,8.51996e-01
2.532228202e+00,1.90366e-174,9.99999e-01,5.28887e-138,1.57054e-38,9.90018e-01,7.46356e-01
2.544889343e+00,2.81984e-193,9.99999e-01,4.11838e-143,4.17149e-52,9.90214e-01,5.57271e-01
2.557613789e+00,5.41073e-219,9.99999e-01,1.14027e-169,4.75421e-51,9.90407e-01,3.19428e-01
2.570401858e+00,0.00000e+00,9.99999e-01,0.00000e+00,2.41412e-84,9.90595e-01,1.17994e-01
2.583253867e+00,0.00000e+00,9.99999e-01,0.00000e+00,1.58198e-71,9.90780e-01,4.56851e-02
2.596170137e+00,0.00000e+00,9.99999e-01,0.00000e+00,7.85521e-61,9.90962e-01,1.85048e-02
2.609150988e+00,0.00000e+00,9.99999e-01,0.00000e+00,7.02020e-43,9.91139e-01,7.52299e-03
2.622196742e+00,0.00000e+00,9.99999e-01,0.00000e+00,4.59447e-36,9.91313e-01,6.78186e-03
2.635307726e+00,0.00000e+00,9.99999e-01,0.00000e+00,1.08006e-16,9.91484e-01,9.39575e-03
2.648484265e+00,0.00000e+00,9.99999e-01,0.00000e+00,5.05983e-20,9.91652e-01,1.04128e-02
2.661726686e+00,0.00000e+00,9.99999e-01,0.00000e+00,5.24032e-35,9.91816e-01,9.70275e-03
2.675035320e+00,0.00000e+00,9.99999e-01,0.00000e+00,4.24367e-126,9.91977e-01,1.01037e-02
2.688410496e+00,0.00000e+00,9.99999e-01,0.00000e+00,1.62825e-61,9.92135e-01,1.28928e-02
2.701852549e+00,0.00000e+00,9.99999e-01,0.00000e+00,8.80740e-54,9.92290e-01,1.47449e-02
2.715361811e+00,0.00000e+00,9.99999e-01,0.00000e+00,2.41089e-53,9.92441e-01,1.70477e-02
2.728938620e+00,0.00000e+00,9.99999e-01,0.00000e+00,4.35107e-38,9.92590e-01,2.54486e-02
2.742583314e+00,0.00000e+00,9.99999e-01,0.00000e+00,9.67396e-41,9.92736e-01,5.33070e-02
2.756296230e+00,0.00000e+00,9.99999e-01,0.00000e+00,2.77194e-42,9.92879e-01,1.27376e-01
2.770077711e+00,0.00000e+00,9.99999e-01,0.00000e+00,8.60072e-58,9.93019e-01,2.64591e-01
2.783928100e+00,0.00000e+00,9.99999e-01,0.00000e+00,9.93543e-58,9.93156e-01,3.92475e-01
2.797847740e+00,0.00000e+00,9.99999e-01,0.00000e+00,5.36048e-44,9.93291e-01,5.36993e-01
2.811836979e+00,0.00000e+00,9.99999e-01,0.00000e+00,7.42148e-47,9.93423e-01,6.82635e-01
2.825896164e+00,0.00000e+00,9.99999e-01,0.00000e+00,1.46799e-40,9.93553e-01,7.81662e-01
2.840025645e+00,0.00000e+00,9.99999e-01,0.00000e+00,3.28042e-31,9.93679e-01,8.36609e-01
2.854225773e+00,0.00000e+00,9.99999e-01,0.00000e+00,1.89944e-27,9.93804e-01,8.74411e-01
2.868496902e+00,0.00000e+00,9.99999e-01,0.00000e+00,6.38399e-26,9.93926e-01,9.13908e-01
2.882839386e+00,0.00000e+00,9.99999e-01,0.00000e+00,1.03291e-20,9.94046e-01,9.41100e-01
2.897253583e+00,0.00000e+00,9.99999e-01,0.00000e+00,1.16267e-17,9.94163e-01,9.55745e-01
2.911739851e+00,0.00000e+00,9.99999e-01,0.00000e+00,3.97074e-12,9.94278e-01,9.65792e-01
2.926298550e+00,0.00000e+00,9.99999e-01,0.00000e+00,5.35466e-09,9.94390e-01,9.74663e-01
2.940930043e+00,0.00000e+00,9.99999e-01,0.00000e+00,9.66506e-09,9.94501e-01,9.79600e-01
2.955634693e+00,0.00000e+00,9.99999e-01,0.00000e+00,1.56248e-08,9.94609e-01,9.81769e-01
2.970412867e+00,0.00000e+00,9.99999e-01,0.00000e+00,5.98713e-08,9.94715e-01,9.84029e-01
2.985264931e+00,0.00000e+00,9.99999e-01,0.00000e+00,4.80915e-06,9.94819e-01,9.85090e-01
3.000191256e+00,0.00000e+00,9.99999e-01,0.00000e+00,2.10469e-05,9.94922e-01,9.84763e-01
3.015192212e+00,0.00000e+00,9.99999e-01,0.00000e+00,1.37069e-04,9.95022e-01,9.82438e-01
3.030268173e+00,0.00000e+00,9.99999e-01,0.00000e+00,5.85238e-04,9.95120e-01,9.78688e-01
3.045419514e+00,9.69996e-216,9.99999e-01,1.17233e-212,1.08368e-04,9.95216e-01,9.75382e-01
3.060646612e+00,1.51711e-99,9.99999e-01,1.46331e-97,3.75655e-03,9.95310e-01,9.70480e-01
3.075949845e+00,3.16064e-80,9.99999e-01,1.75796e-77,4.59009e-03,9.95402e-01,1.42815e-01
3.091329594e+00,4.57607e-77,9.99999e-01,1.60566e-73,3.47719e-03,9.95493e-01,1.13061e-02
3.106786242e+00,5.70960e-80,9.99999e-01,5.39704e-73,1.14204e-02,9.95582e-01,3.92530e-06
3.122320173e+00,4.51554e-67,9.99999e-01,7.61163e-51,2.06751e-02,9.95669e-01,1.07531e-15
3.137931774e+00,1.70334e-58,9.99999e-01,6.96483e-50,2.46339e-02,9.95754e-01,5.14251e-08
3.153621433e+00,4.71464e-54,9.99999e-01,1.36416e-51,8.38571e-02,9.95838e-01,1.49401e-02
3.169389540e+00,4.86147e-77,9.99999e-01,4.65139e-69,1.07395e-01,9.95920e-01,4.51160e-08
3.185236488e+00,1.86602e-68,9.99999e-01,1.42772e-55,6.80696e-02,9.96000e-01,7.97672e-13
3.201162670e+00,2.53905e-67,9.99999e-01,2.06477e-44,4.52633e-03,9.96079e-01,5.37569e-22
3.217168483e+00,1.08256e-74,9.99999e-01,1.59986e-42,1.95824e-02,9.96156e-01,1.86545e-31
3.233254326e+00,1.64662e-83,9.99999e-01,3.61609e-36,6.92689e-02,9.96232e-01,3.04989e-47
3.249420598e+00,8.68017e-98,9.99999e-01,6.17747e-21,1.61436e-01,9.96306e-01,4.77512e-77
3.265667701e+00,1.34758e-141,9.99999e-01,5.71380e-18,6.76231e-02,9.96379e-01,1.59652e-123
3.281996039e+00,1.54378e-207,9.99999e-01,1.09496e-13,1.16715e-01,9.96451e-01,7.75568e-194
3.298406019e+00,8.37513e-292,9.99999e-01,1.33558e-11,2.85387e-02,9.96521e-01,1.01973e-279
3.314898049e+00,0.00000e+00,9.99999e-01,3.09513e-11,2.38469e-02,9.96589e-01,0.00000e+00
3.331472540e+00,0.00000e+00,9.99999e-01,8.31357e-11,5.43390e-02,9.96656e-01,0.00000e+00
3.348129902e+00,1.77356e-243,9.99999e-01,1.15422e-08,4.49268e-02,9.96722e-01,1.99353e-234
3.364870552e+00,3.43870e-168,9.99999e-01,3.11947e-08,8.07106e-02,9.96787e-01,1.07228e-159
3.381694905e+00,9.03261e-106,9.99999e-01,2.75177e-07,1.06021e-01,9.96850e-01,1.49409e-98
3.398603379e+00,9.52282e-65,9.99999e-01,1.35831e-05,1.97647e-01,9.96912e-01,2.92755e-59
3.415596396e+00,1.04501e-39,9.99999e-01,2.93557e-05,2.97732e-01,9.96973e-01,1.06483e-34
3.432674378e+00,5.28446e-27,9.99999e-01,3.72536e-06,3.23704e-01,9.97033e-01,3.52878e-21
3.449837750e+00,7.97784e-18,9.99999e-01,2.31290e-08,4.61575e-01,9.97091e-01,5.93601e-10
3.467086939e+00,3.57955e-16,9.99999e-01,2.51662e-14,5.85438e-01,9.97149e-01,2.13511e-02
3.484422373e+00,1.28637e-19,9.99999e-01,3.17820e-19,6.06332e-01,9.97205e-01,5.53707e-01
3.501844485e+00,3.67634e-28,9.99999e-01,2.23768e-27,7.49449e-01,9.97260e-01,2.03381e-01
3.519353708e+00,4.81265e-33,9.99999e-01,5.62799e-33,7.84972e-01,9.97314e-01,9.98311e-01
3.536950476e+00,1.02816e-40,9.99999e-01,1.22836e-40,8.05303e-01,9.97367e-01,9.96922e-01
3.554635228e+00,4.27009e-40,9.99999e-01,4.77859e-40,8.73940e-01,9.97419e-01,9.93341e-01
3.572408405e+00,5.89854e-33,9.99999e-01,6.52637e-33,8.78389e-01,9.97470e-01,9.88976e-01
3.590270447e+00,4.55358e-31,9.99999e-01,4.87634e-31,9.13922e-01,9.97520e-01,9.93169e-01
3.608221799e+00,3.41229e-22,9.99999e-01,3.61338e-22,9.32437e-01,9.97569e-01,9.95731e-01
3.626262908e+00,7.47762e-13,9.99999e-01,7.76497e-13,9.41918e-01,9.97617e-01,9.97826e-01
3.644394222e+00,3.59366e-10,9.99999e-01,3.72161e-10,9.65007e-01,9.97664e-01,9.97655e-01
3.662616193e+00,1.84085e-05,9.99999e-01,1.92004e-05,9.43187e-01,9.97710e-01,9.96045e-01
3.680929274e+00,5.33464e-03,9.99999e-01,5.80366e-03,9.08052e-01,9.97755e-01,9.89990e-01
3.699333921e+00,8.24246e-02,9.99999e-01,8.78090e-02,9.55883e-01,9.97799e-01,9.80986e-01
3.717830590e+00,4.60314e-02,9.99999e-01,4.92331e-02,9.65587e-01,9.97843e-01,9.65267e-01
3.736419743e+00,7.48959e-04,9.99999e-01,8.16790e-04,9.59734e-01,9.97885e-01,9.48000e-01
3.755101842e+00,3.57810e-11,9.99998e-01,3.88578e-11,9.56949e-01,9.97927e-01,9.51036e-01
3.773877351e+00,4.96449e-25,9.99997e-01,5.29684e-25,9.64396e-01,9.97968e-01,9.65541e-01
3.792746738e+00,1.30780e-62,9.99996e-01,1.38161e-62,9.56988e-01,9.98008e-01,9.76344e-01
3.811710472e+00,5.83885e-41,9.99993e-01,6.16062e-41,9.47581e-01,9.98047e-01,9.77653e-01
3.830769024e+00,1.02998e-40,9.99990e-01,1.09617e-40,9.43565e-01,9.98086e-01,9.75550e-01
3.849922869e+00,3.89976e-56,9.99983e-01,4.21180e-56,9.19490e-01,9.98123e-01,9.70804e-01
3.869172484e+00,5.06109e-35,9.99976e-01,5.54755e-35,9.04832e-01,9.98160e-01,9.60353e-01
3.888518346e+00,2.73990e-15,9.99959e-01,3.02578e-15,9.46372e-01,9.98197e-01,9.45718e-01
3.907960938e+00,7.19162e-12,9.99950e-01,8.15541e-12,9.40500e-01,9.98232e-01,9.27009e-01
3.927500742e+00,3.88604e-12,9.99914e-01,4.74751e-12,6.84122e-01,9.98267e-01,9.07723e-01
3.947138246e+00,9.61351e-18,9.99881e-01,1.28769e-17,7.86117e-01,9.98301e-01,8.93831e-01
3.966873937e+00,9.93430e-27,9.99864e-01,1.28391e-26,5.45710e-01,9.98335e-01,8.73752e-01
3.986708307e+00,2.83905e-41,9.99778e-01,3.57809e-41,8.97590e-01,9.98368e-01,8.42931e-01
4.006641849e+00,7.95602e-75,9.99711e-01,1.01397e-74,9.62180e-01,9.98400e-01,8.04778e-01
4.026675058e+00,0.00000e+00,9.99765e-01,0.00000e+00,9.56462e-01,9.98431e-01,7.62680e-01
4.046808433e+00,0.00000e+00,9.99750e-01,0.00000e+00,9.47987e-01,9.98462e-01,7.19645e-01
4.067042475e+00,0.00000e+00,9.99641e-01,0.00000e+00,9.40121e-01,9.98493e-01,6.78777e-01
4.087377688e+00,0.00000e+00,9.99582e-01,0.00000e+00,9.36095e-01,9.98522e-01,6.42458e-01
4.107814576e+00,0.00000e+00,9.99512e-01,0.00000e+00,9.12257e-01,9.98552e-01,6.14206e-01
4.128353649e+00,0.00000e+00,9.99508e-01,0.00000e+00,8.65650e-01,9.98580e-01,5.96163e-01
4.148995417e+00,0.00000e+00,9.99664e-01,0.00000e+00,8.36329e-01,9.98608e-01,5.87714e-01
4.169740394e+00,0.00000e+00,9.99685e-01,0.00000e+00,7.52338e-01,9.98636e-01,5.89140e-01
4.190589096e+00,0.00000e+00,9.99706e-01,0.00000e+00,7.05573e-01,9.98663e-01,5.96662e-01
4.211542042e+00,0.00000e+00,9.99728e-01,0.00000e+00,5.78870e-01,9.98689e-01,5.98943e-01
4.232599752e+00,0.00000e+00,9.99836e-01,0.00000e+00,5.47515e-01,9.98715e-01,5.86800e-01
4.253762751e+00,0.00000e+00,9.99883e-01,0.00000e+00,4.64757e-01,9.98740e-01,5.50175e-01
4.275031564e+00,0.00000e+00,9.99813e-01,0.00000e+00,3.47011e-01,9.98765e-01,4.86964e-01
4.296406722e+00,0.00000e+00,9.98152e-01,0.00000e+00,2.51351e-01,9.98789e-01,4.67250e-01
4.317888756e+00,0.00000e+00,9.99634e-01,0.00000e+00,2.97961e-01,9.98813e-01,5.18455e-01
4.339478200e+00,0.00000e+00,9.99786e-01,0.00000e+00,2.18915e-01,9.98837e-01,5.97876e-01
4.361175591e+00,0.00000e+00,9.99828e-01,0.00000e+00,1.70559e-01,9.98860e-01,6.50906e-01
4.382981469e+00,0.00000e+00,9.99815e-01,0.00000e+00,1.74470e-01,9.98882e-01,6.79160e-01
4.404896376e+00,0.00000e+00,9.99742e-01,0.00000e+00,1.60113e-01,9.98904e-01,6.95541e-01
4.426920858e+00,0.00000e+00,9.99740e-01,0.00000e+00,8.80986e-02,9.98926e-01,7.09697e-01
4.449055462e+00,0.00000e+00,9.99819e-01,0.00000e+00,1.65460e-01,9.98947e-01,7.26033e-01
4.471300739e+00,0.00000e+00,9.99811e-01,0.00000e+00,1.00424e-01,9.98968e-01,7.46103e-01
4.493657243e+00,0.00000e+00,9.99838e-01,0.00000e+00,1.60863e-01,9.98988e-01,7.69918e-01
4.516125529e+00,0.00000e+00,9.99843e-01,0.00000e+00,6.41827e-02,9.99008e-01,7.95739e-01
4.538706157e+00,0.00000e+00,9.99815e-01,0.00000e+00,1.20974e-01,9.99028e-01,8.22960e-01
4.561399688e+00,0.00000e+00,9.99871e-01,0.00000e+00,1.11720e-01,9.99047e-01,8.49858e-01
4.584206686e+00,0.00000e+00,9.99897e-01,0.00000e+00,1.66842e-01,9.99066e-01,8.75002e-01
4.607127720e+00,0.00000e+00,9.99899e-01,0.00000e+00,1.02434e-01,9.99084e-01,8.97814e-01
4.630163358e+00,0.00000e+00,9.99937e-01,0.00000e+00,2.58840e-02,9.99102e-01,9.17824e-01
4.653314175e+00,0.00000e+00,9.99939e-01,0.00000e+00,2.26443e-02,9.99120e-01,9.34324e-01
4.676580746e+00,0.00000e+00,9.99942e-01,0.00000e+00,3.80650e-03,9.99137e-01,9.47685e-01
4.699963650e+00,0.00000e+00,9.99968e-01,0.00000e+00,1.73325e-02,9.99154e-01,9.58421e-01
4.723463468e+00,0.00000e+00,9.99962e-01,0.00000e+00,3.60324e-03,9.99171e-01,9.66738e-01
4.747080785e+00,0.00000e+00,9.99979e-01,0.00000e+00,2.82338e-02,9.99187e-01,9.72893e-01
4.770816189e+00,0.00000e+00,9.99981e-01,0.00000e+00,5.92471e-03,9.99203e-01,9.77487e-01
4.794670270e+00,0.00000e+00,9.99984e-01,0.00000e+00,9.09930e-04,9.99219e-01,9.80860e-01
4.818643622e+00,0.00000e+00,9.99990e-01,0.00000e+00,9.74758e-04,9.99234e-01,9.83236e-01
4.842736840e+00,0.00000e+00,9.99989e-01,0.00000e+00,8.15787e-05,9.99249e-01,9.84581e-01
4.866950524e+00,0.00000e+00,9.99994e-01,0.00000e+00,2.80807e-03,9.99264e-01,9.84996e-01
4.891285276e+00,0.00000e+00,9.99994e-01,0.00000e+00,1.23053e-04,9.99279e-01,9.84534e-01
4.915741703e+00,0.00000e+00,9.99996e-01,0.00000e+00,5.43297e-04,9.99293e-01,9.83760e-01
4.940320411e+00,0.00000e+00,9.99997e-01,0.00000e+00,6.75760e-05,9.99307e-01,9.81936e-01
4.965022013e+00,0.00000e+00,9.99997e-01,0.00000e+00,4.74436e-06,9.99321e-01,9.79627e-01
4.989847123e+00,0.00000e+00,9.99998e-01,0.00000e+00,4.36552e-05,9.99334e-01,9.77313e-01
5.014796359e+00,0.00000e+00,9.99998e-01,0.00000e+00,9.02254e-07,9.99347e-01,9.73931e-01
5.039870341e+00,0.00000e+00,9.99999e-01,0.00000e+00,2.66051e-06,9.99360e-01,9.69874e-01
5.065069693e+00,0.00000e+00,9.99999e-01,0.00000e+00,4.50149e-06,9.99373e-01,9.63488e-01
5.090395041e+00,0.00000e+00,9.99999e-01,0.00000e+00,1.66077e-08,9.99385e-01,9.56783e-01
5.115847016e+00,0.00000e+00,9.99999e-01,0.00000e+00,5.71035e-09,9.99397e-01,9.48018e-01
5.141426251e+00,0.00000e+00,9.99999e-01,0.00000e+00,1.77419e-11,9.99409e-01,9.36030e-01
5.167133383e+00,0.00000e+00,9.99999e-01,0.00000e+00,8.49350e-13,9.99421e-01,9.24464e-01
5.192969049e+00,0.00000e+00,9.99999e-01,0.00000e+00,1.00994e-12,9.99432e-01,9.11219e-01
5.218933895e+00,0.00000e+00,9.99999e-01,0.00000e+00,1.15935e-19,9.99443e-01,8.93936e-01
5.245028564e+00,0.00000e+00,9.99999e-01,0.00000e+00,6.17899e-15,9.99454e-01,8.71822e-01
5.271253707e+00,0.00000e+00,9.99999e-01,0.00000e+00,6.48754e-16,9.99465e-01,8.42733e-01
5.297609976e+00,0.00000e+00,9.99999e-01,0.00000e+00,1.09020e-18,9.99476e-01,8.08996e-01
5.324098025e+00,0.00000e+00,9.99999e-01,0.00000e+00,3.78177e-19,9.99486e-01,7.70086e-01
5.350718516e+00,0.00000e+00,9.99999e-01,0.00000e+00,3.23525e-23,9.99496e-01,7.18967e-01
5.377472108e+00,0.00000e+00,9.99999e-01,0.00000e+00,5.89057e-24,9.99506e-01,6.72853e-01
5.404359469e+00,0.00000e+00,9.99999e-01,0.00000e+00,6.71564e-24,9.99516e-01,6.22949e-01
5.431381266e+00,0.00000e+00,9.99999e-01,0.00000e+00,1.60572e-43,9.99525e-01,5.80179e-01
5.458538172e+00,0.00000e+00,9.99999e-01,0.00000e+00,1.28641e-43,9.99535e-01,5.28278e-01
5.485830863e+00,2.32243e-318,9.99999e-01,2.19991e-273,2.02116e-46,9.99544e-01,4.65653e-01
5.513260018e+00,7.53064e-249,9.99999e-01,2.77014e-201,5.11311e-49,9.99553e-01,4.06915e-01
5.540826318e+00,1.77317e-183,9.99999e-01,1.10439e-133,1.47712e-51,9.99562e-01,3.46147e-01
5.568530449e+00,1.00311e-179,9.99999e-01,3.58260e-101,3.10009e-80,9.99570e-01,2.80632e-01
5.596373101e+00,6.54295e-150,9.99999e-01,7.26264e-75,1.19163e-76,9.99579e-01,2.27842e-01
5.624354967e+00,4.18745e-134,9.99999e-01,4.04263e-66,3.77929e-69,9.99587e-01,1.81027e-01
5.652476742e+00,2.64202e-130,9.99999e-01,3.45769e-56,1.70837e-75,9.99595e-01,1.39455e-01
5.680739126e+00,1.80128e-136,9.99999e-01,1.46796e-50,5.90281e-87,9.99603e-01,1.03457e-01
5.709142821e+00,3.26491e-142,9.99999e-01,8.38831e-48,1.01755e-94,9.99611e-01,7.46410e-02
5.737688535e+00,8.73838e-141,9.99999e-01,3.40931e-49,9.40806e-92,9.99619e-01,4.94388e-02
5.766376978e+00,9.56277e-113,9.99999e-01,1.77193e-43,5.34223e-70,9.99626e-01,3.04129e-02
5.795208863e+00,1.90002e-95,9.99999e-01,8.68774e-32,8.61938e-64,9.99633e-01,1.71653e-02
5.824184907e+00,3.73429e-101,9.99999e-01,4.99328e-23,1.16730e-77,9.99641e-01,9.22955e-03
5.853305832e+00,2.69929e-100,9.99999e-01,2.05210e-23,2.68182e-76,9.99648e-01,4.97755e-03
5.882572361e+00,1.78030e-121,9.99999e-01,2.30270e-27,8.85027e-94,9.99655e-01,2.76198e-03
5.911985223e+00,1.07306e-114,9.99999e-01,9.45497e-24,5.85088e-90,9.99661e-01,1.50239e-03
5.941545149e+00,1.91715e-106,9.99999e-01,7.47625e-13,1.01285e-92,9.99668e-01,7.85980e-04
5.971252874e+00,8.72318e-90,9.99999e-01,4.08659e-08,4.66297e-80,9.99675e-01,4.23686e-04
6.001109139e+00,2.89571e-63,9.99999e-01,1.92298e-06,4.14177e-54,9.99681e-01,2.30774e-04
6.031114685e+00,3.61798e-69,9.99999e-01,3.52856e-07,1.34923e-59,9.99687e-01,1.26632e-04
6.061270258e+00,6.49698e-71,9.99999e-01,1.60636e-09,2.73313e-59,9.99693e-01,6.42828e-05
6.091576609e+00,2.82187e-66,9.99999e-01,3.76680e-13,3.28337e-50,9.99700e-01,2.45933e-05
6.122034492e+00,4.32028e-52,9.99999e-01,5.76217e-17,4.39382e-32,9.99705e-01,6.86325e-06
6.152644665e+00,2.12830e-59,9.99999e-01,8.54996e-23,1.07090e-32,9.99711e-01,1.36165e-06
6.183407888e+00,3.89577e-53,9.99999e-01,2.51599e-26,4.33042e-22,9.99717e-01,1.42447e-07
6.214324928e+00,1.15555e-49,9.99999e-01,7.01958e-28,4.47799e-15,9.99722e-01,6.09685e-09
6.245396552e+00,1.07414e-40,9.99999e-01,1.49520e-21,1.66799e-10,9.99728e-01,8.03786e-11
6.276623535e+00,7.38542e-42,9.99999e-01,2.03339e-19,5.51754e-11,9.99733e-01,2.49670e-13
6.308006653e+00,1.75731e-45,9.99999e-01,1.65645e-20,7.96563e-11,9.99739e-01,1.36918e-16
6.339546686e+00,6.73373e-68,9.99999e-01,2.41396e-27,1.07201e-22,9.99744e-01,9.47286e-21
6.371244419e+00,1.09782e-101,9.99999e-01,5.25627e-31,4.98448e-48,9.99749e-01,1.29822e-25
6.403100641e+00,5.85086e-119,9.99999e-01,1.00091e-22,1.61122e-67,9.99754e-01,1.41160e-31
6.435116145e+00,5.33867e-195,9.99999e-01,6.57303e-11,8.35885e-148,9.99759e-01,2.94597e-39
6.467291725e+00,2.14239e-204,9.99999e-01,5.88030e-06,1.16981e-148,9.99763e-01,2.34670e-52
6.499628184e+00,4.01944e-236,9.99999e-01,4.01494e-03,1.06179e-169,9.99768e-01,1.44982e-65
6.532126325e+00,1.65415e-230,9.99999e-01,4.00866e-02,8.78566e-150,9.99772e-01,2.48708e-80
6.564786956e+00,4.18980e-282,9.99999e-01,1.04128e-01,4.55749e-180,9.99777e-01,6.14870e-102
6.597610891e+00,0.00000e+00,9.99999e-01,1.56116e-01,9.32450e-243,9.99781e-01,9.92416e-124
6.630598946e+00,3.52872e-314,9.99999e-01,1.98203e-01,1.26841e-159,9.99786e-01,1.28420e-154
6.663751940e+00,0.00000e+00,9.99999e-01,1.98479e-01,1.17789e-148,9.99790e-01,2.66212e-187
6.697070700e+00,0.00000e+00,9.99999e-01,1.27850e-01,1.25965e-117,9.99794e-01,2.03798e-229
6.730556054e+00,0.00000e+00,9.99999e-01,5.58383e-02,1.17390e-80,9.99798e-01,1.48889e-273
6.764208834e+00,0.00000e+00,9.99999e-01,1.24158e-02,1.02261e-80,9.99802e-01,0.00000e+00
6.798029878e+00,0.00000e+00,9.99999e-01,1.34408e-03,7.15753e-99,9.99806e-01,0.00000e+00
6.832020027e+00,0.00000e+00,9.99999e-01,4.12641e-05,6.51335e-99,9.99810e-01,0.00000e+00
6.866180128e+00,0.00000e+00,9.99999e-01,1.81787e-07,1.21345e-113,9.99813e-01,0.00000e+00
6.900511028e+00,0.00000e+00,9.99999e-01,1.45264e-10,3.12288e-65,9.99817e-01,0.00000e+00
6.935013583e+00,0.00000e+00,9.99999e-01,5.42322e-17,4.50226e-65,9.99821e-01,0.00000e+00
6.969688651e+00,0.00000e+00,9.99999e-01,6.00323e-24,8.00078e-82,9.99824e-01,0.00000e+00
7.004537095e+00,0.00000e+00,9.99999e-01,1.99575e-37,1.34668e-80,9.99828e-01,0.00000e+00
7.039559780e+00,0.00000e+00,9.99999e-01,3.78668e-48,1.52660e-87,9.99831e-01,0.00000e+00
7.074757579e+00,0.00000e+00,9.99999e-01,5.72315e-66,7.50417e-69,9.99834e-01,0.00000e+00
7.110131367e+00,0.00000e+00,9.99999e-01,9.18722e-77,3.12055e-68,9.99838e-01,0.00000e+00
7.145682024e+00,0.00000e+00,9.99999e-01,1.53112e-91,1.75717e-76,9.99841e-01,0.00000e+00
7.181410434e+00,0.00000e+00,9.99999e-01,6.88373e-100,5.24349e-97,9.99844e-01,0.00000e+00
7.217317486e+00,0.00000e+00,9.99999e-01,7.93943e-105,8.54716e-72,9.99847e-01,0.00000e+00
7.253404073e+00,0.00000e+00,9.99999e-01,1.74137e-103,6.18541e-72,9.99850e-01,0.00000e+00
7.289671094e+00,0.00000e+00,9.99999e-01,3.40274e-82,4.47012e-63,9.99853e-01,0.00000e+00
7.326119449e+00,0.00000e+00,9.99999e-01,1.76688e-77,6.84132e-63,9.99856e-01,0.00000e+00
7.362750046e+00,0.00000e+00,9.99999e-01,2.50956e-84,4.50071e-46,9.99859e-01,0.00000e+00
7.399563797e+00,0.00000e+00,9.99999e-01,9.90200e-84,1.28045e-37,9.99861e-01,0.00000e+00
7.436561616e+00,0.00000e+00,9.99999e-01,7.51364e-70,3.99818e-41,9.99864e-01,0.00000e+00
7.473744424e+00,0.00000e+00,9.99999e-01,3.28977e-46,8.37639e-39,9.99867e-01,0.00000e+00
7.511113146e+00,0.00000e+00,9.99999e-01,1.18985e-32,2.00607e-33,9.99869e-01,0.00000e+00
7.548668712e+00,0.00000e+00,9.99999e-01,3.35478e-20,3.33913e-35,9.99872e-01,0.00000e+00
7.586412055e+00,0.00000e+00,9.99999e-01,8.46204e-17,8.09702e-63,9.99874e-01,0.00000e+00
7.624344115e+00,0.00000e+00,9.99999e-01,2.55919e-16,2.64557e-31,9.99877e-01,0.00000e+00
7.662465836e+00,0.00000e+00,9.99999e-01,7.36639e-19,1.93294e-19,9.99879e-01,0.00000e+00
7.700778165e+00,0.00000e+00,9.99999e-01,3.19103e-25,1.03346e-19,9.99882e-01,0.00000e+00
7.739282056e+00,0.00000e+00,9.99999e-01,3.31630e-41,9.00676e-32,9.99884e-01,0.00000e+00
7.777978466e+00,0.00000e+00,9.99999e-01,6.21506e-55,6.65059e-22,9.99886e-01,0.00000e+00
7.816868359e+00,0.00000e+00,9.99999e-01,6.44896e-74,4.48677e-18,9.99889e-01,0.00000e+00
7.855952700e+00,0.00000e+00,9.99999e-01,1.25779e-75,1.51537e-18,9.99891e-01,0.00000e+00
7.895232464e+00,0.00000e+00,9.99999e-01,1.09061e-63,1.58014e-18,9.99893e-01,0.00000e+00
7.934708626e+00,0.00000e+00,9.99999e-01,1.43035e-58,1.02864e-11,9.99895e-01,0.00000e+00
7.974382169e+00,0.00000e+00,9.99999e-01,1.59220e-64,1.29808e-08,9.99897e-01,0.00000e+00
8.014254080e+00,0.00000e+00,9.99999e-01,8.51099e-78,2.64403e-09,9.99899e-01,0.00000e+00
8.054325351e+00,0.00000e+00,9.99999e-01,1.68691e-79,6.32502e-09,9.99901e-01,0.00000e+00
8.094596977e+00,0.00000e+00,9.99999e-01,3.38932e-76,5.84990e-07,9.99903e-01,0.00000e+00
8.135069962e+00,0.00000e+00,9.99999e-01,5.15114e-69,6.96737e-07,9.99905e-01,0.00000e+00
8.175745312e+00,0.00000e+00,9.99999e-01,2.72203e-57,9.78433e-08,9.99907e-01,0.00000e+00
8.216624039e+00,9.27246e-315,9.99999e-01,1.38240e-49,8.45665e-06,9.99909e-01,3.06975e-261
8.257707159e+00,3.60773e-245,9.99999e-01,1.93523e-39,1.09678e-04,9.99910e-01,8.39649e-204
8.298995695e+00,1.34381e-193,9.99999e-01,1.18928e-35,1.35411e-03,9.99912e-01,4.82401e-156
8.340490673e+00,2.40686e-153,9.99999e-01,6.01460e-33,2.69223e-04,9.99914e-01,4.49506e-118
8.382193126e+00,2.06524e-121,9.99999e-01,1.06562e-30,3.38100e-03,9.99915e-01,3.14603e-89
8.424104092e+00,3.51849e-94,9.99999e-01,5.78423e-25,8.22752e-04,9.99917e-01,9.28015e-68
8.466224613e+00,6.49642e-73,9.99999e-01,1.23420e-19,2.51595e-03,9.99919e-01,1.26001e-51
8.508555736e+00,4.97877e-50,9.99999e-01,7.17470e-12,9.41760e-04,9.99920e-01,3.80813e-37
8.551098514e+00,5.27301e-37,9.99999e-01,1.28634e-08,2.48084e-02,9.99922e-01,9.10881e-28
8.593854007e+00,2.56808e-30,9.99999e-01,3.50725e-08,9.50611e-02,9.99923e-01,6.13073e-22
8.636823277e+00,1.48513e-26,9.99999e-01,1.57532e-09,1.20605e-01,9.99925e-01,6.71340e-17
8.680007393e+00,2.48450e-24,9.99999e-01,8.04707e-11,3.30997e-02,9.99926e-01,5.29015e-13
8.723407430e+00,3.66217e-22,9.99999e-01,1.53168e-11,6.59618e-02,9.99928e-01,3.22309e-10
8.767024467e+00,5.88894e-22,9.99999e-01,1.96106e-13,4.05957e-02,9.99929e-01,4.59184e-08
8.810859590e+00,7.85220e-49,9.99999e-01,1.34179e-42,4.91645e-02,9.99931e-01,2.99357e-06
8.854913888e+00,5.19750e-150,9.99999e-01,2.98639e-145,2.58909e-01,9.99932e-01,5.65714e-05
8.899188457e+00,0.00000e+00,9.99999e-01,0.00000e+00,2.13063e-01,9.99933e-01,5.37286e-04
8.943684399e+00,0.00000e+00,9.99999e-01,0.00000e+00,1.33490e-01,9.99935e-01,3.51955e-03
8.988402821e+00,0.00000e+00,9.99999e-01,0.00000e+00,1.16471e-01,9.99936e-01,1.31079e-02
9.033344836e+00,0.00000e+00,9.99999e-01,0.00000e+00,7.30435e-02,9.99937e-01,3.57092e-02
9.078511560e+00,0.00000e+00,9.99999e-01,0.00000e+00,1.38338e-01,9.99938e-01,7.76082e-02
9.123904118e+00,0.00000e+00,9.99999e-01,0.00000e+00,2.48703e-01,9.99939e-01,1.40264e-01
9.169523638e+00,0.00000e+00,9.99999e-01,0.00000e+00,1.78136e-01,9.99941e-01,2.21740e-01
9.215371256e+00,0.00000e+00,9.99999e-01,0.00000e+00,3.96333e-01,9.99942e-01,3.05942e-01
9.261448113e+00,0.00000e+00,9.99999e-01,0.00000e+00,3.71045e-01,9.99943e-01,4.02467e-01
9.307755353e+00,0.00000e+00,9.99999e-01,0.00000e+00,2.33751e-01,9.99944e-01,4.97627e-01
9.354294130e+00,0.00000e+00,9.99999e-01,0.00000e+00,1.76174e-01,9.99945e-01,5.84886e-01
9.401065601e+00,0.00000e+00,9.99999e-01,0.00000e+00,6.59654e-02,9.99946e-01,6.62767e-01
9.448070929e+00,0.00000e+00,9.99999e-01,0.00000e+00,1.21656e-01,9.99947e-01,7.23593e-01
9.495311283e+00,0.00000e+00,9.99999e-01,0.00000e+00,3.29023e-01,9.99948e-01,7.75329e-01
9.542787840e+00,0.00000e+00,9.99999e-01,0.00000e+00,4.52871e-01,9.99949e-01,8.22352e-01
9.590501779e+00,0.00000e+00,9.99999e-01,0.00000e+00,2.90695e-01,9.99950e-01,8.60661e-01
9.638454288e+00,0.00000e+00,9.99999e-01,0.00000e+00,2.80680e-01,9.99951e-01,8.88632e-01
9.686646559e+00,0.00000e+00,9.99999e-01,0.00000e+00,3.08852e-01,9.99952e-01,9.11265e-01
9.735079792e+00,0.00000e+00,9.99999e-01,0.00000e+00,4.13049e-01,9.99953e-01,9.29451e-01
9.783755191e+00,0.00000e+00,9.99999e-01,0.00000e+00,3.38872e-01,9.99954e-01,9.43998e-01
9.832673967e+00,0.00000e+00,9.99999e-01,0.00000e+00,9.46854e-02,9.99955e-01,9.55595e-01
9.881837337e+00,0.00000e+00,9.99999e-01,0.00000e+00,2.27653e-02,9.99956e-01,9.64801e-01
9.931246523e+00,0.00000e+00,9.99999e-01,0.00000e+00,1.98155e-01,9.99957e-01,9.72105e-01
9.980902756e+00,0.00000e+00,9.99999e-01,0.00000e+00,3.49313e-01,9.99957e-01,9.99481e-01
1.003080727e+01,0.00000e+00,9.99999e-01,0.00000e+00,3.50692e-01,9.99958e-01,9.99457e-01
1.008096131e+01,0.00000e+00,9.99999e-01,0.00000e+00,4.02169e-01,9.99959e-01,9.99431e-01
1.013136611e+01,0.00000e+00,9.99999e-01,0.00000e+00,4.96440e-01,9.99960e-01,9.99404e-01
1.018202294e+01,0.00000e+00,9.99999e-01,0.00000e+00,5.36928e-01,9.99961e-01,9.99375e-01
1.023293306e+01,0.00000e+00,9.99999e-01,0.00000e+00,3.38146e-01,9.99961e-01,9.99344e-01
1.028409772e+01,0.00000e+00,9.99999e-01,0.00000e+00,1.43876e-01,9.99962e-01,9.99311e-01
1.033551821e+01,0.00000e+00,9.99999e-01,0.00000e+00,1.19083e-01,9.99963e-01,9.99277e-01
1.038719580e+01,0.00000e+00,9.99999e-01,0.00000e+00,3.67719e-02,9.99964e-01,9.99240e-01
1.043913178e+01,0.00000e+00,9.99999e-01,0.00000e+00,3.98134e-02,9.99964e-01,9.99201e-01
1.049132744e+01,0.00000e+00,9.99999e-01,0.00000e+00,1.43982e-01,9.99965e-01,9.99159e-01
1.054378408e+01,0.00000e+00,9.99999e-01,0.00000e+00,2.30486e-01,9.99966e-01,9.99115e-01
1.059650300e+01,0.00000e+00,9.99999e-01,0.00000e+00,2.12173e-01,9.99966e-01,9.99069e-01
1.064948551e+01,0.00000e+00,9.99999e-01,0.00000e+00,1.81245e-01,9.99967e-01,9.99021e-01
1.070273294e+01,0.00000e+00,9.99999e-01,0.00000e+00,8.99296e-02,9.99968e-01,9.98969e-01
1.075624661e+01,0.00000e+00,9.99999e-01,0.00000e+00,1.01184e-01,9.99968e-01,9.98916e-01
1.081002784e+01,0.00000e+00,9.99999e-01,0.00000e+00,1.08717e-01,9.99969e-01,9.98860e-01
1.086407798e+01,0.00000e+00,9.99999e-01,0.00000e+00,2.50661e-02,9.99969e-01,9.98803e-01
1.091839837e+01,0.00000e+00,9.99999e-01,0.00000e+00,5.44053e-03,9.99970e-01,9.98739e-01
1.097299036e+01,0.00000e+00,9.99999e-01,0.00000e+00,2.85787e-04,9.99971e-01,9.98673e-01
1.102785531e+01,0.00000e+00,9.99999e-01,0.00000e+00,1.20067e-04,9.99971e-01,9.98603e-01
1.108299459e+01,0.00000e+00,9.99999e-01,0.00000e+00,1.23085e-02,9.99972e-01,9.98531e-01
1.113840956e+01,0.00000e+00,9.99999e-01,0.00000e+00,8.34282e-02,9.99972e-01,9.98455e-01
1.119410161e+01,0.00000e+00,9.99999e-01,0.00000e+00,1.43705e-01,9.99973e-01,9.98376e-01
1.125007212e+01,0.00000e+00,9.99999e-01,0.00000e+00,7.04192e-02,9.99973e-01,9.98293e-01
1.130632248e+01,0.00000e+00,9.99999e-01,0.00000e+00,5.28691e-02,9.99974e-01,9.98201e-01
1.136285409e+01,0.00000e+00,9.99999e-01,0.00000e+00,1.07965e-01,9.99974e-01,9.98109e-01
1.141966836e+01,0.00000e+00,9.99999e-01,0.00000e+00,1.32151e-01,9.99975e-01,9.98012e-01
1.147676670e+01,0.00000e+00,9.99999e-01,0.00000e+00,8.46404e-02,9.99975e-01,9.97914e-01
1.153415054e+01,0.00000e+00,9.99999e-01,0.00000e+00,1.58590e-02,9.99976e-01,9.97809e-01
1.159182129e+01,0.00000e+00,9.99999e-01,0.00000e+00,4.27509e-03,9.99976e-01,9.97701e-01
1.164978039e+01,0.00000e+00,9.99999e-01,0.00000e+00,2.01521e-04,9.99977e-01,9.97586e-01
1.170802930e+01,0.00000e+00,9.99999e-01,0.00000e+00,2.23119e-05,9.99977e-01,9.97464e-01
1.176656944e+01,0.00000e+00,9.99999e-01,0.00000e+00,1.26955e-03,9.99977e-01,9.97340e-01
1.182540229e+01,0.00000e+00,9.99999e-01,0.00000e+00,1.29169e-02,9.99978e-01,9.97200e-01
1.188452930e+01,0.00000e+00,9.99999e-01,0.00000e+00,1.36436e-02,9.99978e-01,9.97059e-01
1.194395195e+01,0.00000e+00,9.99999e-01,0.00000e+00,2.42967e-02,9.99979e-01,9.96900e-01
1.200367171e+01,0.00000e+00,9.99999e-01,0.00000e+00,5.27131e-02,9.99979e-01,9.96735e-01
1.206369007e+01,0.00000e+00,9.99999e-01,0.00000e+00,1.75702e-02,9.99980e-01,9.96563e-01
1.212400852e+01,0.00000e+00,9.99999e-01,0.00000e+00,4.85798e-02,9.99980e-01,9.96377e-01
1.218462856e+01,0.00000e+00,9.99999e-01,0.00000e+00,4.71951e-02,9.99980e-01,9.96191e-01
1.224555170e+01,0.00000e+00,9.99999e-01,0.00000e+00,2.98093e-03,9.99981e-01,9.96003e-01
1.230677946e+01,0.00000e+00,9.99999e-01,0.00000e+00,4.99714e-04,9.99981e-01,9.95814e-01
1.236831336e+01,0.00000e+00,9.99999e-01,0.00000e+00,1.95183e-05,9.99981e-01,9.95616e-01
1.243015492e+01,0.00000e+00,9.99999e-01,0.00000e+00,9.71196e-08,9.99982e-01,9.95408e-01
1.249230570e+01,0.00000e+00,9.99999e-01,0.00000e+00,2.20098e-07,9.99982e-01,9.95198e-01
1.255476723e+01,0.00000e+00,9.99999e-01,0.00000e+00,1.69272e-06,9.99982e-01,9.94973e-01
1.261754106e+01,0.00000e+00,9.99999e-01,0.00000e+00,8.13911e-04,9.99983e-01,9.94746e-01
1.268062877e+01,0.00000e+00,9.99999e-01,0.00000e+00,5.55859e-03,9.99983e-01,9.94503e-01
1.274403191e+01,0.00000e+00,9.99999e-01,0.00000e+00,3.03008e-03,9.99983e-01,9.94239e-01
1.280775207e+01,0.00000e+00,9.99999e-01,0.00000e+00,1.03652e-02,9.99984e-01,9.93974e-01
1.287179083e+01,0.00000e+00,9.99999e-01,0.00000e+00,2.34328e-03,9.99984e-01,9.93684e-01
1.293614979e+01,0.00000e+00,9.99999e-01,0.00000e+00,4.63828e-03,9.99984e-01,9.93390e-01
1.300083054e+01,0.00000e+00,9.99999e-01,0.00000e+00,1.98865e-04,9.99985e-01,9.93090e-01
1.306583469e+01,0.00000e+00,9.99999e-01,0.00000e+00,1.39078e-04,9.99985e-01,9.92779e-01
1.313116386e+01,0.00000e+00,9.99999e-01,0.00000e+00,8.31148e-05,9.99985e-01,9.92466e-01
1.319681968e+01,0.00000e+00,9.99999e-01,0.00000e+00,3.48487e-05,9.99985e-01,9.92127e-01
1.326280378e+01,0.00000e+00,9.99999e-01,0.00000e+00,5.32421e-08,9.99986e-01,9.91775e-01
1.332911780e+01,0.00000e+00,9.99999e-01,0.00000e+00,6.09612e-08,9.99986e-01,9.91420e-01
1.339576339e+01,0.00000e+00,9.99999e-01,0.00000e+00,1.68415e-08,9.99986e-01,9.83916e-01
1.346274221e+01,0.00000e+00,9.99999e-01,0.00000e+00,2.64728e-12,9.99986e-01,9.82769e-01
1.353005592e+01,0.00000e+00,9.99999e-01,0.00000e+00,9.97620e-07,9.99987e-01,9.81517e-01
1.359770620e+01,0.00000e+00,9.99999e-01,0.00000e+00,4.29767e-06,9.99987e-01,9.80236e-01
1.366569473e+01,0.00000e+00,9.99999e-01,0.00000e+00,3.16445e-06,9.99987e-01,9.78883e-01
1.373402320e+01,0.00000e+00,9.99999e-01,0.00000e+00,1.14708e-04,9.99987e-01,9.77446e-01
1.380269332e+01,0.00000e+00,9.99999e-01,0.00000e+00,2.80372e-04,9.99988e-01,9.75917e-01
1.387170678e+01,0.00000e+00,9.99999e-01,0.00000e+00,1.64952e-05,9.99988e-01,9.74140e-01
1.394106532e+01,0.00000e+00,9.99999e-01,0.00000e+00,3.18967e-06,9.99988e-01,9.72418e-01
1.401077064e+01,0.00000e+00,9.99999e-01,0.00000e+00,1.75483e-07,9.99988e-01,9.70586e-01
1.408082450e+01,0.00000e+00,9.99999e-01,0.00000e+00,2.10512e-07,9.99989e-01,9.68645e-01
1.415122862e+01,0.00000e+00,9.99999e-01,0.00000e+00,1.62316e-10,9.99989e-01,9.66542e-01
1.422198476e+01,0.00000e+00,9.99999e-01,0.00000e+00,6.57436e-14,9.99989e-01,9.64316e-01
1.429309469e+01,0.00000e+00,9.99999e-01,0.00000e+00,4.08309e-13,9.99989e-01,9.61917e-01
1.436456016e+01,0.00000e+00,9.99999e-01,0.00000e+00,2.65813e-16,9.99989e-01,9.59292e-01
1.443638296e+01,0.00000e+00,9.99999e-01,0.00000e+00,1.60302e-18,9.99990e-01,9.56492e-01
1.450856487e+01,0.00000e+00,9.99999e-01,0.00000e+00,3.57021e-13,9.99990e-01,9.53497e-01
1.458110770e+01,0.00000e+00,9.99999e-01,0.00000e+00,1.83330e-09,9.99990e-01,9.50260e-01
1.465401324e+01,0.00000e+00,9.99999e-01,0.00000e+00,2.08046e-08,9.99990e-01,9.46820e-01
1.472728330e+01,0.00000e+00,9.99999e-01,0.00000e+00,2.45992e-08,9.99990e-01,9.43551e-01
1.480091972e+01,0.00000e+00,9.99999e-01,0.00000e+00,1.05136e-09,9.99990e-01,9.39593e-01
1.487492432e+01,0.00000e+00,9.99999e-01,0.00000e+00,9.86575e-16,9.99991e-01,9.35380e-01
1.494929894e+01,0.00000e+00,9.99999e-01,0.00000e+00,9.13153e-13,9.99991e-01,9.31377e-01
1.502404544e+01,0.00000e+00,9.99999e-01,0.00000e+00,1.99413e-10,9.99991e-01,9.26478e-01
1.509916566e+01,0.00000e+00,9.99999e-01,0.00000e+00,5.89393e-10,9.99991e-01,9.21266e-01
1.517466149e+01,0.00000e+00,9.99999e-01,0.00000e+00,3.62864e-11,9.99991e-01,9.16353e-01
1.525053480e+01,0.00000e+00,9.99999e-01,0.00000e+00,7.79737e-10,9.99991e-01,9.10362e-01
1.532678747e+01,0.00000e+00,9.99999e-01,0.00000e+00,6.67859e-12,9.99992e-01,9.03997e-01
1.540342141e+01,0.00000e+00,9.99999e-01,0.00000e+00,1.58392e-14,9.99992e-01,8.92403e-01
1.548043852e+01,0.00000e+00,9.99999e-01,0.00000e+00,3.62794e-16,9.99992e-01,8.85671e-01
1.555784071e+01,0.00000e+00,9.99999e-01,0.00000e+00,1.44401e-20,9.99992e-01,8.77808e-01
1.563562991e+01,0.00000e+00,9.99999e-01,0.00000e+00,8.77510e-30,9.99992e-01,8.69440e-01
1.571380806e+01,0.00000e+00,9.99999e-01,0.00000e+00,2.83422e-30,9.99992e-01,8.61591e-01
1.579237710e+01,0.00000e+00,9.99999e-01,0.00000e+00,2.74835e-22,9.99992e-01,8.53304e-01
1.587133899e+01,0.00000e+00,9.99999e-01,0.00000e+00,5.43305e-19,9.99993e-01,8.44561e-01
1.595069568e+01,0.00000e+00,9.99999e-01,0.00000e+00,4.21748e-21,9.99993e-01,8.35086e-01
1.603044916e+01,0.00000e+00,9.99999e-01,0.00000e+00,2.09443e-28,9.99993e-01,8.25119e-01
1.611060141e+01,0.00000e+00,9.99999e-01,0.00000e+00,9.05065e-28,9.99993e-01,8.13082e-01
1.619115441e+01,0.00000e+00,9.99999e-01,0.00000e+00,1.14274e-26,9.99993e-01,8.00292e-01
1.627211019e+01,0.00000e+00,9.99999e-01,0.00000e+00,5.16145e-30,9.99993e-01,7.88460e-01
1.635347074e+01,0.00000e+00,9.99999e-01,0.00000e+00,2.28846e-27,9.99993e-01,7.76040e-01
1.643523809e+01,0.00000e+00,9.99999e-01,0.00000e+00,7.23079e-28,9.99993e-01,7.62963e-01
1.651741428e+01,0.00000e+00,9.99999e-01,0.00000e+00,5.79168e-30,9.99993e-01,7.49217e-01
1.660000135e+01,0.00000e+00,9.99999e-01,0.00000e+00,1.52615e-37,9.99994e-01,7.34879e-01
1.668300136e+01,0.00000e+00,9.99999e-01,0.00000e+00,1.63143e-38,9.99994e-01,7.19826e-01
1.676641637e+01,0.00000e+00,9.99999e-01,0.00000e+00,6.80767e-34,9.99994e-01,7.04142e-01
1.685024845e+01,0.00000e+00,9.99999e-01,0.00000e+00,5.42983e-35,9.99994e-01,6.87750e-01
1.693449969e+01,0.00000e+00,9.99999e-01,0.00000e+00,3.66242e-43,9.99994e-01,6.70661e-01
1.701917219e+01,0.00000e+00,9.99999e-01,0.00000e+00,2.11755e-46,9.99994e-01,6.52777e-01
1.710426805e+01,0.00000e+00,9.99999e-01,0.00000e+00,2.35717e-59,9.99994e-01,6.34173e-01
1.718978939e+01,0.00000e+00,9.99999e-01,0.00000e+00,1.25638e-64,9.99994e-01,6.17899e-01
1.727573834e+01,0.00000e+00,9.99999e-01,0.00000e+00,4.61119e-66,9.99994e-01,6.00999e-01
1.736211703e+01,0.00000e+00,9.99999e-01,0.00000e+00,6.95227e-71,9.99994e-01,5.80319e-01
1.744892761e+01,0.00000e+00,9.99999e-01,0.00000e+00,5.07712e-61,9.99995e-01,5.58939e-01
1.753617225e+01,0.00000e+00,9.99999e-01,0.00000e+00,5.49559e-49,9.99995e-01,5.36964e-01
1.762385311e+01,0.00000e+00,9.99999e-01,0.00000e+00,6.96567e-48,9.99995e-01,5.14389e-01
1.771197238e+01,0.00000e+00,9.99999e-01,0.00000e+00,2.73763e-51,9.99995e-01,4.91261e-01
1.780053224e+01,0.00000e+00,9.99999e-01,0.00000e+00,2.35635e-55,9.99995e-01,4.71414e-01
1.788953490e+01,0.00000e+00,9.99999e-01,0.00000e+00,4.21211e-60,9.99995e-01,4.51118e-01
1.797898258e+01,0.00000e+00,9.99999e-01,0.00000e+00,2.30556e-68,9.99995e-01,4.26568e-01
1.806887749e+01,0.00000e+00,9.99999e-01,0.00000e+00,7.28955e-70,9.99995e-01,4.01780e-01
1.815922188e+01,0.00000e+00,9.99999e-01,0.00000e+00,2.43673e-78,9.99995e-01,3.80786e-01
1.825001799e+01,0.00000e+00,9.99999e-01,0.00000e+00,3.56451e-73,9.99995e-01,3.59714e-01
1.834126808e+01,0.00000e+00,9.99999e-01,0.00000e+00,2.29372e-67,9.99995e-01,3.34766e-01
1.843297442e+01,0.00000e+00,9.99999e-01,0.00000e+00,8.41763e-68,9.99995e-01,3.09971e-01
1.852513929e+01,0.00000e+00,9.99999e-01,0.00000e+00,2.29131e-75,9.99995e-01,2.89343e-01
1.861776499e+01,0.00000e+00,9.99999e-01,0.00000e+00,3.43943e-110,9.99996e-01,2.68904e-01
1.871085381e+01,0.00000e+00,9.99999e-01,0.00000e+00,1.33393e-86,9.99996e-01,2.45107e-01
1.880440808e+01,0.00000e+00,9.99999e-01,0.00000e+00,1.15326e-73,9.99996e-01,2.25633e-01
1.889843012e+01,0.00000e+00,9.99999e-01,0.00000e+00,2.26250e-74,9.99996e-01,2.06633e-01
1.899292227e+01,0.00000e+00,9.99999e-01,0.00000e+00,1.60315e-103,9.99996e-01,1.88328e-01
1.908788688e+01,0.00000e+00,9.99999e-01,0.00000e+00,6.65702e-99,9.99996e-01,1.70637e-01
1.918332632e+01,0.00000e+00,9.99999e-01,0.00000e+00,2.00399e-99,9.99996e-01,1.50570e-01
1.927924295e+01,0.00000e+00,9.99999e-01,0.00000e+00,9.70365e-123,9.99996e-01,1.34639e-01
1.937563916e+01,0.00000e+00,9.99999e-01,0.00000e+00,1.29558e-190,9.99996e-01,1.19505e-01
1.947251736e+01,0.00000e+00,9.99999e-01,0.00000e+00,2.82724e-194,9.99996e-01,1.05385e-01
1.956987994e+01,0.00000e+00,9.99999e-01,0.00000e+00,5.46165e-186,9.99996e-01,9.22023e-02
1.966772934e+01,0.00000e+00,9.99999e-01,0.00000e+00,5.44193e-153,9.99996e-01,7.77521e-02
1.976606799e+01,0.00000e+00,9.99999e-01,0.00000e+00,5.24262e-150,9.99996e-01,6.67883e-02
1.986489833e+01,0.00000e+00,9.99999e-01,0.00000e+00,9.45757e-160,9.99996e-01,5.68254e-02
1.996422282e+01,0.00000e+00,9.99999e-01,0.00000e+00,2.61832e-149,9.99996e-01,4.79345e-02
