#,Wave/freq,Total,N2,O2,H2O,Rayleigh,CIA
4.000000000e-01,1.69616e-01,9.99999e-01,9.99999e-01,9.99799e-01,1.69650e-01,9.99999e-01
4.020000000e-01,1.75685e-01,9.99999e-01,9.99999e-01,9.99875e-01,1.75707e-01,9.99999e-01
4.040100000e-01,1.81837e-01,9.99999e-01,9.99999e-01,9.99946e-01,1.81847e-01,9.99999e-01
4.060300500e-01,1.88071e-01,9.99999e-01,9.99999e-01,9.99987e-01,1.88074e-01,9.99999e-01
4.080602003e-01,1.94384e-01,9.99999e-01,9.99999e-01,9.99995e-01,1.94385e-01,9.99999e-01
4.101005013e-01,2.00776e-01,9.99999e-01,9.99999e-01,9.99999e-01,2.00776e-01,9.99999e-01
4.121510038e-01,2.07244e-01,9.99999e-01,9.99999e-01,9.99992e-01,2.07246e-01,9.99999e-01
4.142117588e-01,2.13778e-01,9.99999e-01,9.99999e-01,9.99944e-01,2.13790e-01,9.99999e-01
4.162828176e-01,2.20350e-01,9.99999e-01,9.99999e-01,9.99751e-01,2.20405e-01,9.99999e-01
4.183642317e-01,2.27055e-01,9.99999e-01,9.99999e-01,9.99852e-01,2.27088e-01,9.99999e-01
4.204560528e-01,2.33815e-01,9.99999e-01,9.99999e-01,9.99909e-01,2.33836e-01,9.99999e-01
4.225583331e-01,2.40637e-01,9.99999e-01,9.99999e-01,9.99965e-01,2.40645e-01,9.99999e-01
4.246711247e-01,2.47505e-01,9.99999e-01,9.99999e-01,9.99972e-01,2.47512e-01,9.99999e-01
4.267944804e-01,2.54423e-01,9.99999e-01,9.99999e-01,9.99959e-01,2.54433e-01,9.99999e-01
4.289284528e-01,2.61398e-01,9.99999e-01,9.99999e-01,9.99968e-01,2.61406e-01,9.99999e-01
4.310730950e-01,2.68423e-01,9.99999e-01,9.99999e-01,9.99986e-01,2.68426e-01,9.99999e-01
4.332284605e-01,2.75490e-01,9.99999e-01,9.99999e-01,9.99996e-01,2.75491e-01,9.99999e-01
4.353946028e-01,2.82596e-01,9.99999e-01,9.99999e-01,9.99998e-01,2.82596e-01,9.99999e-01
4.375715758e-01,2.89732e-01,9.99999e-01,9.99999e-01,9.99975e-01,2.89739e-01,9.99999e-01
4.397594337e-01,2.96852e-01,9.99999e-01,9.99999e-01,9.99783e-01,2.96916e-01,9.99999e-01
4.419582309e-01,3.03789e-01,9.99999e-01,9.99999e-01,9.98899e-01,3.04124e-01,9.99999e-01
4.441680220e-01,3.11090e-01,9.99999e-01,9.99999e-01,9.99135e-01,3.11359e-01,9.99999e-01
4.463888621e-01,3.18332e-01,9.99999e-01,9.99999e-01,9.99101e-01,3.18618e-01,9.99999e-01
4.486208064e-01,3.25716e-01,9.99999e-01,9.99999e-01,9.99441e-01,3.25898e-01,9.99999e-01
4.508639105e-01,3.33109e-01,9.99999e-01,9.99999e-01,9.99738e-01,3.33196e-01,9.99999e-01
4.531182300e-01,3.40473e-01,9.99999e-01,9.99999e-01,9.99896e-01,3.40509e-01,9.99999e-01
4.553838212e-01,3.47808e-01,9.99999e-01,9.99999e-01,9.99929e-01,3.47832e-01,9.99999e-01
4.576607403e-01,3.55152e-01,9.99999e-01,9.99999e-01,9.99967e-01,3.55164e-01,9.99999e-01
4.599490440e-01,3.62492e-01,9.99999e-01,9.99999e-01,9.99976e-01,3.62501e-01,9.99999e-01
4.622487892e-01,3.69838e-01,9.99999e-01,9.99999e-01,9.99995e-01,3.69840e-01,9.99999e-01
4.645600332e-01,3.77172e-01,9.99999e-01,9.99999e-01,9.99983e-01,3.77178e-01,9.99999e-01
4.668828333e-01,3.84411e-01,9.99999e-01,9.99999e-01,9.99736e-01,3.84513e-01,9.99999e-01
4.692172475e-01,3.91620e-01,9.99999e-01,9.99999e-01,9.99436e-01,3.91841e-01,9.99999e-01
4.715633337e-01,3.99013e-01,9.99999e-01,9.99999e-01,9.99631e-01,3.99160e-01,9.99999e-01
4.739211504e-01,4.06324e-01,9.99999e-01,9.99999e-01,9.99647e-01,4.06467e-01,9.99999e-01
4.762907561e-01,4.13684e-01,9.99999e-01,9.99999e-01,9.99816e-01,4.13759e-01,9.99999e-01
4.786722099e-01,4.21003e-01,9.99999e-01,9.99999e-01,9.99924e-01,4.21035e-01,9.99999e-01
4.810655710e-01,4.28281e-01,9.99999e-01,9.99999e-01,9.99977e-01,4.28291e-01,9.99999e-01
4.834708988e-01,4.35431e-01,9.99999e-01,9.99999e-01,9.99785e-01,4.35525e-01,9.99999e-01
4.858882533e-01,4.42558e-01,9.99999e-01,9.99999e-01,9.99600e-01,4.42734e-01,9.99999e-01
4.883176946e-01,4.49767e-01,9.99999e-01,9.99999e-01,9.99666e-01,4.49917e-01,9.99999e-01
4.907592831e-01,4.56934e-01,9.99999e-01,9.99999e-01,9.99697e-01,4.57071e-01,9.99999e-01
4.932130795e-01,4.64095e-01,9.99999e-01,9.99999e-01,9.99785e-01,4.64195e-01,9.99999e-01
4.956791449e-01,4.71232e-01,9.99999e-01,9.99999e-01,9.99886e-01,4.71285e-01,9.99999e-01
4.981575406e-01,4.78070e-01,9.99999e-01,9.99999e-01,9.99434e-01,4.78340e-01,9.99999e-01
5.006483283e-01,4.84645e-01,9.99999e-01,9.99999e-01,9.98538e-01,4.85359e-01,9.99989e-01
5.031515699e-01,4.88657e-01,9.99999e-01,9.99999e-01,9.92599e-01,4.92339e-01,9.99921e-01
5.056673278e-01,4.97277e-01,9.99999e-01,9.99999e-01,9.96080e-01,4.99278e-01,9.99910e-01
5.081956644e-01,5.03644e-01,9.99999e-01,9.99999e-01,9.95056e-01,5.06176e-01,9.99941e-01
5.107366428e-01,5.11310e-01,9.99999e-01,9.99999e-01,9.96658e-01,5.13029e-01,9.99988e-01
5.132903260e-01,5.18843e-01,9.99999e-01,9.99999e-01,9.98088e-01,5.19837e-01,9.99998e-01
5.158567776e-01,5.26173e-01,9.99999e-01,9.99999e-01,9.99191e-01,5.26599e-01,9.99999e-01
5.184360615e-01,5.33139e-01,9.99999e-01,9.99999e-01,9.99676e-01,5.33312e-01,9.99999e-01
5.210282418e-01,5.39910e-01,9.99999e-01,9.99999e-01,9.99878e-01,5.39975e-01,9.99999e-01
5.236333830e-01,5.46322e-01,9.99999e-01,9.99999e-01,9.99515e-01,5.46588e-01,9.99996e-01
5.262515499e-01,5.52979e-01,9.99999e-01,9.99999e-01,9.99696e-01,5.53149e-01,9.99994e-01
5.288828077e-01,5.59499e-01,9.99999e-01,9.99999e-01,9.99721e-01,5.59656e-01,9.99996e-01
5.315272217e-01,5.65971e-01,9.99999e-01,9.99999e-01,9.99754e-01,5.66110e-01,9.99998e-01
5.341848578e-01,5.72416e-01,9.99999e-01,9.99999e-01,9.99839e-01,5.72508e-01,9.99999e-01
5.368557821e-01,5.78523e-01,9.99999e-01,9.99999e-01,9.99436e-01,5.78850e-01,9.99998e-01
5.395400610e-01,5.83938e-01,9.99999e-01,9.99999e-01,9.97971e-01,5.85135e-01,9.99982e-01
5.422377613e-01,5.89777e-01,9.99999e-01,9.99999e-01,9.97367e-01,5.91362e-01,9.99951e-01
5.449489501e-01,5.96041e-01,9.99999e-01,9.99999e-01,9.97556e-01,5.97530e-01,9.99950e-01
5.476736949e-01,6.02315e-01,9.99999e-01,9.99999e-01,9.97830e-01,6.03639e-01,9.99975e-01
5.504120634e-01,6.08724e-01,9.99999e-01,9.99999e-01,9.98425e-01,6.09687e-01,9.99992e-01
5.531641237e-01,6.15187e-01,9.99999e-01,9.99999e-01,9.99207e-01,6.15675e-01,9.99998e-01
5.559299443e-01,6.21365e-01,9.99999e-01,9.99999e-01,9.99617e-01,6.21602e-01,9.99999e-01
5.587095940e-01,6.27317e-01,9.99999e-01,9.99999e-01,9.99760e-01,6.27468e-01,9.99999e-01
5.615031420e-01,6.33102e-01,9.99999e-01,9.99999e-01,9.99732e-01,6.33271e-01,9.99999e-01
5.643106577e-01,6.38817e-01,9.99999e-01,9.99999e-01,9.99698e-01,6.39011e-01,9.99996e-01
5.671322110e-01,6.42317e-01,9.99999e-01,9.99999e-01,9.96353e-01,6.44689e-01,9.99966e-01
5.699678720e-01,6.47695e-01,9.99999e-01,9.99999e-01,9.96087e-01,6.50303e-01,9.99899e-01
5.728177114e-01,6.53135e-01,9.99999e-01,9.99999e-01,9.95936e-01,6.55854e-01,9.99916e-01
5.756818000e-01,6.58840e-01,9.99999e-01,9.99999e-01,9.96267e-01,6.61342e-01,9.99948e-01
5.785602090e-01,6.64585e-01,9.99999e-01,9.99999e-01,9.96744e-01,6.66765e-01,9.99984e-01
5.814530100e-01,6.69924e-01,9.99999e-01,9.99999e-01,9.96732e-01,6.72125e-01,9.99992e-01
5.843602750e-01,6.74776e-01,9.99999e-01,9.99999e-01,9.96117e-01,6.77420e-01,9.99977e-01
5.872820764e-01,6.60090e-01,9.99999e-01,9.99999e-01,9.67178e-01,6.82652e-01,9.99763e-01
5.902184868e-01,6.59925e-01,9.99999e-01,9.99999e-01,9.60062e-01,6.87819e-01,9.99356e-01
5.931695792e-01,6.72923e-01,9.99999e-01,9.99999e-01,9.71738e-01,6.92922e-01,9.99381e-01
5.961354271e-01,6.76064e-01,9.99999e-01,9.99999e-01,9.68971e-01,6.97961e-01,9.99644e-01
5.991161043e-01,6.86861e-01,9.99999e-01,9.99999e-01,9.77237e-01,7.02936e-01,9.99889e-01
6.021116848e-01,6.98647e-01,9.99999e-01,9.99999e-01,9.87014e-01,7.07847e-01,9.99986e-01
6.051222432e-01,7.07996e-01,9.99999e-01,9.99999e-01,9.93407e-01,7.12695e-01,9.99998e-01
6.081478544e-01,7.15436e-01,9.99999e-01,9.99999e-01,9.97152e-01,7.17479e-01,9.99999e-01
6.111885937e-01,7.21329e-01,9.99999e-01,9.99999e-01,9.98793e-01,7.22200e-01,9.99999e-01
6.142445367e-01,7.26466e-01,9.99999e-01,9.99999e-01,9.99461e-01,7.26857e-01,9.99999e-01
6.173157594e-01,7.31235e-01,9.99999e-01,9.99999e-01,9.99702e-01,7.31452e-01,9.99999e-01
6.204023382e-01,7.35800e-01,9.99999e-01,9.99999e-01,9.99748e-01,7.35984e-01,9.99999e-01
6.235043498e-01,7.39638e-01,9.99999e-01,9.99999e-01,9.98899e-01,7.40454e-01,9.99996e-01
6.266218716e-01,7.40481e-01,9.99999e-01,9.99999e-01,9.94157e-01,7.44862e-01,9.99958e-01
6.297549810e-01,7.47540e-01,9.99999e-01,9.99999e-01,9.97854e-01,7.49209e-01,9.99917e-01
6.329037559e-01,7.50248e-01,9.99999e-01,9.99999e-01,9.95756e-01,7.53494e-01,9.99933e-01
6.360682746e-01,7.54954e-01,9.99999e-01,9.99999e-01,9.96390e-01,7.57718e-01,9.99960e-01
6.392486160e-01,7.58304e-01,9.99999e-01,9.99999e-01,9.95321e-01,7.61882e-01,9.99982e-01
6.424448591e-01,7.61187e-01,9.99999e-01,9.99999e-01,9.93762e-01,7.65986e-01,9.99971e-01
6.456570834e-01,7.47890e-01,9.99999e-01,9.99999e-01,9.71404e-01,7.70030e-01,9.99838e-01
6.488853688e-01,7.57374e-01,9.99999e-01,9.99999e-01,9.78941e-01,7.74015e-01,9.99548e-01
6.521297956e-01,7.60979e-01,9.99999e-01,9.99999e-01,9.78566e-01,7.77941e-01,9.99621e-01
6.553904446e-01,7.64867e-01,9.99999e-01,9.99999e-01,9.78606e-01,7.81809e-01,9.99715e-01
6.586673968e-01,7.71134e-01,9.99999e-01,9.99999e-01,9.81651e-01,7.85620e-01,9.99906e-01
6.619607338e-01,7.80941e-01,9.99999e-01,9.99999e-01,9.89337e-01,7.89373e-01,9.99979e-01
6.652705375e-01,7.88152e-01,9.99999e-01,9.99999e-01,9.93809e-01,7.93069e-01,9.99989e-01
6.685968902e-01,7.94414e-01,9.99999e-01,9.99999e-01,9.97119e-01,7.96709e-01,9.99997e-01
6.719398746e-01,7.99225e-01,9.99999e-01,9.99999e-01,9.98664e-01,8.00294e-01,9.99999e-01
6.752995740e-01,8.03242e-01,9.99999e-01,9.99999e-01,9.99276e-01,8.03823e-01,9.99999e-01
6.786760719e-01,8.06456e-01,9.99999e-01,9.99999e-01,9.98957e-01,8.07298e-01,9.99998e-01
6.820694522e-01,8.09264e-01,9.99999e-01,9.99999e-01,9.98214e-01,8.10719e-01,9.99990e-01
6.854797995e-01,8.12197e-01,9.99999e-01,9.99999e-01,9.97698e-01,8.14086e-01,9.99979e-01
6.889071985e-01,8.12840e-01,9.99999e-01,9.99999e-01,9.94470e-01,8.17400e-01,9.99949e-01
6.923517345e-01,7.49494e-01,9.99999e-01,9.99999e-01,9.13677e-01,8.20662e-01,9.99563e-01
6.958134932e-01,7.85176e-01,9.99999e-01,9.99999e-01,9.53969e-01,8.23872e-01,9.99015e-01
6.992925606e-01,7.90116e-01,9.99999e-01,9.99999e-01,9.56191e-01,8.27031e-01,9.99133e-01
7.027890234e-01,7.84826e-01,9.99999e-01,9.99999e-01,9.46043e-01,8.30139e-01,9.99334e-01
7.063029686e-01,7.94896e-01,9.99999e-01,9.99999e-01,9.54346e-01,8.33197e-01,9.99668e-01
7.098344834e-01,7.99356e-01,9.99999e-01,9.99999e-01,9.56118e-01,8.36206e-01,9.99803e-01
7.133836558e-01,7.90651e-01,9.99999e-01,9.99999e-01,9.42552e-01,8.39166e-01,9.99610e-01
7.169505741e-01,5.33303e-01,9.99999e-01,9.99999e-01,6.35259e-01,8.42077e-01,9.96943e-01
7.205353270e-01,6.69380e-01,9.99999e-01,9.99999e-01,7.96509e-01,8.44941e-01,9.94613e-01
7.241380036e-01,6.31654e-01,9.99999e-01,9.99999e-01,7.48570e-01,8.47758e-01,9.95347e-01
7.277586936e-01,6.52598e-01,9.99999e-01,9.99999e-01,7.70216e-01,8.50528e-01,9.96194e-01
7.313974871e-01,6.42671e-01,9.99999e-01,9.99999e-01,7.54546e-01,8.53252e-01,9.98215e-01
7.350544745e-01,7.32608e-01,9.99999e-01,9.99999e-01,8.56450e-01,8.55931e-01,9.99379e-01
7.387297469e-01,7.65227e-01,9.99999e-01,9.99999e-01,8.91538e-01,8.58565e-01,9.99715e-01
7.424233956e-01,8.13888e-01,9.99999e-01,9.99999e-01,9.45163e-01,8.61155e-01,9.99944e-01
7.461355126e-01,8.34656e-01,9.99999e-01,9.99999e-01,9.66379e-01,8.63702e-01,9.99989e-01
7.498661902e-01,8.52503e-01,9.99999e-01,9.99999e-01,9.84184e-01,8.66205e-01,9.99996e-01
7.536155211e-01,8.61903e-01,9.99999e-01,9.99999e-01,9.92215e-01,8.68666e-01,9.99997e-01
7.573835987e-01,8.67588e-01,9.99999e-01,9.99999e-01,9.95985e-01,8.71085e-01,9.99998e-01
7.611705167e-01,8.71283e-01,9.99999e-01,9.99999e-01,9.97504e-01,8.73463e-01,9.99999e-01
7.649763693e-01,8.74430e-01,9.99999e-01,9.99999e-01,9.98435e-01,8.75800e-01,9.99999e-01
7.688012511e-01,8.77141e-01,9.99999e-01,9.99999e-01,9.98910e-01,8.78097e-01,9.99999e-01
7.726452574e-01,8.79566e-01,9.99999e-01,9.99999e-01,9.99103e-01,8.80355e-01,9.99999e-01
7.765084837e-01,8.81452e-01,9.99999e-01,9.99999e-01,9.98729e-01,8.82574e-01,9.99998e-01
7.803910261e-01,8.79905e-01,9.99999e-01,9.99999e-01,9.94524e-01,8.84754e-01,9.99994e-01
7.842929812e-01,8.70046e-01,9.99999e-01,9.99999e-01,9.81035e-01,8.86897e-01,9.99964e-01
7.882144461e-01,8.54304e-01,9.99999e-01,9.99999e-01,9.61201e-01,8.89002e-01,9.99757e-01
7.921555184e-01,8.71526e-01,9.99999e-01,9.99999e-01,9.78523e-01,8.91070e-01,9.99531e-01
7.961162960e-01,8.59239e-01,9.99999e-01,9.99999e-01,9.62514e-01,8.93102e-01,9.99551e-01
8.000968774e-01,8.55856e-01,9.99999e-01,9.99999e-01,9.56613e-01,8.95099e-01,9.99522e-01
8.040973618e-01,8.57859e-01,9.99999e-01,9.99999e-01,9.56661e-01,8.97060e-01,9.99620e-01
8.081178486e-01,8.14138e-01,9.99999e-01,9.99999e-01,9.05937e-01,8.98987e-01,9.99644e-01
8.121584379e-01,6.01909e-01,9.99999e-01,9.99999e-01,6.69068e-01,9.00880e-01,9.98603e-01
8.162192301e-01,5.58547e-01,9.99999e-01,9.99999e-01,6.21983e-01,9.02740e-01,9.94759e-01
8.203003262e-01,7.18328e-01,9.99999e-01,9.99999e-01,7.99014e-01,9.04566e-01,9.93866e-01
8.244018279e-01,6.64707e-01,9.99999e-01,9.99999e-01,7.36980e-01,9.06360e-01,9.95115e-01
8.285238370e-01,6.78191e-01,9.99999e-01,9.99999e-01,7.49683e-01,9.08122e-01,9.96161e-01
8.326664562e-01,6.79753e-01,9.99999e-01,9.99999e-01,7.48291e-01,9.09852e-01,9.98410e-01
8.368297885e-01,7.37891e-01,9.99999e-01,9.99999e-01,8.09783e-01,9.11552e-01,9.99636e-01
8.410139374e-01,8.04918e-01,9.99999e-01,9.99999e-01,8.81592e-01,9.13220e-01,9.99787e-01
8.452190071e-01,8.59697e-01,9.99999e-01,9.99999e-01,9.39822e-01,9.14859e-01,9.99872e-01
8.494451021e-01,8.83938e-01,9.99999e-01,9.99999e-01,9.64601e-01,9.16469e-01,9.99897e-01
8.536923276e-01,8.98620e-01,9.99999e-01,9.99999e-01,9.78896e-01,9.18049e-01,9.99937e-01
8.579607893e-01,9.07597e-01,9.99999e-01,9.99999e-01,9.86960e-01,9.19601e-01,9.99984e-01
8.622505932e-01,9.13469e-01,9.99999e-01,9.99999e-01,9.91690e-01,9.21125e-01,9.99996e-01
8.665618462e-01,9.17876e-01,9.99999e-01,9.99999e-01,9.94857e-01,9.22621e-01,9.99998e-01
8.708946554e-01,9.18652e-01,9.99999e-01,9.99999e-01,9.94118e-01,9.24090e-01,9.99996e-01
8.752491287e-01,9.18246e-01,9.99999e-01,9.99999e-01,9.92135e-01,9.25532e-01,9.99991e-01
8.796253743e-01,9.16858e-01,9.99999e-01,9.99999e-01,9.89138e-01,9.26948e-01,9.99975e-01
8.840235012e-01,9.16760e-01,9.99999e-01,9.99999e-01,9.87603e-01,9.28337e-01,9.99923e-01
8.884436187e-01,8.88956e-01,9.99999e-01,9.99999e-01,9.56379e-01,9.29702e-01,9.99783e-01
8.928858368e-01,5.91013e-01,9.99999e-01,9.99999e-01,6.35578e-01,9.31042e-01,9.98753e-01
8.973502660e-01,4.19185e-01,9.99999e-01,9.99999e-01,4.52480e-01,9.32356e-01,9.93628e-01
9.018370173e-01,6.15964e-01,9.99999e-01,9.99999e-01,6.66402e-01,9.33647e-01,9.90000e-01
9.063462024e-01,6.46511e-01,9.99999e-01,9.99999e-01,6.97650e-01,9.34914e-01,9.91210e-01
9.108779334e-01,5.29623e-01,9.99999e-01,9.99999e-01,5.70955e-01,9.36158e-01,9.90868e-01
9.154323231e-01,4.87907e-01,9.99999e-01,9.99999e-01,5.24463e-01,9.37379e-01,9.92445e-01
9.200094847e-01,5.66813e-01,9.99999e-01,9.99999e-01,6.06474e-01,9.38577e-01,9.95764e-01
9.246095321e-01,4.54221e-01,9.99999e-01,9.99999e-01,4.85710e-01,9.39753e-01,9.95121e-01
9.292325798e-01,2.49052e-02,9.99999e-01,9.99999e-01,2.69790e-02,9.40907e-01,9.81110e-01
9.338787427e-01,4.13977e-03,9.99999e-01,9.99999e-01,4.75493e-03,9.42039e-01,9.24192e-01
9.385481364e-01,9.67085e-02,9.99999e-01,9.99999e-01,1.12617e-01,9.43151e-01,9.10499e-01
9.432408771e-01,5.13048e-02,9.99999e-01,9.99999e-01,5.89121e-02,9.44242e-01,9.22295e-01
9.479570815e-01,1.32767e-02,9.99999e-01,9.99999e-01,1.50005e-02,9.45313e-01,9.36286e-01
9.526968669e-01,3.35360e-02,9.99999e-01,9.99999e-01,3.68885e-02,9.46363e-01,9.60641e-01
9.574603512e-01,3.97059e-02,9.99999e-01,9.99999e-01,4.27742e-02,9.47394e-01,9.79809e-01
9.622476530e-01,6.61602e-02,9.99999e-01,9.99999e-01,7.07501e-02,9.48406e-01,9.85994e-01
9.670588912e-01,1.96243e-01,9.99999e-01,9.99999e-01,2.08706e-01,9.49399e-01,9.90400e-01
9.718941857e-01,3.24339e-01,9.99999e-01,9.99999e-01,3.43707e-01,9.50373e-01,9.92924e-01
9.767536566e-01,3.88505e-01,9.99999e-01,9.99999e-01,4.10603e-01,9.51329e-01,9.94588e-01
9.816374249e-01,4.85003e-01,9.99999e-01,9.99999e-01,5.10271e-01,9.52267e-01,9.98123e-01
9.865456120e-01,6.22710e-01,9.99999e-01,9.99999e-01,6.53547e-01,9.53188e-01,9.99608e-01
9.914783401e-01,7.31800e-01,9.99999e-01,9.99999e-01,7.67095e-01,9.54091e-01,9.99891e-01
9.964357318e-01,8.26362e-01,9.99999e-01,9.99999e-01,8.65375e-01,9.54977e-01,9.99936e-01
1.001417910e+00,8.76224e-01,9.99999e-01,9.99999e-01,9.16787e-01,9.55846e-01,9.99902e-01
1.006425000e+00,9.10308e-01,9.99999e-01,9.99999e-01,9.51640e-01,9.56699e-01,9.99861e-01
1.011457125e+00,9.28392e-01,9.99999e-01,9.99999e-01,9.69687e-01,9.57536e-01,9.99871e-01
1.016514411e+00,9.38455e-01,9.99999e-01,9.99999e-01,9.79320e-01,9.58357e-01,9.99909e-01
1.021596983e+00,9.43244e-01,9.99999e-01,9.99999e-01,9.83492e-01,9.59163e-01,9.99908e-01
1.026704968e+00,9.47514e-01,9.99999e-01,9.99999e-01,9.87102e-01,9.59953e-01,9.99938e-01
1.031838492e+00,9.51687e-01,9.99999e-01,9.99999e-01,9.90605e-01,9.60728e-01,9.99982e-01
1.036997685e+00,9.56115e-01,9.99999e-01,9.99999e-01,9.94413e-01,9.61489e-01,9.99996e-01
1.042182673e+00,9.55834e-01,9.99999e-01,9.99999e-01,9.93348e-01,9.62235e-01,9.99998e-01
1.047393587e+00,9.54476e-01,9.99999e-01,9.99999e-01,9.91183e-01,9.62967e-01,9.99997e-01
1.052630555e+00,9.52048e-01,9.99999e-01,9.99999e-01,9.87927e-01,9.63685e-01,9.99996e-01
1.057893707e+00,9.45041e-01,9.99999e-01,9.99999e-01,9.79943e-01,9.64389e-01,9.99992e-01
1.063183176e+00,9.33444e-01,9.99999e-01,9.99999e-01,9.67235e-01,9.65080e-01,9.99982e-01
1.068499092e+00,9.13367e-01,9.99999e-01,9.99999e-01,9.45786e-01,9.65758e-01,9.99961e-01
1.073841587e+00,9.05600e-01,9.99999e-01,9.99999e-01,9.37140e-01,9.66423e-01,9.99917e-01
1.079210795e+00,8.89419e-01,9.99999e-01,9.99999e-01,9.19905e-01,9.67075e-01,9.99776e-01
1.084606849e+00,8.52835e-01,9.99999e-01,9.99999e-01,8.81761e-01,9.67715e-01,9.99462e-01
1.090029883e+00,8.08668e-01,9.99999e-01,9.99999e-01,8.36035e-01,9.68342e-01,9.98886e-01
1.095480033e+00,5.94736e-01,9.99999e-01,9.99999e-01,6.15026e-01,9.68958e-01,9.97987e-01
1.100957433e+00,2.94933e-01,9.99999e-01,9.99999e-01,3.05322e-01,9.69561e-01,9.96299e-01
1.106462220e+00,6.41346e-02,9.99999e-01,9.99999e-01,6.65247e-02,9.70154e-01,9.93730e-01
1.111994531e+00,3.90379e-03,9.99999e-01,9.99999e-01,4.08918e-03,9.70734e-01,9.83443e-01
1.117554504e+00,2.72676e-04,9.99999e-01,9.99999e-01,2.98173e-04,9.71304e-01,9.41505e-01
1.123142276e+00,3.94374e-03,9.99999e-01,9.99999e-01,4.68143e-03,9.71863e-01,8.66809e-01
1.128757988e+00,1.33748e-02,9.99999e-01,9.99999e-01,1.62274e-02,9.72411e-01,8.47593e-01
1.134401778e+00,8.09331e-03,9.99999e-01,9.99999e-01,9.57411e-03,9.72948e-01,8.68835e-01
1.140073787e+00,5.93571e-02,9.99999e-01,9.99999e-01,6.82237e-02,9.73475e-01,8.93741e-01
1.145774156e+00,8.40061e-03,9.99999e-01,9.99999e-01,9.55901e-03,9.73992e-01,9.02280e-01
1.151503026e+00,4.40223e-03,9.99999e-01,9.99999e-01,4.78375e-03,9.74500e-01,9.44325e-01
1.157260541e+00,5.54861e-03,9.99999e-01,9.99999e-01,5.78920e-03,9.74997e-01,9.83017e-01
1.163046844e+00,2.08231e-02,9.99999e-01,9.99999e-01,2.14503e-02,9.75485e-01,9.95157e-01
1.168862078e+00,5.77954e-02,9.99999e-01,9.99999e-01,5.93670e-02,9.75963e-01,9.97502e-01
1.174706389e+00,1.64752e-01,9.99999e-01,9.99999e-01,1.69288e-01,9.76432e-01,9.96690e-01
1.180579921e+00,3.22756e-01,9.99999e-01,9.99999e-01,3.32050e-01,9.76892e-01,9.94999e-01
1.186482820e+00,5.13199e-01,9.99999e-01,9.99999e-01,5.27804e-01,9.77343e-01,9.94867e-01
1.192415234e+00,6.68308e-01,9.99999e-01,9.99999e-01,6.86129e-01,9.77786e-01,9.96154e-01
1.198377311e+00,7.10053e-01,9.99999e-01,9.99999e-01,7.28509e-01,9.78220e-01,9.96366e-01
1.204369197e+00,7.25158e-01,9.99999e-01,9.99999e-01,7.43424e-01,9.78645e-01,9.96712e-01
1.210391043e+00,7.34396e-01,9.99999e-01,9.99999e-01,7.51604e-01,9.79063e-01,9.97998e-01
1.216442998e+00,7.67191e-01,9.99999e-01,9.99999e-01,7.84230e-01,9.79472e-01,9.98773e-01
1.222525213e+00,8.09369e-01,9.99999e-01,9.99999e-01,8.26622e-01,9.79873e-01,9.99238e-01
1.228637839e+00,8.58376e-01,9.99999e-01,9.99999e-01,8.75964e-01,9.80267e-01,9.99645e-01
1.234781029e+00,8.88719e-01,9.99999e-01,9.99999e-01,9.06343e-01,9.80653e-01,9.99898e-01
1.240954934e+00,9.21836e-01,9.99999e-01,9.99999e-01,9.39685e-01,9.81031e-01,9.99971e-01
1.247159708e+00,9.34917e-01,9.99999e-01,9.99999e-01,9.52650e-01,9.81403e-01,9.99981e-01
1.253395507e+00,9.40376e-01,9.99999e-01,9.99999e-01,9.57863e-01,9.81767e-01,9.99975e-01
1.259662485e+00,9.42758e-01,9.99999e-01,9.99999e-01,9.59953e-01,9.82123e-01,9.99961e-01
1.265960797e+00,9.20349e-01,9.99999e-01,9.99999e-01,9.36825e-01,9.82473e-01,9.99936e-01
1.272290601e+00,8.87247e-01,9.99999e-01,9.99999e-01,9.02859e-01,9.82817e-01,9.99887e-01
1.278652054e+00,8.03650e-01,9.99999e-01,9.99999e-01,8.17581e-01,9.83153e-01,9.99802e-01
1.285045314e+00,7.18744e-01,9.99999e-01,9.99999e-01,7.31084e-01,9.83483e-01,9.99630e-01
1.291470541e+00,5.26421e-01,9.99999e-01,9.99999e-01,5.35432e-01,9.83807e-01,9.99352e-01
1.297927893e+00,4.42112e-01,9.99999e-01,9.99999e-01,4.49787e-01,9.84124e-01,9.98791e-01
1.304417533e+00,3.54620e-01,9.99999e-01,9.99999e-01,3.61150e-01,9.84435e-01,9.97440e-01
1.310939621e+00,3.06694e-01,9.99999e-01,9.99999e-01,3.13089e-01,9.84740e-01,9.94752e-01
1.317494319e+00,2.79166e-01,9.99999e-01,9.99999e-01,2.86177e-01,9.85039e-01,9.90315e-01
1.324081790e+00,1.62023e-01,9.99999e-01,9.99999e-01,1.67068e-01,9.85333e-01,9.84236e-01
1.330702199e+00,1.98207e-02,9.99999e-01,9.99999e-01,2.06685e-02,9.85620e-01,9.72973e-01
1.337355710e+00,3.63703e-07,9.99999e-01,9.99999e-01,3.88890e-07,9.85902e-01,9.48603e-01
1.344042489e+00,1.85599e-10,9.99999e-01,9.99999e-01,2.20618e-10,9.86179e-01,8.53057e-01
1.350762701e+00,1.20585e-35,9.99999e-01,9.99999e-01,2.10634e-35,9.86450e-01,5.80345e-01
1.357516515e+00,1.81334e-54,9.99999e-01,9.99999e-01,9.07436e-54,9.86716e-01,2.02521e-01
1.364304097e+00,2.06237e-33,9.99999e-01,9.99999e-01,3.43180e-32,9.86976e-01,6.08887e-02
1.371125618e+00,5.09848e-20,9.99999e-01,9.99999e-01,7.22704e-19,9.87232e-01,7.14596e-02
1.377981246e+00,2.45005e-19,9.99999e-01,9.99999e-01,2.38197e-18,9.87483e-01,1.04162e-01
1.384871152e+00,2.51962e-27,9.99999e-01,9.99999e-01,2.09902e-26,9.87728e-01,1.21529e-01
1.391795508e+00,1.20771e-33,9.99999e-01,9.99999e-01,9.11413e-33,9.87969e-01,1.34123e-01
1.398754485e+00,1.82340e-25,9.99999e-01,9.99999e-01,9.69956e-25,9.88205e-01,1.90231e-01
1.405748258e+00,3.68836e-25,9.99999e-01,9.99999e-01,9.84491e-25,9.88437e-01,3.79028e-01
1.412776999e+00,3.10828e-24,9.99998e-01,9.99999e-01,4.89594e-24,9.88664e-01,6.42146e-01
1.419840884e+00,5.82534e-24,9.99998e-01,9.99999e-01,7.15354e-24,9.88887e-01,8.23480e-01
1.426940089e+00,1.45763e-15,9.99997e-01,9.99999e-01,1.70798e-15,9.89105e-01,8.62819e-01
1.434074789e+00,7.04294e-14,9.99998e-01,9.99999e-01,8.47294e-14,9.89319e-01,8.40201e-01
1.441245163e+00,1.97203e-11,9.99998e-01,9.99999e-01,2.40652e-11,9.89529e-01,8.28124e-01
1.448451389e+00,1.27580e-07,9.99997e-01,9.99999e-01,1.52048e-07,9.89735e-01,8.47784e-01
1.455693646e+00,2.03734e-05,9.99998e-01,9.99999e-01,2.34023e-05,9.89936e-01,8.79423e-01
1.462972114e+00,2.72120e-05,9.99998e-01,9.99999e-01,3.10660e-05,9.90134e-01,8.84668e-01
1.470286975e+00,7.89260e-06,9.99999e-01,9.99999e-01,8.98988e-06,9.90328e-01,8.86516e-01
1.477638409e+00,1.68862e-05,9.99999e-01,9.99999e-01,1.84921e-05,9.90518e-01,9.21899e-01
1.485026601e+00,6.17744e-05,9.99999e-01,9.99999e-01,6.47318e-05,9.90705e-01,9.63266e-01
1.492451734e+00,9.23794e-04,9.99999e-01,9.99999e-01,9.47662e-04,9.90887e-01,9.83777e-01
1.499913993e+00,7.19290e-03,9.99999e-01,9.99999e-01,7.30911e-03,9.91066e-01,9.92969e-01
1.507413563e+00,2.58607e-02,9.99999e-01,9.99999e-01,2.61757e-02,9.91242e-01,9.96693e-01
1.514950631e+00,9.24621e-02,9.99999e-01,9.99999e-01,9.34071e-02,9.91414e-01,9.98454e-01
1.522525384e+00,2.06890e-01,9.99999e-01,9.99999e-01,2.08765e-01,9.91583e-01,9.99430e-01
1.530138011e+00,3.07231e-01,9.99999e-01,9.99999e-01,3.09848e-01,9.91749e-01,9.99802e-01
1.537788701e+00,5.04890e-01,9.99999e-01,9.99999e-01,5.09052e-01,9.91911e-01,9.99910e-01
1.545477645e+00,6.47173e-01,9.99999e-01,9.99999e-01,6.52377e-01,9.92070e-01,9.99952e-01
1.553205033e+00,6.98344e-01,9.99999e-01,9.99999e-01,7.03833e-01,9.92226e-01,9.99972e-01
1.560971058e+00,7.96931e-01,9.99999e-01,9.99999e-01,8.03066e-01,9.92379e-01,9.99980e-01
1.568775913e+00,8.58685e-01,9.99999e-01,9.99999e-01,8.65161e-01,9.92529e-01,9.99983e-01
1.576619793e+00,8.86860e-01,9.99999e-01,9.99999e-01,8.93416e-01,9.92676e-01,9.99983e-01
1.584502892e+00,9.27095e-01,9.99999e-01,9.99999e-01,9.33820e-01,9.92820e-01,9.99976e-01
1.592425406e+00,9.31909e-01,9.99999e-01,9.99999e-01,9.38542e-01,9.92961e-01,9.99969e-01
1.600387533e+00,9.50589e-01,9.99999e-01,9.99999e-01,9.57222e-01,9.93100e-01,9.99969e-01
1.608389471e+00,9.49257e-01,9.99999e-01,9.99999e-01,9.55748e-01,9.93236e-01,9.99970e-01
1.616431418e+00,9.48472e-01,9.99999e-01,9.99999e-01,9.54829e-01,9.93369e-01,9.99971e-01
1.624513575e+00,9.45659e-01,9.99999e-01,9.99999e-01,9.51873e-01,9.93500e-01,9.99969e-01
1.632636143e+00,9.19565e-01,9.99999e-01,9.99999e-01,9.25502e-01,9.93627e-01,9.99956e-01
1.640799324e+00,8.96597e-01,9.99999e-01,9.99999e-01,9.02293e-01,9.93753e-01,9.99932e-01
1.649003321e+00,8.71030e-01,9.99999e-01,9.99999e-01,8.76475e-01,9.93876e-01,9.99910e-01
1.657248337e+00,8.35853e-01,9.99999e-01,9.99999e-01,8.40984e-01,9.93997e-01,9.99899e-01
1.665534579e+00,7.86373e-01,9.99999e-01,9.99999e-01,7.91110e-01,9.94115e-01,9.99895e-01
1.673862252e+00,7.19709e-01,9.99999e-01,9.99999e-01,7.23977e-01,9.94231e-01,9.99871e-01
1.682231563e+00,7.54203e-01,9.99999e-01,9.99999e-01,7.58636e-01,9.94344e-01,9.99810e-01
1.690642721e+00,6.11770e-01,9.99999e-01,9.99999e-01,6.15361e-01,9.94456e-01,9.99704e-01
1.699095934e+00,5.72574e-01,9.99999e-01,9.99999e-01,5.75964e-01,9.94565e-01,9.99544e-01
1.707591414e+00,5.50782e-01,9.99999e-01,9.99999e-01,5.54119e-01,9.94672e-01,9.99299e-01
1.716129371e+00,4.76937e-01,9.99999e-01,9.99999e-01,4.79930e-01,9.94777e-01,9.98979e-01
1.724710018e+00,3.46709e-01,9.99999e-01,9.99999e-01,3.49012e-01,9.94880e-01,9.98512e-01
1.733333568e+00,2.56804e-01,9.99999e-01,9.99999e-01,2.58704e-01,9.94981e-01,9.97662e-01
1.742000236e+00,1.18105e-01,9.99999e-01,9.99999e-01,1.19129e-01,9.95079e-01,9.96299e-01
1.750710237e+00,2.46421e-02,9.99999e-01,9.99999e-01,2.49092e-02,9.95176e-01,9.94070e-01
1.759463788e+00,1.87078e-03,9.99999e-01,9.99999e-01,1.89868e-03,9.95271e-01,9.89986e-01
1.768261107e+00,2.61424e-05,9.99999e-01,9.99999e-01,2.67239e-05,9.95365e-01,9.82796e-01
1.777102413e+00,7.16791e-08,9.99999e-01,9.99999e-01,7.39906e-08,9.95456e-01,9.73180e-01
1.785987925e+00,2.98485e-13,9.99999e-01,9.99999e-01,3.13240e-13,9.95545e-01,9.57159e-01
1.794917864e+00,5.46310e-16,9.99999e-01,9.99999e-01,5.98050e-16,9.95633e-01,9.17491e-01
1.803892454e+00,6.06069e-30,9.99999e-01,9.99999e-01,7.29277e-30,9.95719e-01,8.34627e-01
1.812911916e+00,1.00905e-40,9.99999e-01,9.99999e-01,1.46816e-40,9.95804e-01,6.90184e-01
1.821976476e+00,7.07580e-41,9.99999e-01,9.99999e-01,1.61037e-40,9.95886e-01,4.41204e-01
1.831086358e+00,6.32109e-45,9.99999e-01,9.99999e-01,4.22571e-44,9.95967e-01,1.50192e-01
1.840241790e+00,4.97610e-37,9.99999e-01,9.99999e-01,1.22444e-35,9.96047e-01,4.08009e-02
1.849442999e+00,1.20430e-35,9.99999e-01,9.99999e-01,5.66594e-34,9.96125e-01,2.13376e-02
1.858690214e+00,2.21953e-55,9.99999e-01,9.99999e-01,1.04043e-53,9.96201e-01,2.14141e-02
1.867983665e+00,4.13444e-57,9.99999e-01,9.99999e-01,1.42577e-55,9.96276e-01,2.91063e-02
1.877323583e+00,9.37975e-23,9.99999e-01,9.99999e-01,2.13849e-21,9.96349e-01,4.40222e-02
1.886710201e+00,9.46920e-19,9.99999e-01,9.99999e-01,1.45469e-17,9.96421e-01,6.53279e-02
1.896143752e+00,1.84447e-17,9.99999e-01,9.99999e-01,2.67882e-16,9.96492e-01,6.90961e-02
1.905624471e+00,7.17786e-34,9.99999e-01,9.99999e-01,8.20903e-33,9.96561e-01,8.77401e-02
1.915152593e+00,1.35759e-39,9.99999e-01,9.99999e-01,7.75198e-39,9.96629e-01,1.75720e-01
1.924728356e+00,8.38071e-44,9.99999e-01,9.99999e-01,2.24777e-43,9.96695e-01,3.74081e-01
1.934351998e+00,5.24347e-50,9.99999e-01,9.99999e-01,8.42150e-50,9.96761e-01,6.24651e-01
1.944023758e+00,5.58456e-26,9.99999e-01,9.99999e-01,6.60595e-26,9.96824e-01,8.48075e-01
1.953743877e+00,2.24991e-25,9.99999e-01,9.99999e-01,2.41800e-25,9.96887e-01,9.33389e-01
1.963512596e+00,8.73665e-17,9.99999e-01,9.99999e-01,9.07405e-17,9.96948e-01,9.65762e-01
1.973330159e+00,6.05161e-12,9.99999e-01,9.99999e-01,6.18137e-12,9.97009e-01,9.81944e-01
1.983196810e+00,5.34036e-07,9.99999e-01,9.99999e-01,5.40983e-07,9.97068e-01,9.90061e-01
1.993112794e+00,9.86304e-06,9.99999e-01,9.99999e-01,9.94547e-06,9.97125e-01,9.94569e-01
2.003078358e+00,7.97447e-04,9.99999e-01,9.99999e-01,8.02151e-04,9.97182e-01,9.96943e-01
2.013093750e+00,6.75390e-03,9.99999e-01,9.99999e-01,6.78498e-03,9.97238e-01,9.98176e-01
2.023159218e+00,4.84326e-02,9.99999e-01,9.99999e-01,4.86263e-02,9.97292e-01,9.98718e-01
2.033275015e+00,1.13976e-01,9.99999e-01,9.99999e-01,1.14398e-01,9.97345e-01,9.98961e-01
2.043441390e+00,2.51638e-01,9.99998e-01,9.99999e-01,2.52571e-01,9.97398e-01,9.98902e-01
2.053658597e+00,3.00180e-01,9.99995e-01,9.99999e-01,3.01402e-01,9.97449e-01,9.98494e-01
2.063926890e+00,4.30073e-01,9.99989e-01,9.99999e-01,4.32145e-01,9.97499e-01,9.97708e-01
2.074246524e+00,4.81057e-01,9.99979e-01,9.99999e-01,4.84007e-01,9.97549e-01,9.96364e-01
2.084617757e+00,6.14091e-01,9.99968e-01,9.99999e-01,6.19144e-01,9.97597e-01,9.94254e-01
2.095040845e+00,6.77645e-01,9.99951e-01,9.99999e-01,6.85198e-01,9.97644e-01,9.91354e-01
2.105516050e+00,7.13036e-01,9.99941e-01,9.99999e-01,7.23517e-01,9.97691e-01,9.87846e-01
2.116043630e+00,7.20669e-01,9.99946e-01,9.99999e-01,7.33275e-01,9.97736e-01,9.85087e-01
2.126623848e+00,8.11750e-01,9.99954e-01,9.99999e-01,8.27436e-01,9.97781e-01,9.83265e-01
2.137256967e+00,8.17847e-01,9.99959e-01,9.99999e-01,8.35229e-01,9.97825e-01,9.81359e-01
2.147943252e+00,8.20265e-01,9.99981e-01,9.99999e-01,8.40832e-01,9.97868e-01,9.77639e-01
2.158682968e+00,8.29258e-01,9.99869e-01,9.99999e-01,8.53273e-01,9.97910e-01,9.74012e-01
2.169476383e+00,8.25856e-01,9.99954e-01,9.99999e-01,8.44627e-01,9.97951e-01,9.79825e-01
2.180323765e+00,8.11411e-01,9.99974e-01,9.99999e-01,8.25335e-01,9.97991e-01,9.85129e-01
2.191225384e+00,7.81206e-01,9.99972e-01,9.99999e-01,7.92598e-01,9.98031e-01,9.87593e-01
2.202181511e+00,7.38616e-01,9.99977e-01,9.99999e-01,7.47203e-01,9.98070e-01,9.90438e-01
2.213192418e+00,7.41934e-01,9.99983e-01,9.99999e-01,7.48323e-01,9.98108e-01,9.93354e-01
2.224258381e+00,7.01630e-01,9.99986e-01,9.99999e-01,7.05943e-01,9.98145e-01,9.95747e-01
2.235379672e+00,7.43651e-01,9.99989e-01,9.99999e-01,7.46913e-01,9.98182e-01,9.97454e-01
2.246556571e+00,5.93693e-01,9.99992e-01,9.99999e-01,5.95718e-01,9.98218e-01,9.98384e-01
2.257789354e+00,6.69743e-01,9.99995e-01,9.99999e-01,6.71700e-01,9.98253e-01,9.98833e-01
2.269078300e+00,3.75456e-01,9.99997e-01,9.99999e-01,3.76466e-01,9.98287e-01,9.99028e-01
2.280423692e+00,4.40401e-01,9.99997e-01,9.99999e-01,4.41586e-01,9.98321e-01,9.98994e-01
2.291825810e+00,2.10576e-01,9.99998e-01,9.99999e-01,2.11171e-01,9.98354e-01,9.98825e-01
2.303284939e+00,2.46997e-01,9.99999e-01,9.99999e-01,2.47792e-01,9.98387e-01,9.98398e-01
2.314801364e+00,9.64741e-02,9.99999e-01,9.99999e-01,9.68451e-02,9.98419e-01,9.97746e-01
2.326375371e+00,9.04886e-02,9.99999e-01,9.99999e-01,9.09020e-02,9.98450e-01,9.96995e-01
2.338007248e+00,1.08756e-01,9.99999e-01,9.99999e-01,1.09370e-01,9.98480e-01,9.95901e-01
2.349697284e+00,1.53423e-02,9.99999e-01,9.99999e-01,1.54509e-02,9.98510e-01,9.94454e-01
2.361445770e+00,2.55608e-02,9.99999e-01,9.99999e-01,2.57956e-02,9.98540e-01,9.92344e-01
2.373252999e+00,1.08068e-02,9.99999e-01,9.99999e-01,1.09375e-02,9.98568e-01,9.89469e-01
2.385119264e+00,3.59292e-04,9.99999e-01,9.99999e-01,3.64951e-04,9.98597e-01,9.85876e-01
2.397044861e+00,6.45509e-03,9.99999e-01,9.99999e-01,6.60332e-03,9.98624e-01,9.78897e-01
2.409030085e+00,6.27368e-05,9.99999e-01,9.99999e-01,6.48010e-05,9.98652e-01,9.69451e-01
2.421075235e+00,2.22699e-04,9.99999e-01,9.99999e-01,2.32924e-04,9.98678e-01,9.57367e-01
2.433180612e+00,2.40193e-05,9.99999e-01,9.99999e-01,2.55455e-05,9.98704e-01,9.41474e-01
2.445346515e+00,2.67639e-07,9.99999e-01,9.99999e-01,2.91481e-07,9.98730e-01,9.19369e-01
2.457573247e+00,7.44878e-11,9.99999e-01,9.99999e-01,8.43654e-11,9.98755e-01,8.84018e-01
2.469861113e+00,9.60183e-17,9.99999e-01,9.99999e-01,1.15113e-16,9.98779e-01,8.35143e-01
2.482210419e+00,2.62081e-40,9.99999e-01,9.99999e-01,3.40747e-40,9.98803e-01,7.70056e-01
2.494621471e+00,1.02855e-56,9.99999e-01,9.99999e-01,1.50948e-56,9.98827e-01,6.82193e-01
2.507094578e+00,1.73736e-93,9.99999e-01,9.99999e-01,3.17432e-93,9.98850e-01,5.47948e-01
2.519630051e+00,4.97906e-175,9.99999e-01,9.99999e-01,1.40114e-174,9.98873e-01,3.55757e-01
2.532228202e+00,2.05976e-237,9.99999e-01,9.99999e-01,1.36176e-236,9.98895e-01,1.51424e-01
2.544889343e+00,0.00000e+00,9.99999e-01,9.99999e-01,4.94066e-324,9.98917e-01,2.29885e-02
2.557613789e+00,1.64623e-320,9.99999e-01,9.99999e-01,2.59962e-317,9.98938e-01,6.33868e-04
2.570401858e+00,0.00000e+00,9.99999e-01,9.99999e-01,0.00000e+00,9.98959e-01,1.02620e-06
2.583253867e+00,0.00000e+00,9.99999e-01,9.99999e-01,0.00000e+00,9.98980e-01,3.24066e-10
2.596170137e+00,0.00000e+00,9.99999e-01,9.99999e-01,0.00000e+00,9.99000e-01,1.17557e-12
2.609150988e+00,5.84030e-279,9.99999e-01,9.99999e-01,2.94663e-265,9.99020e-01,1.98397e-14
2.622196742e+00,2.17650e-236,9.99999e-01,9.99999e-01,2.14421e-222,9.99039e-01,1.01603e-14
2.635307726e+00,4.11396e-111,9.99999e-01,9.99999e-01,4.94547e-98,9.99058e-01,8.32647e-14
2.648484265e+00,4.57359e-132,9.99999e-01,9.99999e-01,2.83252e-119,9.99076e-01,1.61616e-13
2.661726686e+00,1.04609e-226,9.99999e-01,9.99999e-01,1.02188e-213,9.99095e-01,1.02461e-13
2.675035320e+00,0.00000e+00,9.99999e-01,9.99999e-01,0.00000e+00,9.99113e-01,1.33053e-13
2.688410496e+00,0.00000e+00,9.99999e-01,9.99999e-01,0.00000e+00,9.99130e-01,6.41405e-13
2.701852549e+00,0.00000e+00,9.99999e-01,9.99999e-01,0.00000e+00,9.99147e-01,1.53818e-12
2.715361811e+00,0.00000e+00,9.99999e-01,9.99999e-01,0.00000e+00,9.99164e-01,3.88978e-12
2.728938620e+00,4.50854e-246,9.99999e-01,9.99999e-01,8.74487e-236,9.99180e-01,5.15985e-11
2.742583314e+00,2.97716e-260,9.99999e-01,9.99999e-01,4.89215e-252,9.99197e-01,6.09045e-09
2.756296230e+00,2.13201e-266,9.99999e-01,9.99999e-01,1.26910e-260,9.99212e-01,1.68127e-06
2.770077711e+00,0.00000e+00,9.99999e-01,9.99999e-01,0.00000e+00,9.99228e-01,1.88021e-04
2.783928100e+00,0.00000e+00,9.99999e-01,9.99999e-01,0.00000e+00,9.99243e-01,2.45453e-03
2.797847740e+00,4.59979e-274,9.99999e-01,9.99999e-01,2.54342e-272,9.99258e-01,1.80985e-02
2.811836979e+00,2.83512e-292,9.99999e-01,9.99999e-01,3.33251e-291,9.99273e-01,8.51364e-02
2.825896164e+00,5.62695e-252,9.99999e-01,9.99999e-01,2.75975e-251,9.99287e-01,2.04039e-01
2.840025645e+00,3.25783e-190,9.99999e-01,9.99999e-01,1.02758e-189,9.99301e-01,3.17259e-01
2.854225773e+00,3.06564e-165,9.99999e-01,9.99999e-01,7.29277e-165,9.99315e-01,4.20655e-01
2.868496902e+00,1.89070e-155,9.99999e-01,9.99999e-01,3.38211e-155,9.99328e-01,5.59405e-01
2.882839386e+00,3.57062e-123,9.99999e-01,9.99999e-01,5.28616e-123,9.99342e-01,6.75909e-01
2.897253583e+00,4.44568e-105,9.99999e-01,9.99999e-01,5.95201e-105,9.99355e-01,7.47402e-01
2.911739851e+00,4.95124e-70,9.99999e-01,9.99999e-01,6.20188e-70,9.99367e-01,7.98849e-01
2.926298550e+00,2.41052e-47,9.99999e-01,9.99999e-01,2.84639e-47,9.99380e-01,8.47394e-01
2.940930043e+00,1.51693e-46,9.99999e-01,9.99999e-01,1.73346e-46,9.99392e-01,8.75615e-01
2.955634693e+00,5.45042e-47,9.99999e-01,9.99999e-01,6.14109e-47,9.99404e-01,8.88059e-01
2.970412867e+00,1.28756e-39,9.99999e-01,9.99999e-01,1.42934e-39,9.99416e-01,9.01333e-01
2.985264931e+00,2.75651e-31,9.99999e-01,9.99999e-01,3.03884e-31,9.99427e-01,9.07610e-01
3.000191256e+00,2.17904e-23,9.99999e-01,9.99999e-01,2.40730e-23,9.99439e-01,9.05684e-01
3.015192212e+00,4.97882e-23,9.99999e-01,9.99999e-01,5.58486e-23,9.99450e-01,8.91975e-01
3.030268173e+00,9.27185e-20,9.99999e-01,9.99999e-01,1.06625e-19,9.99461e-01,8.70046e-01
3.045419514e+00,5.31700e-22,9.99999e-01,9.99999e-01,6.24803e-22,9.99471e-01,8.51437e-01
3.060646612e+00,1.18063e-14,9.99999e-01,9.99999e-01,1.43318e-14,9.99482e-01,8.24204e-01
3.075949845e+00,3.63328e-14,9.99999e-01,9.99999e-01,4.50709e-14,9.99492e-01,8.06533e-01
3.091329594e+00,1.52029e-12,9.99999e-01,9.99999e-01,1.91031e-12,9.99502e-01,7.96225e-01
3.106786242e+00,4.87944e-12,9.99999e-01,9.99999e-01,6.12698e-12,9.99512e-01,7.96774e-01
3.122320173e+00,5.15599e-10,9.99999e-01,9.99999e-01,6.38718e-10,9.99521e-01,8.07626e-01
3.137931774e+00,4.93405e-10,9.99999e-01,9.99999e-01,5.95174e-10,9.99531e-01,8.29397e-01
3.153621433e+00,3.11273e-06,9.99999e-01,9.99999e-01,3.68586e-06,9.99540e-01,8.44893e-01
3.169389540e+00,7.13118e-06,9.99999e-01,9.99999e-01,8.49794e-06,9.99549e-01,8.39542e-01
3.185236488e+00,8.70314e-07,9.99999e-01,9.99999e-01,1.06557e-06,9.99558e-01,8.17117e-01
3.201162670e+00,1.62121e-12,9.99999e-01,9.99999e-01,2.03542e-12,9.99567e-01,7.96846e-01
3.217168483e+00,2.97020e-10,9.99999e-01,9.99999e-01,3.80426e-10,9.99575e-01,7.81086e-01
3.233254326e+00,6.61065e-07,9.99999e-01,9.99999e-01,8.42722e-07,9.99584e-01,7.84766e-01
3.249420598e+00,8.88817e-05,9.99999e-01,9.99999e-01,1.10472e-04,9.99592e-01,8.04892e-01
3.265667701e+00,1.54459e-06,9.99999e-01,9.99999e-01,1.87037e-06,9.99600e-01,8.26149e-01
3.281996039e+00,4.21885e-06,9.99999e-01,9.99999e-01,4.95375e-06,9.99608e-01,8.51981e-01
3.298406019e+00,1.12593e-07,9.99999e-01,9.99999e-01,1.28173e-07,9.99615e-01,8.78784e-01
3.314898049e+00,1.26942e-08,9.99999e-01,9.99999e-01,1.39837e-08,9.99623e-01,9.08126e-01
3.331472540e+00,1.23228e-07,9.99999e-01,9.99999e-01,1.32077e-07,9.99630e-01,9.33343e-01
3.348129902e+00,3.97672e-08,9.99999e-01,9.99999e-01,4.17963e-08,9.99638e-01,9.51797e-01
3.364870552e+00,6.13130e-07,9.99999e-01,9.99999e-01,6.57176e-07,9.99645e-01,9.33306e-01
3.381694905e+00,1.89309e-05,9.99999e-01,9.99999e-01,1.98496e-05,9.99652e-01,9.54047e-01
3.398603379e+00,6.42410e-05,9.99999e-01,9.99999e-01,6.72521e-05,9.99659e-01,9.55550e-01
3.415596396e+00,1.23259e-03,9.99999e-01,9.99999e-01,1.28701e-03,9.99665e-01,9.58040e-01
3.432674378e+00,1.56177e-03,9.99999e-01,9.99999e-01,1.59973e-03,9.99672e-01,9.76588e-01
3.449837750e+00,1.06046e-02,9.99999e-01,9.99999e-01,1.07795e-02,9.99678e-01,9.84090e-01
3.467086939e+00,4.10108e-02,9.99999e-01,9.99999e-01,4.17767e-02,9.99685e-01,9.81973e-01
3.484422373e+00,4.55156e-02,9.99999e-01,9.99999e-01,4.64654e-02,9.99691e-01,9.79859e-01
3.501844485e+00,1.66354e-01,9.99999e-01,9.99999e-01,1.68693e-01,9.99697e-01,9.86431e-01
3.519353708e+00,2.28163e-01,9.99999e-01,9.99999e-01,2.29368e-01,9.99703e-01,9.95039e-01
3.536950476e+00,2.57325e-01,9.99999e-01,9.99999e-01,2.58116e-01,9.99709e-01,9.97224e-01
3.554635228e+00,4.29011e-01,9.99999e-01,9.99999e-01,4.31044e-01,9.99715e-01,9.95567e-01
3.572408405e+00,4.39030e-01,9.99999e-01,9.99999e-01,4.41597e-01,9.99720e-01,9.94464e-01
3.590270447e+00,5.58977e-01,9.99999e-01,9.99999e-01,5.62606e-01,9.99726e-01,9.93820e-01
3.608221799e+00,6.33987e-01,9.99999e-01,9.99999e-01,6.39468e-01,9.99731e-01,9.91694e-01
3.626262908e+00,6.74727e-01,9.99999e-01,9.99999e-01,6.81803e-01,9.99736e-01,9.89881e-01
3.644394222e+00,7.83887e-01,9.99999e-01,9.99999e-01,7.94828e-01,9.99742e-01,9.86488e-01
3.662616193e+00,6.75607e-01,9.99999e-01,9.99999e-01,6.87513e-01,9.99747e-01,9.82929e-01
3.680929274e+00,5.29579e-01,9.99999e-01,9.99999e-01,5.41549e-01,9.99752e-01,9.78139e-01
3.699333921e+00,7.28410e-01,9.99998e-01,9.99999e-01,7.49192e-01,9.99757e-01,9.72497e-01
3.717830590e+00,7.70709e-01,9.99998e-01,9.99999e-01,7.98681e-01,9.99761e-01,9.65207e-01
3.736419743e+00,7.33354e-01,9.99996e-01,9.99999e-01,7.68113e-01,9.99766e-01,9.54971e-01
3.755101842e+00,7.11781e-01,9.99994e-01,9.99999e-01,7.53842e-01,9.99771e-01,9.44425e-01
3.773877351e+00,7.36557e-01,9.99989e-01,9.99999e-01,7.92077e-01,9.99775e-01,9.30122e-01
3.792746738e+00,6.87241e-01,9.99981e-01,9.99999e-01,7.54960e-01,9.99780e-01,9.10517e-01
3.811710472e+00,6.29460e-01,9.99963e-01,9.99999e-01,7.09049e-01,9.99784e-01,8.87973e-01
3.830769024e+00,5.94154e-01,9.99944e-01,9.99999e-01,6.90196e-01,9.99788e-01,8.61075e-01
3.849922869e+00,4.89522e-01,9.99896e-01,9.99999e-01,5.91559e-01,9.99792e-01,8.27757e-01
3.869172484e+00,4.33300e-01,9.99852e-01,9.99999e-01,5.50436e-01,9.99796e-01,7.87450e-01
3.888518346e+00,5.16476e-01,9.99742e-01,9.99999e-01,7.01828e-01,9.99800e-01,7.36230e-01
3.907960938e+00,4.55209e-01,9.99684e-01,9.99999e-01,6.75924e-01,9.99804e-01,6.73790e-01
3.927500742e+00,1.11044e-01,9.99454e-01,9.99999e-01,1.85005e-01,9.99808e-01,6.00512e-01
3.947138246e+00,1.19487e-01,9.99235e-01,9.99999e-01,2.31731e-01,9.99812e-01,5.16013e-01
3.966873937e+00,2.75136e-02,9.99126e-01,9.99999e-01,6.49397e-02,9.99816e-01,4.23942e-01
3.986708307e+00,1.72676e-01,9.98580e-01,9.99999e-01,5.21441e-01,9.99819e-01,3.31582e-01
4.006641849e+00,1.92112e-01,9.98139e-01,9.99999e-01,7.84105e-01,9.99823e-01,2.45472e-01
4.026675058e+00,1.30387e-01,9.98474e-01,9.99999e-01,7.52689e-01,9.99826e-01,1.73510e-01
4.046808433e+00,8.45848e-02,9.98391e-01,9.99999e-01,7.10523e-01,9.99830e-01,1.19247e-01
4.067042475e+00,5.48739e-02,9.97703e-01,9.99999e-01,6.72632e-01,9.99833e-01,8.17720e-02
4.087377688e+00,3.74470e-02,9.97313e-01,9.99999e-01,6.54280e-01,9.99836e-01,5.73864e-02
4.107814576e+00,2.37782e-02,9.96863e-01,9.99999e-01,5.55169e-01,9.99840e-01,4.29606e-02
4.128353649e+00,1.41241e-02,9.96838e-01,9.99999e-01,3.99367e-01,9.99843e-01,3.54691e-02
4.148995417e+00,1.05938e-02,9.97820e-01,9.99999e-01,3.27598e-01,9.99846e-01,3.23987e-02
4.169740394e+00,5.46162e-03,9.97975e-01,9.99999e-01,1.66148e-01,9.99849e-01,3.29289e-02
4.190589096e+00,4.13116e-03,9.98117e-01,9.99999e-01,1.15757e-01,9.99852e-01,3.57401e-02
4.211542042e+00,1.35271e-03,9.98258e-01,9.99999e-01,3.70112e-02,9.99855e-01,3.65931e-02
4.232599752e+00,7.77430e-04,9.98941e-01,9.99999e-01,2.43105e-02,9.99858e-01,3.20066e-02
4.253762751e+00,1.92954e-04,9.99255e-01,9.99999e-01,9.14895e-03,9.99860e-01,2.11040e-02
4.275031564e+00,1.63937e-05,9.98784e-01,9.99999e-01,1.70924e-03,9.99863e-01,9.59943e-03
4.296406722e+00,2.38909e-06,9.88163e-01,9.99999e-01,3.24677e-04,9.99866e-01,7.39836e-03
4.317888756e+00,8.38053e-06,9.97665e-01,9.99999e-01,5.76033e-04,9.99868e-01,1.45712e-02
4.339478200e+00,4.21052e-06,9.98623e-01,9.99999e-01,1.15533e-04,9.99871e-01,3.64759e-02
4.361175591e+00,3.26035e-06,9.98889e-01,9.99999e-01,5.18905e-05,9.99873e-01,6.28777e-02
4.382981469e+00,3.99003e-06,9.98814e-01,9.99999e-01,4.83677e-05,9.99876e-01,8.25490e-02
4.404896376e+00,3.55968e-06,9.98343e-01,9.99999e-01,3.70232e-05,9.99878e-01,9.62139e-02
4.426920858e+00,1.95505e-06,9.98329e-01,9.99999e-01,1.78526e-05,9.99881e-01,1.09580e-01
4.449055462e+00,2.06868e-06,9.98839e-01,9.99999e-01,1.63111e-05,9.99883e-01,1.26923e-01
4.471300739e+00,4.62270e-07,9.98786e-01,9.99999e-01,3.05453e-06,9.99885e-01,1.51428e-01
4.493657243e+00,2.03067e-06,9.98953e-01,9.99999e-01,1.09566e-05,9.99888e-01,1.85471e-01
4.516125529e+00,2.82450e-07,9.99000e-01,9.99999e-01,1.23147e-06,9.99890e-01,2.29479e-01
4.538706157e+00,9.46153e-06,9.98815e-01,9.99999e-01,3.31977e-05,9.99892e-01,2.85138e-01
4.561399688e+00,1.18245e-05,9.99170e-01,9.99999e-01,3.37203e-05,9.99894e-01,3.50811e-01
4.584206686e+00,1.66065e-05,9.99344e-01,9.99999e-01,3.92442e-05,9.99896e-01,4.23325e-01
4.607127720e+00,7.58067e-06,9.99355e-01,9.99999e-01,1.51886e-05,9.99898e-01,4.99261e-01
4.630163358e+00,1.17721e-09,9.99596e-01,9.99999e-01,2.04771e-09,9.99900e-01,5.75050e-01
4.653314175e+00,6.02201e-10,9.99616e-01,9.99999e-01,9.33161e-10,9.99902e-01,6.45482e-01
4.676580746e+00,1.39659e-11,9.99632e-01,9.99999e-01,1.97389e-11,9.99904e-01,7.07671e-01
4.699963650e+00,1.16405e-10,9.99801e-01,9.99999e-01,1.53015e-10,9.99906e-01,7.60876e-01
4.723463468e+00,4.29965e-13,9.99760e-01,9.99999e-01,5.34631e-13,9.99908e-01,8.04357e-01
4.747080785e+00,6.24361e-10,9.99877e-01,9.99999e-01,7.45260e-10,9.99910e-01,8.37904e-01
4.770816189e+00,9.27748e-12,9.99885e-01,9.99999e-01,1.07435e-11,9.99911e-01,8.63652e-01
4.794670270e+00,1.22846e-17,9.99880e-01,9.99999e-01,1.39144e-17,9.99913e-01,8.82980e-01
4.818643622e+00,4.11688e-19,9.99942e-01,9.99999e-01,4.59158e-19,9.99915e-01,8.96713e-01
4.842736840e+00,2.01038e-16,9.99947e-01,9.99999e-01,2.22276e-16,9.99916e-01,9.04541e-01
4.866950524e+00,7.82730e-16,9.99970e-01,9.99999e-01,8.63034e-16,9.99918e-01,9.07037e-01
4.891285276e+00,1.31931e-20,9.99969e-01,9.99999e-01,1.45911e-20,9.99920e-01,9.04266e-01
4.915741703e+00,2.71464e-20,9.99982e-01,9.99999e-01,3.01756e-20,9.99921e-01,8.99691e-01
4.940320411e+00,1.07630e-21,9.99985e-01,9.99999e-01,1.21088e-21,9.99923e-01,8.88934e-01
4.965022013e+00,2.76722e-30,9.99987e-01,9.99999e-01,3.16086e-30,9.99924e-01,8.75533e-01
4.989847123e+00,3.48914e-27,9.99993e-01,9.99999e-01,4.04673e-27,9.99926e-01,8.62277e-01
5.014796359e+00,1.56444e-31,9.99992e-01,9.99999e-01,1.85571e-31,9.99927e-01,8.43103e-01
5.039870341e+00,8.31523e-32,9.99996e-01,9.99999e-01,1.01328e-31,9.99929e-01,8.20681e-01
5.065069693e+00,1.26733e-31,9.99996e-01,9.99999e-01,1.61187e-31,9.99930e-01,7.86303e-01
5.090395041e+00,1.65936e-47,9.99999e-01,9.99999e-01,2.20764e-47,9.99931e-01,7.51697e-01
5.115847016e+00,1.62336e-47,9.99999e-01,9.99999e-01,2.29242e-47,9.99933e-01,7.08187e-01
5.141426251e+00,1.55667e-62,9.99997e-01,9.99999e-01,2.38671e-62,9.99934e-01,6.52268e-01
5.167133383e+00,1.29503e-72,9.99999e-01,9.99999e-01,2.15113e-72,9.99935e-01,6.02063e-01
5.192969049e+00,1.27575e-72,9.99999e-01,9.99999e-01,2.32666e-72,9.99937e-01,5.48352e-01
5.218933895e+00,4.07742e-116,9.99999e-01,9.99999e-01,8.41584e-116,9.99938e-01,4.84522e-01
5.245028564e+00,3.02329e-88,9.99999e-01,9.99999e-01,7.33844e-88,9.99939e-01,4.12005e-01
5.271253707e+00,6.43809e-91,9.99999e-01,9.99999e-01,1.94631e-90,9.99940e-01,3.30804e-01
5.297609976e+00,7.50603e-112,9.99999e-01,9.99999e-01,2.95395e-111,9.99941e-01,2.54116e-01
5.324098025e+00,3.79779e-112,9.99999e-01,9.99999e-01,2.05726e-111,9.99942e-01,1.84614e-01
5.350718516e+00,1.79341e-138,9.99999e-01,9.99999e-01,1.51294e-137,9.99944e-01,1.18545e-01
5.377472108e+00,9.28936e-145,9.99999e-01,9.99999e-01,1.20273e-143,9.99945e-01,7.72400e-02
5.404359469e+00,5.66649e-145,9.99999e-01,9.99999e-01,1.20586e-143,9.99946e-01,4.69938e-02
5.431381266e+00,4.30579e-271,9.99999e-01,9.99999e-01,1.44999e-269,9.99947e-01,2.96969e-02
5.458538172e+00,2.34895e-271,9.99999e-01,9.99999e-01,1.44997e-269,9.99948e-01,1.62008e-02
5.485830863e+00,1.91572e-292,9.99999e-01,9.99999e-01,2.67469e-290,9.99949e-01,7.16275e-03
5.513260018e+00,3.37843e-309,9.99999e-01,9.99999e-01,1.12618e-306,9.99950e-01,3.00004e-03
5.540826318e+00,1.48220e-323,9.99999e-01,9.99999e-01,1.22380e-320,9.99951e-01,1.05428e-03
5.568530449e+00,0.00000e+00,9.99999e-01,9.99999e-01,0.00000e+00,9.99952e-01,3.27911e-04
5.596373101e+00,0.00000e+00,9.99999e-01,9.99999e-01,0.00000e+00,9.99953e-01,9.35032e-05
5.624354967e+00,0.00000e+00,9.99999e-01,9.99999e-01,0.00000e+00,9.99954e-01,2.32802e-05
5.652476742e+00,0.00000e+00,9.99999e-01,9.99999e-01,0.00000e+00,9.99955e-01,4.86285e-06
5.680739126e+00,0.00000e+00,9.99999e-01,9.99999e-01,0.00000e+00,9.99955e-01,8.29304e-07
5.709142821e+00,0.00000e+00,9.99999e-01,9.99999e-01,0.00000e+00,9.99956e-01,1.26170e-07
5.737688535e+00,0.00000e+00,9.99999e-01,9.99999e-01,0.00000e+00,9.99957e-01,1.18864e-08
5.766376978e+00,0.00000e+00,9.99999e-01,9.99999e-01,0.00000e+00,9.99958e-01,7.50467e-10
5.795208863e+00,0.00000e+00,9.99999e-01,9.99999e-01,0.00000e+00,9.99959e-01,3.07655e-11
5.824184907e+00,0.00000e+00,9.99999e-01,9.99999e-01,0.00000e+00,9.99960e-01,1.08512e-12
5.853305832e+00,0.00000e+00,9.99999e-01,9.99999e-01,0.00000e+00,9.99960e-01,4.86469e-14
5.882572361e+00,0.00000e+00,9.99999e-01,9.99999e-01,0.00000e+00,9.99961e-01,3.43982e-15
5.911985223e+00,0.00000e+00,9.99999e-01,9.99999e-01,0.00000e+00,9.99962e-01,3.11352e-16
5.941545149e+00,0.00000e+00,9.99999e-01,9.99999e-01,0.00000e+00,9.99963e-01,3.54978e-17
5.971252874e+00,0.00000e+00,9.99999e-01,9.99999e-01,0.00000e+00,9.99963e-01,9.56755e-18
6.001109139e+00,0.00000e+00,9.99999e-01,9.99999e-01,0.00000e+00,9.99964e-01,6.37100e-18
6.031114685e+00,0.00000e+00,9.99999e-01,9.99999e-01,0.00000e+00,9.99965e-01,1.01675e-17
6.061270258e+00,0.00000e+00,9.99999e-01,9.99999e-01,0.00000e+00,9.99965e-01,3.59328e-17
6.091576609e+00,0.00000e+00,9.99999e-01,9.99999e-01,2.73477e-314,9.99966e-01,1.91325e-16
6.122034492e+00,2.38434e-210,9.99999e-01,9.99999e-01,1.51379e-195,9.99967e-01,1.57513e-15
6.152644665e+00,1.47913e-212,9.99999e-01,9.99999e-01,9.01082e-199,9.99967e-01,1.64155e-14
6.183407888e+00,3.21269e-143,9.99999e-01,9.99999e-01,2.57997e-130,9.99968e-01,1.24528e-13
6.214324928e+00,6.78280e-100,9.99999e-01,9.99999e-01,1.64509e-87,9.99969e-01,4.12317e-13
6.245396552e+00,7.65352e-73,9.99999e-01,9.99999e-01,1.88183e-60,9.99969e-01,4.06717e-13
6.276623535e+00,7.93246e-74,9.99999e-01,9.99999e-01,6.43070e-61,9.99970e-01,1.23356e-13
6.308006653e+00,1.93801e-74,9.99999e-01,9.99999e-01,1.18754e-60,9.99970e-01,1.63200e-14
6.339546686e+00,4.04686e-149,9.99999e-01,9.99999e-01,2.91869e-134,9.99971e-01,1.38657e-15
6.371244419e+00,9.35931e-314,9.99999e-01,9.99999e-01,8.71846e-298,9.99971e-01,1.07353e-16
6.403100641e+00,0.00000e+00,9.99999e-01,9.99999e-01,0.00000e+00,9.99972e-01,1.00045e-17
6.435116145e+00,0.00000e+00,9.99999e-01,9.99999e-01,0.00000e+00,9.99973e-01,2.17418e-18
6.467291725e+00,0.00000e+00,9.99999e-01,9.99999e-01,0.00000e+00,9.99973e-01,1.07746e-18
6.499628184e+00,0.00000e+00,9.99999e-01,9.99999e-01,0.00000e+00,9.99974e-01,1.21967e-18
6.532126325e+00,0.00000e+00,9.99999e-01,9.99999e-01,0.00000e+00,9.99974e-01,3.14793e-18
6.564786956e+00,0.00000e+00,9.99999e-01,9.99999e-01,0.00000e+00,9.99975e-01,2.55498e-17
6.597610891e+00,0.00000e+00,9.99999e-01,9.99999e-01,0.00000e+00,9.99975e-01,3.33480e-16
6.630598946e+00,0.00000e+00,9.99999e-01,9.99999e-01,0.00000e+00,9.99976e-01,5.47677e-15
6.663751940e+00,0.00000e+00,9.99999e-01,9.99999e-01,0.00000e+00,9.99976e-01,8.90680e-14
6.697070700e+00,0.00000e+00,9.99999e-01,9.99999e-01,0.00000e+00,9.99976e-01,1.39893e-12
6.730556054e+00,0.00000e+00,9.99999e-01,9.99999e-01,0.00000e+00,9.99977e-01,1.94140e-11
6.764208834e+00,0.00000e+00,9.99999e-01,9.99999e-01,0.00000e+00,9.99977e-01,2.60583e-10
6.798029878e+00,0.00000e+00,9.99999e-01,9.99999e-01,0.00000e+00,9.99978e-01,3.76860e-09
6.832020027e+00,0.00000e+00,9.99999e-01,9.99999e-01,0.00000e+00,9.99978e-01,3.48948e-08
6.866180128e+00,0.00000e+00,9.99999e-01,9.99999e-01,0.00000e+00,9.99979e-01,2.60213e-07
6.900511028e+00,0.00000e+00,9.99999e-01,9.99999e-01,0.00000e+00,9.99979e-01,1.64096e-06
6.935013583e+00,0.00000e+00,9.99999e-01,9.99999e-01,0.00000e+00,9.99979e-01,9.26116e-06
6.969688651e+00,0.00000e+00,9.99999e-01,9.99999e-01,0.00000e+00,9.99980e-01,4.68610e-05
7.004537095e+00,0.00000e+00,9.99999e-01,9.99999e-01,0.00000e+00,9.99980e-01,2.11782e-04
7.039559780e+00,0.00000e+00,9.99999e-01,9.99999e-01,0.00000e+00,9.99981e-01,8.42729e-04
7.074757579e+00,0.00000e+00,9.99999e-01,9.99999e-01,0.00000e+00,9.99981e-01,2.53521e-03
7.110131367e+00,0.00000e+00,9.99999e-01,9.99999e-01,0.00000e+00,9.99981e-01,6.81560e-03
7.145682024e+00,0.00000e+00,9.99999e-01,9.99999e-01,0.00000e+00,9.99982e-01,1.64618e-02
7.181410434e+00,0.00000e+00,9.99999e-01,9.99999e-01,0.00000e+00,9.99982e-01,3.42850e-02
7.217317486e+00,0.00000e+00,9.99999e-01,9.99999e-01,0.00000e+00,9.99982e-01,6.29022e-02
7.253404073e+00,0.00000e+00,9.99999e-01,9.99999e-01,0.00000e+00,9.99983e-01,1.05925e-01
7.289671094e+00,0.00000e+00,9.99999e-01,9.99999e-01,0.00000e+00,9.99983e-01,1.61486e-01
7.326119449e+00,0.00000e+00,9.99999e-01,9.99999e-01,0.00000e+00,9.99983e-01,2.30891e-01
7.362750046e+00,1.47881e-285,9.99999e-01,9.99999e-01,4.71458e-285,9.99984e-01,3.13671e-01
7.399563797e+00,1.68747e-234,9.99999e-01,9.99999e-01,4.24616e-234,9.99984e-01,3.97415e-01
7.436561616e+00,1.41979e-253,9.99999e-01,9.99999e-01,2.98256e-253,9.99984e-01,4.76037e-01
7.473744424e+00,2.29296e-238,9.99999e-01,9.99999e-01,4.11809e-238,9.99984e-01,5.56808e-01
7.511113146e+00,3.37806e-207,9.99999e-01,9.99999e-01,5.32151e-207,9.99985e-01,6.34802e-01
7.548668712e+00,4.32314e-215,9.99999e-01,9.99999e-01,6.23745e-215,9.99985e-01,6.93103e-01
7.586412055e+00,0.00000e+00,9.99999e-01,9.99999e-01,0.00000e+00,9.99985e-01,7.45913e-01
7.624344115e+00,7.50799e-190,9.99999e-01,9.99999e-01,9.49324e-190,9.99986e-01,7.90887e-01
7.662465836e+00,1.16885e-116,9.99999e-01,9.99999e-01,1.41531e-116,9.99986e-01,8.25866e-01
7.700778165e+00,8.44325e-117,9.99999e-01,9.99999e-01,9.86205e-117,9.99986e-01,8.56146e-01
7.739282056e+00,5.97619e-195,9.99999e-01,9.99999e-01,6.80256e-195,9.99986e-01,8.78531e-01
7.777978466e+00,1.66762e-132,9.99999e-01,9.99999e-01,1.85437e-132,9.99987e-01,8.99303e-01
7.816868359e+00,1.75492e-108,9.99999e-01,9.99999e-01,1.91118e-108,9.99987e-01,9.18250e-01
7.855952700e+00,1.22431e-108,9.99999e-01,9.99999e-01,1.31548e-108,9.99987e-01,9.30705e-01
7.895232464e+00,1.05191e-107,9.99999e-01,9.99999e-01,1.11810e-107,9.99987e-01,9.40812e-01
7.934708626e+00,2.43589e-63,9.99999e-01,9.99999e-01,2.56578e-63,9.99988e-01,9.49388e-01
7.974382169e+00,5.56433e-49,9.99999e-01,9.99999e-01,5.82435e-49,9.99988e-01,9.55365e-01
8.014254080e+00,2.47304e-49,9.99999e-01,9.99999e-01,2.57281e-49,9.99988e-01,9.61233e-01
8.054325351e+00,2.99602e-46,9.99999e-01,9.99999e-01,3.09848e-46,9.99988e-01,9.66940e-01
8.094596977e+00,9.80709e-38,9.99999e-01,9.99999e-01,1.00870e-37,9.99988e-01,9.72262e-01
8.135069962e+00,2.77436e-37,9.99999e-01,9.99999e-01,2.83927e-37,9.99989e-01,9.77147e-01
8.175745312e+00,7.16053e-38,9.99999e-01,9.99999e-01,7.30288e-38,9.99989e-01,9.80517e-01
8.216624039e+00,1.01267e-31,9.99999e-01,9.99999e-01,1.02991e-31,9.99989e-01,9.83267e-01
8.257707159e+00,2.29361e-19,9.99999e-01,9.99999e-01,2.32728e-19,9.99989e-01,9.85542e-01
8.298995695e+00,2.75942e-18,9.99999e-01,9.99999e-01,2.79596e-18,9.99989e-01,9.86939e-01
8.340490673e+00,5.03145e-20,9.99999e-01,9.99999e-01,5.09116e-20,9.99990e-01,9.88280e-01
8.382193126e+00,1.48849e-15,9.99999e-01,9.99999e-01,1.50402e-15,9.99990e-01,9.89681e-01
8.424104092e+00,3.26635e-16,9.99999e-01,9.99999e-01,3.29619e-16,9.99990e-01,9.90954e-01
8.466224613e+00,1.24165e-16,9.99999e-01,9.99999e-01,1.25150e-16,9.99990e-01,9.92135e-01
8.508555736e+00,1.92734e-13,9.99999e-01,9.99999e-01,1.94111e-13,9.99990e-01,9.92915e-01
8.551098514e+00,5.93360e-10,9.99999e-01,9.99999e-01,5.97187e-10,9.99991e-01,9.93599e-01
8.593854007e+00,8.97753e-07,9.99999e-01,9.99999e-01,9.03118e-07,9.99991e-01,9.94067e-01
8.636823277e+00,1.93464e-06,9.99999e-01,9.99999e-01,1.94525e-06,9.99991e-01,9.94553e-01
8.680007393e+00,1.13637e-08,9.99999e-01,9.99999e-01,1.14202e-08,9.99991e-01,9.95060e-01
8.723407430e+00,3.28305e-08,9.99999e-01,9.99999e-01,3.29768e-08,9.99991e-01,9.95573e-01
8.767024467e+00,3.58865e-09,9.99999e-01,9.99999e-01,3.60276e-09,9.99991e-01,9.96090e-01
8.810859590e+00,1.32834e-06,9.99999e-01,9.99999e-01,1.33319e-06,9.99991e-01,9.96373e-01
8.854913888e+00,2.42138e-04,9.99999e-01,9.99999e-01,2.42958e-04,9.99992e-01,9.96635e-01
8.899188457e+00,1.39214e-04,9.99999e-01,9.99999e-01,1.39657e-04,9.99992e-01,9.96835e-01
8.943684399e+00,3.29719e-06,9.99999e-01,9.99999e-01,3.30710e-06,9.99992e-01,9.97011e-01
8.988402821e+00,1.40216e-06,9.99999e-01,9.99999e-01,1.40617e-06,9.99992e-01,9.97155e-01
9.033344836e+00,6.90570e-07,9.99999e-01,9.99999e-01,6.92438e-07,9.99992e-01,9.97308e-01
9.078511560e+00,1.19705e-05,9.99999e-01,9.99999e-01,1.20009e-05,9.99992e-01,9.97467e-01
9.123904118e+00,1.82524e-04,9.99999e-01,9.99999e-01,1.82974e-04,9.99992e-01,9.97545e-01
9.169523638e+00,2.50974e-04,9.99999e-01,9.99999e-01,2.51578e-04,9.99993e-01,9.97603e-01
9.215371256e+00,2.97972e-03,9.99999e-01,9.99999e-01,2.98674e-03,9.99993e-01,9.97652e-01
9.261448113e+00,1.86630e-03,9.99999e-01,9.99999e-01,1.87062e-03,9.99993e-01,9.97699e-01
9.307755353e+00,1.52312e-04,9.99999e-01,9.99999e-01,1.52660e-04,9.99993e-01,9.97730e-01
9.354294130e+00,6.08958e-05,9.99999e-01,9.99999e-01,6.10335e-05,9.99993e-01,9.97749e-01
9.401065601e+00,1.00641e-07,9.99999e-01,9.99999e-01,1.00870e-07,9.99993e-01,9.97735e-01
9.448070929e+00,3.16952e-05,9.99999e-01,9.99999e-01,3.17682e-05,9.99993e-01,9.97705e-01
9.495311283e+00,1.08492e-03,9.99999e-01,9.99999e-01,1.08748e-03,9.99993e-01,9.97651e-01
9.542787840e+00,6.72821e-03,9.99999e-01,9.99999e-01,6.74450e-03,9.99994e-01,9.97589e-01
9.590501779e+00,8.64468e-04,9.99999e-01,9.99999e-01,8.66623e-04,9.99994e-01,9.97518e-01
9.638454288e+00,3.97336e-04,9.99999e-01,9.99999e-01,3.98355e-04,9.99994e-01,9.97447e-01
9.686646559e+00,5.87351e-04,9.99999e-01,9.99999e-01,5.88899e-04,9.99994e-01,9.97377e-01
9.735079792e+00,3.95081e-03,9.99999e-01,9.99999e-01,3.96157e-03,9.99994e-01,9.97289e-01
9.783755191e+00,1.77631e-03,9.99999e-01,9.99999e-01,1.78132e-03,9.99994e-01,9.97191e-01
9.832673967e+00,1.87079e-05,9.99999e-01,9.99999e-01,1.87628e-05,9.99994e-01,9.97076e-01
9.881837337e+00,6.65215e-10,9.99999e-01,9.99999e-01,6.67251e-10,9.99994e-01,9.96952e-01
9.931246523e+00,1.97154e-04,9.99999e-01,9.99999e-01,1.97785e-04,9.99994e-01,9.96811e-01
9.980902756e+00,1.30525e-03,9.99999e-01,9.99999e-01,1.30962e-03,9.99994e-01,9.96663e-01
1.003080727e+01,1.22439e-03,9.99999e-01,9.99999e-01,1.22869e-03,9.99995e-01,9.96505e-01
1.008096131e+01,3.13187e-03,9.99999e-01,9.99999e-01,3.14338e-03,9.99995e-01,9.96341e-01
1.013136611e+01,1.32935e-02,9.99999e-01,9.99999e-01,1.33447e-02,9.99995e-01,9.96164e-01
1.018202294e+01,1.85795e-02,9.99999e-01,9.99999e-01,1.86546e-02,9.99995e-01,9.95981e-01
1.023293306e+01,2.54481e-03,9.99999e-01,9.99999e-01,2.55560e-03,9.99995e-01,9.95780e-01
1.028409772e+01,1.79995e-05,9.99999e-01,9.99999e-01,1.80796e-05,9.99995e-01,9.95569e-01
1.033551821e+01,1.64495e-06,9.99999e-01,9.99999e-01,1.65264e-06,9.99995e-01,9.95345e-01
1.038719580e+01,4.89498e-08,9.99999e-01,9.99999e-01,4.91904e-08,9.99995e-01,9.95112e-01
1.043913178e+01,2.44079e-08,9.99999e-01,9.99999e-01,2.45341e-08,9.99995e-01,9.94859e-01
1.049132744e+01,3.06199e-05,9.99999e-01,9.99999e-01,3.07867e-05,9.99995e-01,9.94588e-01
1.054378408e+01,1.00020e-04,9.99999e-01,9.99999e-01,1.00593e-04,9.99995e-01,9.94306e-01
1.059650300e+01,5.86589e-05,9.99999e-01,9.99999e-01,5.90125e-05,9.99995e-01,9.94010e-01
1.064948551e+01,2.82747e-05,9.99999e-01,9.99999e-01,2.84540e-05,9.99995e-01,9.93702e-01
1.070273294e+01,1.36109e-06,9.99999e-01,9.99999e-01,1.37019e-06,9.99996e-01,9.93367e-01
1.075624661e+01,8.73615e-07,9.99999e-01,9.99999e-01,8.79752e-07,9.99996e-01,9.93026e-01
1.081002784e+01,1.61544e-06,9.99999e-01,9.99999e-01,1.62738e-06,9.99996e-01,9.92667e-01
1.086407798e+01,8.21151e-09,9.99999e-01,9.99999e-01,8.27520e-09,9.99996e-01,9.92306e-01
1.091839837e+01,1.16565e-12,9.99999e-01,9.99999e-01,1.17518e-12,9.99996e-01,9.91891e-01
1.097299036e+01,1.55607e-20,9.99999e-01,9.99999e-01,1.56946e-20,9.99996e-01,9.91473e-01
1.102785531e+01,2.67200e-24,9.99999e-01,9.99999e-01,2.69620e-24,9.99996e-01,9.91023e-01
1.108299459e+01,7.87135e-10,9.99999e-01,9.99999e-01,7.94635e-10,9.99996e-01,9.90563e-01
1.113840956e+01,5.29878e-07,9.99999e-01,9.99999e-01,5.35190e-07,9.99996e-01,9.90076e-01
1.119410161e+01,5.01317e-06,9.99999e-01,9.99999e-01,5.06602e-06,9.99996e-01,9.89568e-01
1.125007212e+01,1.39081e-07,9.99999e-01,9.99999e-01,1.40623e-07,9.99996e-01,9.89034e-01
1.130632248e+01,6.71427e-08,9.99999e-01,9.99999e-01,6.79274e-08,9.99996e-01,9.88450e-01
1.136285409e+01,1.23125e-06,9.99999e-01,9.99999e-01,1.24638e-06,9.99996e-01,9.87862e-01
1.141966836e+01,3.01401e-06,9.99999e-01,9.99999e-01,3.05296e-06,9.99996e-01,9.87242e-01
1.147676670e+01,2.05682e-07,9.99999e-01,9.99999e-01,2.08472e-07,9.99996e-01,9.86618e-01
1.153415054e+01,6.44204e-09,9.99999e-01,9.99999e-01,6.53388e-09,9.99996e-01,9.85945e-01
1.159182129e+01,5.75489e-15,9.99999e-01,9.99999e-01,5.84103e-15,9.99996e-01,9.85255e-01
1.164978039e+01,6.14574e-19,9.99999e-01,9.99999e-01,6.24234e-19,9.99997e-01,9.84526e-01
1.170802930e+01,4.38019e-26,9.99999e-01,9.99999e-01,4.45254e-26,9.99997e-01,9.83751e-01
1.176656944e+01,1.81701e-15,9.99999e-01,9.99999e-01,1.84851e-15,9.99997e-01,9.82960e-01
1.182540229e+01,1.20819e-11,9.99999e-01,9.99999e-01,1.23025e-11,9.99997e-01,9.82067e-01
1.188452930e+01,2.14229e-11,9.99999e-01,9.99999e-01,2.18341e-11,9.99997e-01,9.81169e-01
1.194395195e+01,1.09253e-10,9.99999e-01,9.99999e-01,1.11465e-10,9.99997e-01,9.80162e-01
1.200367171e+01,9.49643e-09,9.99999e-01,9.99999e-01,9.69902e-09,9.99997e-01,9.79114e-01
1.206369007e+01,4.27157e-10,9.99999e-01,9.99999e-01,4.36756e-10,9.99997e-01,9.78022e-01
1.212400852e+01,1.01370e-08,9.99999e-01,9.99999e-01,1.03773e-08,9.99997e-01,9.76849e-01
1.218462856e+01,8.33887e-09,9.99999e-01,9.99999e-01,8.54681e-09,9.99997e-01,9.75672e-01
1.224555170e+01,1.64569e-11,9.99999e-01,9.99999e-01,1.68879e-11,9.99997e-01,9.74483e-01
1.230677946e+01,4.91675e-21,9.99999e-01,9.99999e-01,5.05168e-21,9.99997e-01,9.73290e-01
1.236831336e+01,1.35622e-23,9.99999e-01,9.99999e-01,1.39523e-23,9.99997e-01,9.72043e-01
1.243015492e+01,3.07415e-43,9.99999e-01,9.99999e-01,3.16684e-43,9.99997e-01,9.70731e-01
1.249230570e+01,1.65583e-40,9.99999e-01,9.99999e-01,1.70808e-40,9.99997e-01,9.69414e-01
1.255476723e+01,4.15134e-35,9.99999e-01,9.99999e-01,4.28858e-35,9.99997e-01,9.67999e-01
1.261754106e+01,1.08224e-16,9.99999e-01,9.99999e-01,1.11966e-16,9.99997e-01,9.66575e-01
1.268062877e+01,5.81785e-15,9.99999e-01,9.99999e-01,6.02854e-15,9.99997e-01,9.65051e-01
1.274403191e+01,3.75416e-14,9.99999e-01,9.99999e-01,3.89679e-14,9.99997e-01,9.63399e-01
1.280775207e+01,4.74141e-13,9.99999e-01,9.99999e-01,4.93003e-13,9.99997e-01,9.61741e-01
1.287179083e+01,7.50563e-15,9.99999e-01,9.99999e-01,7.81892e-15,9.99997e-01,9.59933e-01
1.293614979e+01,4.47903e-15,9.99999e-01,9.99999e-01,4.67491e-15,9.99997e-01,9.58100e-01
1.300083054e+01,1.98252e-18,9.99999e-01,9.99999e-01,2.07326e-18,9.99997e-01,9.56235e-01
1.306583469e+01,3.08687e-24,9.99999e-01,9.99999e-01,3.23469e-24,9.99997e-01,9.54302e-01
1.313116386e+01,7.32718e-25,9.99999e-01,9.99999e-01,7.69368e-25,9.99997e-01,9.52363e-01
1.319681968e+01,5.56035e-27,9.99999e-01,9.99999e-01,5.85136e-27,9.99998e-01,9.50266e-01
1.326280378e+01,5.73145e-40,9.99999e-01,9.99999e-01,6.04526e-40,9.99998e-01,9.48090e-01
1.332911780e+01,2.67456e-45,9.99999e-01,9.99999e-01,2.82753e-45,9.99998e-01,9.45900e-01
1.339576339e+01,8.05519e-46,9.99999e-01,9.99999e-01,8.53940e-46,9.99998e-01,9.43298e-01
1.346274221e+01,9.67680e-69,9.99999e-01,9.99999e-01,1.02869e-68,9.99998e-01,9.40690e-01
1.353005592e+01,1.26658e-35,9.99999e-01,9.99999e-01,1.35045e-35,9.99998e-01,9.37891e-01
1.359770620e+01,1.38592e-33,9.99999e-01,9.99999e-01,1.48273e-33,9.99998e-01,9.34708e-01
1.366569473e+01,8.02550e-32,9.99999e-01,9.99999e-01,8.61549e-32,9.99998e-01,9.31520e-01
1.373402320e+01,7.73579e-24,9.99999e-01,9.99999e-01,8.33371e-24,9.99998e-01,9.28253e-01
1.380269332e+01,7.61653e-23,9.99999e-01,9.99999e-01,8.23469e-23,9.99998e-01,9.24931e-01
1.387170678e+01,2.65837e-28,9.99999e-01,9.99999e-01,2.88450e-28,9.99998e-01,9.21605e-01
1.394106532e+01,3.58600e-34,9.99999e-01,9.99999e-01,3.90514e-34,9.99998e-01,9.18277e-01
1.401077064e+01,5.08717e-40,9.99999e-01,9.99999e-01,5.56009e-40,9.99998e-01,9.14945e-01
1.408082450e+01,2.78538e-41,9.99999e-01,9.99999e-01,3.05548e-41,9.99998e-01,9.11602e-01
1.415122862e+01,1.43397e-57,9.99999e-01,9.99999e-01,1.57916e-57,9.99998e-01,9.08057e-01
1.422198476e+01,1.68916e-78,9.99999e-01,9.99999e-01,1.86749e-78,9.99998e-01,9.04509e-01
1.429309469e+01,4.91204e-78,9.99999e-01,9.99999e-01,5.45268e-78,9.99998e-01,9.00849e-01
1.436456016e+01,2.55592e-95,9.99999e-01,9.99999e-01,2.85032e-95,9.99998e-01,8.96713e-01
1.443638296e+01,1.28248e-111,9.99999e-01,9.99999e-01,1.43683e-111,9.99998e-01,8.92576e-01
1.450856487e+01,8.61257e-73,9.99999e-01,9.99999e-01,9.69515e-73,9.99998e-01,8.88338e-01
1.458110770e+01,7.06813e-53,9.99999e-01,9.99999e-01,7.99679e-53,9.99998e-01,8.83871e-01
1.465401324e+01,8.74294e-49,9.99999e-01,9.99999e-01,9.94189e-49,9.99998e-01,8.79404e-01
1.472728330e+01,2.28031e-48,9.99999e-01,9.99999e-01,2.60668e-48,9.99998e-01,8.74792e-01
1.480091972e+01,1.43559e-51,9.99999e-01,9.99999e-01,1.65022e-51,9.99998e-01,8.69939e-01
1.487492432e+01,2.07658e-90,9.99999e-01,9.99999e-01,2.40043e-90,9.99998e-01,8.65089e-01
1.494929894e+01,2.86400e-70,9.99999e-01,9.99999e-01,3.33043e-70,9.99998e-01,8.59948e-01
1.502404544e+01,7.13673e-60,9.99999e-01,9.99999e-01,8.35313e-60,9.99998e-01,8.54378e-01
1.509916566e+01,1.77097e-58,9.99999e-01,9.99999e-01,2.08640e-58,9.99998e-01,8.48817e-01
1.517466149e+01,5.48558e-62,9.99999e-01,9.99999e-01,6.50663e-62,9.99998e-01,8.43075e-01
1.525053480e+01,1.82595e-58,9.99999e-01,9.99999e-01,2.18142e-58,9.99998e-01,8.37048e-01
1.532678747e+01,1.24825e-66,9.99999e-01,9.99999e-01,1.50204e-66,9.99998e-01,8.31034e-01
1.540342141e+01,3.43036e-86,9.99999e-01,9.99999e-01,4.33030e-86,9.99998e-01,7.92176e-01
1.548043852e+01,3.85054e-96,9.99999e-01,9.99999e-01,4.91344e-96,9.99998e-01,7.83674e-01
1.555784071e+01,1.37852e-120,9.99999e-01,9.99999e-01,1.77566e-120,9.99998e-01,7.76343e-01
1.563562991e+01,4.00975e-183,9.99999e-01,9.99999e-01,5.21451e-183,9.99998e-01,7.68960e-01
1.571380806e+01,7.59923e-185,9.99999e-01,9.99999e-01,9.98156e-185,9.99998e-01,7.61327e-01
1.579237710e+01,5.78327e-132,9.99999e-01,9.99999e-01,7.67311e-132,9.99998e-01,7.53706e-01
1.587133899e+01,4.70338e-117,9.99999e-01,9.99999e-01,6.30481e-117,9.99998e-01,7.45998e-01
1.595069568e+01,2.34351e-125,9.99999e-01,9.99999e-01,3.18072e-125,9.99998e-01,7.36787e-01
1.603044916e+01,7.73659e-175,9.99999e-01,9.99999e-01,1.06328e-174,9.99998e-01,7.27617e-01
1.611060141e+01,4.42790e-168,9.99999e-01,9.99999e-01,6.16255e-168,9.99998e-01,7.18518e-01
1.619115441e+01,5.11719e-165,9.99999e-01,9.99999e-01,7.21569e-165,9.99998e-01,7.09175e-01
1.627211019e+01,2.11498e-184,9.99999e-01,9.99999e-01,3.02212e-184,9.99998e-01,6.99834e-01
1.635347074e+01,4.14762e-170,9.99999e-01,9.99999e-01,6.00628e-170,9.99998e-01,6.90547e-01
1.643523809e+01,2.26451e-173,9.99999e-01,9.99999e-01,3.32493e-173,9.99998e-01,6.81068e-01
1.651741428e+01,1.42982e-181,9.99999e-01,9.99999e-01,2.12933e-181,9.99998e-01,6.71489e-01
1.660000135e+01,7.29564e-231,9.99999e-01,9.99999e-01,1.10208e-230,9.99998e-01,6.61988e-01
1.668300136e+01,2.02333e-236,9.99999e-01,9.99999e-01,3.10025e-236,9.99998e-01,6.52634e-01
1.676641637e+01,7.58983e-211,9.99999e-01,9.99999e-01,1.17937e-210,9.99998e-01,6.43551e-01
1.685024845e+01,1.07773e-215,9.99999e-01,9.99999e-01,1.69840e-215,9.99998e-01,6.34555e-01
1.693449969e+01,9.97808e-269,9.99999e-01,9.99999e-01,1.59492e-268,9.99998e-01,6.25614e-01
1.701917219e+01,1.18603e-287,9.99999e-01,9.99999e-01,1.92459e-287,9.99998e-01,6.16252e-01
1.710426805e+01,0.00000e+00,9.99999e-01,9.99999e-01,0.00000e+00,9.99998e-01,6.06928e-01
1.718978939e+01,0.00000e+00,9.99999e-01,9.99999e-01,0.00000e+00,9.99998e-01,5.97677e-01
1.727573834e+01,0.00000e+00,9.99999e-01,9.99999e-01,0.00000e+00,9.99998e-01,5.87724e-01
1.736211703e+01,0.00000e+00,9.99999e-01,9.99999e-01,0.00000e+00,9.99999e-01,5.77033e-01
1.744892761e+01,0.00000e+00,9.99999e-01,9.99999e-01,0.00000e+00,9.99999e-01,5.66486e-01
1.753617225e+01,4.25917e-304,9.99999e-01,9.99999e-01,7.65957e-304,9.99999e-01,5.56058e-01
1.762385311e+01,7.19649e-301,9.99999e-01,9.99999e-01,1.31900e-300,9.99999e-01,5.45600e-01
1.771197238e+01,6.24771e-319,9.99999e-01,9.99999e-01,1.16718e-318,9.99999e-01,5.35283e-01
1.780053224e+01,0.00000e+00,9.99999e-01,9.99999e-01,0.00000e+00,9.99999e-01,5.25092e-01
1.788953490e+01,0.00000e+00,9.99999e-01,9.99999e-01,0.00000e+00,9.99999e-01,5.13973e-01
1.797898258e+01,0.00000e+00,9.99999e-01,9.99999e-01,0.00000e+00,9.99999e-01,5.01717e-01
1.806887749e+01,0.00000e+00,9.99999e-01,9.99999e-01,0.00000e+00,9.99999e-01,4.89692e-01
1.815922188e+01,0.00000e+00,9.99999e-01,9.99999e-01,0.00000e+00,9.99999e-01,4.77878e-01
1.825001799e+01,0.00000e+00,9.99999e-01,9.99999e-01,0.00000e+00,9.99999e-01,4.66147e-01
1.834126808e+01,0.00000e+00,9.99999e-01,9.99999e-01,0.00000e+00,9.99999e-01,4.54620e-01
1.843297442e+01,0.00000e+00,9.99999e-01,9.99999e-01,0.00000e+00,9.99999e-01,4.43302e-01
1.852513929e+01,0.00000e+00,9.99999e-01,9.99999e-01,0.00000e+00,9.99999e-01,4.32154e-01
1.861776499e+01,0.00000e+00,9.99999e-01,9.99999e-01,0.00000e+00,9.99999e-01,4.20976e-01
1.871085381e+01,0.00000e+00,9.99999e-01,9.99999e-01,0.00000e+00,9.99999e-01,4.10007e-01
1.880440808e+01,0.00000e+00,9.99999e-01,9.99999e-01,0.00000e+00,9.99999e-01,3.99278e-01
1.889843012e+01,0.00000e+00,9.99999e-01,9.99999e-01,0.00000e+00,9.99999e-01,3.88803e-01
1.899292227e+01,0.00000e+00,9.99999e-01,9.99999e-01,0.00000e+00,9.99999e-01,3.78599e-01
1.908788688e+01,0.00000e+00,9.99999e-01,9.99999e-01,0.00000e+00,9.99999e-01,3.68613e-01
1.918332632e+01,0.00000e+00,9.99999e-01,9.99999e-01,0.00000e+00,9.99999e-01,3.58829e-01
1.927924295e+01,0.00000e+00,9.99999e-01,9.99999e-01,0.00000e+00,9.99999e-01,3.48610e-01
1.937563916e+01,0.00000e+00,9.99999e-01,9.99999e-01,0.00000e+00,9.99999e-01,3.38180e-01
1.947251736e+01,0.00000e+00,9.99999e-01,9.99999e-01,0.00000e+00,9.99999e-01,3.28023e-01
1.956987994e+01,0.00000e+00,9.99999e-01,9.99999e-01,0.00000e+00,9.99999e-01,3.18105e-01
1.966772934e+01,0.00000e+00,9.99999e-01,9.99999e-01,0.00000e+00,9.99999e-01,3.07454e-01
1.976606799e+01,0.00000e+00,9.99999e-01,9.99999e-01,0.00000e+00,9.99999e-01,2.96697e-01
1.986489833e+01,0.00000e+00,9.99999e-01,9.99999e-01,0.00000e+00,9.99999e-01,2.86252e-01
1.996422282e+01,0.00000e+00,9.99999e-01,9.99999e-01,0.00000e+00,9.99999e-01,2.76115e-01
