#,Wave/freq,Total,N2,O2,Rayleigh,CIA
4.000000000e-01,9.31263e-01,9.99999e-01,9.99999e-01,9.31263e-01,9.99999e-01
4.020000000e-01,9.32576e-01,9.99999e-01,9.99999e-01,9.32576e-01,9.99999e-01
4.040100000e-01,9.33862e-01,9.99999e-01,9.99999e-01,9.33862e-01,9.99999e-01
4.060300500e-01,9.35125e-01,9.99999e-01,9.99999e-01,9.35125e-01,9.99999e-01
4.080602003e-01,9.36365e-01,9.99999e-01,9.99999e-01,9.36365e-01,9.99999e-01
4.101005013e-01,9.37582e-01,9.99999e-01,9.99999e-01,9.37582e-01,9.99999e-01
4.121510038e-01,9.38776e-01,9.99999e-01,9.99999e-01,9.38776e-01,9.99999e-01
4.142117588e-01,9.39949e-01,9.99999e-01,9.99999e-01,9.39949e-01,9.99999e-01
4.162828176e-01,9.41099e-01,9.99999e-01,9.99999e-01,9.41099e-01,9.99999e-01
4.183642317e-01,9.42228e-01,9.99999e-01,9.99999e-01,9.42228e-01,9.99999e-01
4.204560528e-01,9.43336e-01,9.99999e-01,9.99999e-01,9.43336e-01,9.99999e-01
4.225583331e-01,9.44424e-01,9.99999e-01,9.99999e-01,9.44424e-01,9.99999e-01
4.246711247e-01,9.45491e-01,9.99999e-01,9.99999e-01,9.45491e-01,9.99999e-01
4.267944804e-01,9.46538e-01,9.99999e-01,9.99999e-01,9.46538e-01,9.99999e-01
4.289284528e-01,9.47566e-01,9.99999e-01,9.99999e-01,9.47566e-01,9.99999e-01
4.310730950e-01,9.48575e-01,9.99999e-01,9.99999e-01,9.48575e-01,9.99999e-01
4.332284605e-01,9.49565e-01,9.99999e-01,9.99999e-01,9.49565e-01,9.99999e-01
4.353946028e-01,9.50536e-01,9.99999e-01,9.99999e-01,9.50536e-01,9.99999e-01
4.375715758e-01,9.51489e-01,9.99999e-01,9.99999e-01,9.51489e-01,9.99999e-01
4.397594337e-01,9.52424e-01,9.99999e-01,9.99999e-01,9.52424e-01,9.99999e-01
4.419582309e-01,9.53341e-01,9.99999e-01,9.99999e-01,9.53341e-01,9.99999e-01
4.441680220e-01,9.54241e-01,9.99999e-01,9.99999e-01,9.54241e-01,9.99999e-01
4.463888621e-01,9.55125e-01,9.99999e-01,9.99999e-01,9.55125e-01,9.99999e-01
4.486208064e-01,9.55991e-01,9.99999e-01,9.99999e-01,9.55991e-01,9.99999e-01
4.508639105e-01,9.56841e-01,9.99999e-01,9.99999e-01,9.56841e-01,9.99999e-01
4.531182300e-01,9.57675e-01,9.99999e-01,9.99999e-01,9.57675e-01,9.99999e-01
4.553838212e-01,9.58494e-01,9.99999e-01,9.99999e-01,9.58494e-01,9.99999e-01
4.576607403e-01,9.59297e-01,9.99999e-01,9.99999e-01,9.59297e-01,9.99999e-01
4.599490440e-01,9.60085e-01,9.99999e-01,9.99999e-01,9.60085e-01,9.99999e-01
4.622487892e-01,9.60857e-01,9.99999e-01,9.99999e-01,9.60857e-01,9.99999e-01
4.645600332e-01,9.61615e-01,9.99999e-01,9.99999e-01,9.61615e-01,9.99999e-01
4.668828333e-01,9.62359e-01,9.99999e-01,9.99999e-01,9.62359e-01,9.99999e-01
4.692172475e-01,9.63089e-01,9.99999e-01,9.99999e-01,9.63089e-01,9.99999e-01
4.715633337e-01,9.63804e-01,9.99999e-01,9.99999e-01,9.63804e-01,9.99999e-01
4.739211504e-01,9.64507e-01,9.99999e-01,9.99999e-01,9.64507e-01,9.99999e-01
4.762907561e-01,9.65195e-01,9.99999e-01,9.99999e-01,9.65195e-01,9.99999e-01
4.786722099e-01,9.65871e-01,9.99999e-01,9.99999e-01,9.65871e-01,9.99999e-01
4.810655710e-01,9.66534e-01,9.99999e-01,9.99999e-01,9.66534e-01,9.99999e-01
4.834708988e-01,9.67184e-01,9.99999e-01,9.99999e-01,9.67184e-01,9.99999e-01
4.858882533e-01,9.67821e-01,9.99999e-01,9.99999e-01,9.67821e-01,9.99999e-01
4.883176946e-01,9.68447e-01,9.99999e-01,9.99999e-01,9.68447e-01,9.99999e-01
4.907592831e-01,9.69060e-01,9.99999e-01,9.99999e-01,9.69060e-01,9.99999e-01
4.932130795e-01,9.69662e-01,9.99999e-01,9.99999e-01,9.69662e-01,9.99999e-01
4.956791449e-01,9.70252e-01,9.99999e-01,9.99999e-01,9.70252e-01,9.99999e-01
4.981575406e-01,9.70831e-01,9.99999e-01,9.99999e-01,9.70831e-01,9.99999e-01
5.006483283e-01,9.71399e-01,9.99999e-01,9.99999e-01,9.71399e-01,9.99999e-01
5.031515699e-01,9.71956e-01,9.99999e-01,9.99999e-01,9.71956e-01,9.99999e-01
5.056673278e-01,9.72502e-01,9.99999e-01,9.99999e-01,9.72502e-01,9.99999e-01
5.081956644e-01,9.73038e-01,9.99999e-01,9.99999e-01,9.73038e-01,9.99999e-01
5.107366428e-01,9.73563e-01,9.99999e-01,9.99999e-01,9.73563e-01,9.99999e-01
5.132903260e-01,9.74079e-01,9.99999e-01,9.99999e-01,9.74079e-01,9.99999e-01
5.158567776e-01,9.74584e-01,9.99999e-01,9.99999e-01,9.74584e-01,9.99999e-01
5.184360615e-01,9.75080e-01,9.99999e-01,9.99999e-01,9.75080e-01,9.99999e-01
5.210282418e-01,9.75566e-01,9.99999e-01,9.99999e-01,9.75566e-01,9.99999e-01
5.236333830e-01,9.76043e-01,9.99999e-01,9.99999e-01,9.76043e-01,9.99999e-01
5.262515499e-01,9.76510e-01,9.99999e-01,9.99999e-01,9.76510e-01,9.99999e-01
5.288828077e-01,9.76969e-01,9.99999e-01,9.99999e-01,9.76969e-01,9.99999e-01
5.315272217e-01,9.77419e-01,9.99999e-01,9.99999e-01,9.77419e-01,9.99999e-01
5.341848578e-01,9.77860e-01,9.99999e-01,9.99999e-01,9.77860e-01,9.99999e-01
5.368557821e-01,9.78292e-01,9.99999e-01,9.99999e-01,9.78292e-01,9.99999e-01
5.395400610e-01,9.78716e-01,9.99999e-01,9.99999e-01,9.78716e-01,9.99999e-01
5.422377613e-01,9.79132e-01,9.99999e-01,9.99999e-01,9.79132e-01,9.99999e-01
5.449489501e-01,9.79540e-01,9.99999e-01,9.99999e-01,9.79540e-01,9.99999e-01
5.476736949e-01,9.79940e-01,9.99999e-01,9.99999e-01,9.79940e-01,9.99999e-01
5.504120634e-01,9.80333e-01,9.99999e-01,9.99999e-01,9.80333e-01,9.99999e-01
5.531641237e-01,9.80717e-01,9.99999e-01,9.99999e-01,9.80717e-01,9.99999e-01
5.559299443e-01,9.81094e-01,9.99999e-01,9.99999e-01,9.81094e-01,9.99999e-01
5.587095940e-01,9.81464e-01,9.99999e-01,9.99999e-01,9.81464e-01,9.99999e-01
5.615031420e-01,9.81827e-01,9.99999e-01,9.99999e-01,9.81827e-01,9.99999e-01
5.643106577e-01,9.82183e-01,9.99999e-01,9.99999e-01,9.82183e-01,9.99999e-01
5.671322110e-01,9.82532e-01,9.99999e-01,9.99999e-01,9.82532e-01,9.99999e-01
5.699678720e-01,9.82874e-01,9.99999e-01,9.99999e-01,9.82874e-01,9.99999e-01
5.728177114e-01,9.83209e-01,9.99999e-01,9.99999e-01,9.83209e-01,9.99999e-01
5.756818000e-01,9.83538e-01,9.99999e-01,9.99999e-01,9.83538e-01,9.99999e-01
5.785602090e-01,9.83861e-01,9.99999e-01,9.99999e-01,9.83861e-01,9.99999e-01
5.814530100e-01,9.84177e-01,9.99999e-01,9.99999e-01,9.84177e-01,9.99999e-01
5.843602750e-01,9.84487e-01,9.99999e-01,9.99999e-01,9.84487e-01,9.99999e-01
5.872820764e-01,9.84791e-01,9.99999e-01,9.99999e-01,9.84791e-01,9.99999e-01
5.902184868e-01,9.85089e-01,9.99999e-01,9.99999e-01,9.85089e-01,9.99999e-01
5.931695792e-01,9.85381e-01,9.99999e-01,9.99999e-01,9.85381e-01,9.99999e-01
5.961354271e-01,9.85668e-01,9.99999e-01,9.99999e-01,9.85668e-01,9.99999e-01
5.991161043e-01,9.85949e-01,9.99999e-01,9.99999e-01,9.85949e-01,9.99999e-01
6.021116848e-01,9.86225e-01,9.99999e-01,9.99999e-01,9.86225e-01,9.99999e-01
6.051222432e-01,9.86495e-01,9.99999e-01,9.99999e-01,9.86495e-01,9.99999e-01
6.081478544e-01,9.86760e-01,9.99999e-01,9.99999e-01,9.86760e-01,9.99999e-01
6.111885937e-01,9.87020e-01,9.99999e-01,9.99999e-01,9.87020e-01,9.99999e-01
6.142445367e-01,9.87274e-01,9.99999e-01,9.99999e-01,9.87274e-01,9.99999e-01
6.173157594e-01,9.87524e-01,9.99999e-01,9.99999e-01,9.87524e-01,9.99999e-01
6.204023382e-01,9.87769e-01,9.99999e-01,9.99999e-01,9.87769e-01,9.99999e-01
6.235043498e-01,9.88009e-01,9.99999e-01,9.99999e-01,9.88009e-01,9.99999e-01
6.266218716e-01,9.88245e-01,9.99999e-01,9.99999e-01,9.88245e-01,9.99999e-01
6.297549810e-01,9.88476e-01,9.99999e-01,9.99999e-01,9.88476e-01,9.99999e-01
6.329037559e-01,9.88702e-01,9.99999e-01,9.99999e-01,9.88702e-01,9.99999e-01
6.360682746e-01,9.88924e-01,9.99999e-01,9.99999e-01,9.88924e-01,9.99999e-01
6.392486160e-01,9.89141e-01,9.99999e-01,9.99999e-01,9.89141e-01,9.99999e-01
6.424448591e-01,9.89355e-01,9.99999e-01,9.99999e-01,9.89355e-01,9.99999e-01
6.456570834e-01,9.89564e-01,9.99999e-01,9.99999e-01,9.89564e-01,9.99999e-01
6.488853688e-01,9.89769e-01,9.99999e-01,9.99999e-01,9.89769e-01,9.99999e-01
6.521297956e-01,9.89970e-01,9.99999e-01,9.99999e-01,9.89970e-01,9.99999e-01
6.553904446e-01,9.90167e-01,9.99999e-01,9.99999e-01,9.90167e-01,9.99999e-01
6.586673968e-01,9.90360e-01,9.99999e-01,9.99999e-01,9.90360e-01,9.99999e-01
6.619607338e-01,9.90550e-01,9.99999e-01,9.99999e-01,9.90550e-01,9.99999e-01
6.652705375e-01,9.90736e-01,9.99999e-01,9.99999e-01,9.90736e-01,9.99999e-01
6.685968902e-01,9.90918e-01,9.99999e-01,9.99999e-01,9.90918e-01,9.99999e-01
6.719398746e-01,9.91096e-01,9.99999e-01,9.99999e-01,9.91096e-01,9.99999e-01
6.752995740e-01,9.91271e-01,9.99999e-01,9.99999e-01,9.91271e-01,9.99999e-01
6.786760719e-01,9.91443e-01,9.99999e-01,9.99999e-01,9.91443e-01,9.99999e-01
6.820694522e-01,9.91611e-01,9.99999e-01,9.99999e-01,9.91611e-01,9.99999e-01
6.854797995e-01,9.91776e-01,9.99999e-01,9.99999e-01,9.91776e-01,9.99999e-01
6.889071985e-01,9.91938e-01,9.99999e-01,9.99999e-01,9.91938e-01,9.99999e-01
6.923517345e-01,9.92097e-01,9.99999e-01,9.99999e-01,9.92097e-01,9.99999e-01
6.958134932e-01,9.92252e-01,9.99999e-01,9.99999e-01,9.92252e-01,9.99999e-01
6.992925606e-01,9.92405e-01,9.99999e-01,9.99999e-01,9.92405e-01,9.99999e-01
7.027890234e-01,9.92554e-01,9.99999e-01,9.99999e-01,9.92554e-01,9.99999e-01
7.063029686e-01,9.92701e-01,9.99999e-01,9.99999e-01,9.92701e-01,9.99999e-01
7.098344834e-01,9.92844e-01,9.99999e-01,9.99999e-01,9.92844e-01,9.99999e-01
7.133836558e-01,9.92985e-01,9.99999e-01,9.99999e-01,9.92985e-01,9.99999e-01
7.169505741e-01,9.93123e-01,9.99999e-01,9.99999e-01,9.93123e-01,9.99999e-01
7.205353270e-01,9.93258e-01,9.99999e-01,9.99999e-01,9.93258e-01,9.99999e-01
7.241380036e-01,9.93391e-01,9.99999e-01,9.99999e-01,9.93391e-01,9.99999e-01
7.277586936e-01,9.93521e-01,9.99999e-01,9.99999e-01,9.93521e-01,9.99999e-01
7.313974871e-01,9.93649e-01,9.99999e-01,9.99999e-01,9.93649e-01,9.99999e-01
7.350544745e-01,9.93774e-01,9.99999e-01,9.99999e-01,9.93774e-01,9.99999e-01
7.387297469e-01,9.93896e-01,9.99999e-01,9.99999e-01,9.93896e-01,9.99999e-01
7.424233956e-01,9.94017e-01,9.99999e-01,9.99999e-01,9.94017e-01,9.99999e-01
7.461355126e-01,9.94134e-01,9.99999e-01,9.99999e-01,9.94134e-01,9.99999e-01
7.498661902e-01,9.94250e-01,9.99999e-01,9.99999e-01,9.94250e-01,9.99999e-01
7.536155211e-01,9.94363e-01,9.99999e-01,9.99999e-01,9.94363e-01,9.99999e-01
7.573835987e-01,9.94474e-01,9.99999e-01,9.99999e-01,9.94474e-01,9.99999e-01
7.611705167e-01,9.94583e-01,9.99999e-01,9.99999e-01,9.94583e-01,9.99999e-01
7.649763693e-01,9.94690e-01,9.99999e-01,9.99999e-01,9.94690e-01,9.99999e-01
7.688012511e-01,9.94794e-01,9.99999e-01,9.99999e-01,9.94794e-01,9.99999e-01
7.726452574e-01,9.94897e-01,9.99999e-01,9.99999e-01,9.94897e-01,9.99999e-01
7.765084837e-01,9.94997e-01,9.99999e-01,9.99999e-01,9.94997e-01,9.99999e-01
7.803910261e-01,9.95096e-01,9.99999e-01,9.99999e-01,9.95096e-01,9.99999e-01
7.842929812e-01,9.95193e-01,9.99999e-01,9.99999e-01,9.95193e-01,9.99999e-01
7.882144461e-01,9.95287e-01,9.99999e-01,9.99999e-01,9.95287e-01,9.99999e-01
7.921555184e-01,9.95380e-01,9.99999e-01,9.99999e-01,9.95380e-01,9.99999e-01
7.961162960e-01,9.95471e-01,9.99999e-01,9.99999e-01,9.95471e-01,9.99999e-01
8.000968774e-01,9.95560e-01,9.99999e-01,9.99999e-01,9.95560e-01,9.99999e-01
8.040973618e-01,9.95648e-01,9.99999e-01,9.99999e-01,9.95648e-01,9.99999e-01
8.081178486e-01,9.95734e-01,9.99999e-01,9.99999e-01,9.95734e-01,9.99999e-01
8.121584379e-01,9.95818e-01,9.99999e-01,9.99999e-01,9.95818e-01,9.99999e-01
8.162192301e-01,9.95900e-01,9.99999e-01,9.99999e-01,9.95900e-01,9.99999e-01
8.203003262e-01,9.95981e-01,9.99999e-01,9.99999e-01,9.95981e-01,9.99999e-01
8.244018279e-01,9.96060e-01,9.99999e-01,9.99999e-01,9.96060e-01,9.99999e-01
8.285238370e-01,9.96138e-01,9.99999e-01,9.99999e-01,9.96138e-01,9.99999e-01
8.326664562e-01,9.96214e-01,9.99999e-01,9.99999e-01,9.96214e-01,9.99999e-01
8.368297885e-01,9.96289e-01,9.99999e-01,9.99999e-01,9.96289e-01,9.99999e-01
8.410139374e-01,9.96362e-01,9.99999e-01,9.99999e-01,9.96362e-01,9.99999e-01
8.452190071e-01,9.96433e-01,9.99999e-01,9.99999e-01,9.96433e-01,9.99999e-01
8.494451021e-01,9.96504e-01,9.99999e-01,9.99999e-01,9.96504e-01,9.99999e-01
8.536923276e-01,9.96573e-01,9.99999e-01,9.99999e-01,9.96573e-01,9.99999e-01
8.579607893e-01,9.96640e-01,9.99999e-01,9.99999e-01,9.96640e-01,9.99999e-01
8.622505932e-01,9.96706e-01,9.99999e-01,9.99999e-01,9.96706e-01,9.99999e-01
8.665618462e-01,9.96771e-01,9.99999e-01,9.99999e-01,9.96771e-01,9.99999e-01
8.708946554e-01,9.96835e-01,9.99999e-01,9.99999e-01,9.96835e-01,9.99999e-01
8.752491287e-01,9.96897e-01,9.99999e-01,9.99999e-01,9.96897e-01,9.99999e-01
8.796253743e-01,9.96959e-01,9.99999e-01,9.99999e-01,9.96959e-01,9.99999e-01
8.840235012e-01,9.97019e-01,9.99999e-01,9.99999e-01,9.97019e-01,9.99999e-01
8.884436187e-01,9.97077e-01,9.99999e-01,9.99999e-01,9.97077e-01,9.99999e-01
8.928858368e-01,9.97135e-01,9.99999e-01,9.99999e-01,9.97135e-01,9.99999e-01
8.973502660e-01,9.97191e-01,9.99999e-01,9.99999e-01,9.97191e-01,9.99999e-01
9.018370173e-01,9.97247e-01,9.99999e-01,9.99999e-01,9.97247e-01,9.99999e-01
9.063462024e-01,9.97301e-01,9.99999e-01,9.99999e-01,9.97301e-01,9.99999e-01
9.108779334e-01,9.97354e-01,9.99999e-01,9.99999e-01,9.97354e-01,9.99999e-01
9.154323231e-01,9.97407e-01,9.99999e-01,9.99999e-01,9.97407e-01,9.99999e-01
9.200094847e-01,9.97458e-01,9.99999e-01,9.99999e-01,9.97458e-01,9.99999e-01
9.246095321e-01,9.97508e-01,9.99999e-01,9.99999e-01,9.97508e-01,9.99999e-01
9.292325798e-01,9.97557e-01,9.99999e-01,9.99999e-01,9.97557e-01,9.99999e-01
9.338787427e-01,9.97605e-01,9.99999e-01,9.99999e-01,9.97605e-01,9.99999e-01
9.385481364e-01,9.97652e-01,9.99999e-01,9.99999e-01,9.97652e-01,9.99999e-01
9.432408771e-01,9.97699e-01,9.99999e-01,9.99999e-01,9.97699e-01,9.99999e-01
9.479570815e-01,9.97744e-01,9.99999e-01,9.99999e-01,9.97744e-01,9.99999e-01
9.526968669e-01,9.97789e-01,9.99999e-01,9.99999e-01,9.97789e-01,9.99999e-01
9.574603512e-01,9.97832e-01,9.99999e-01,9.99999e-01,9.97832e-01,9.99999e-01
9.622476530e-01,9.97875e-01,9.99999e-01,9.99999e-01,9.97875e-01,9.99999e-01
9.670588912e-01,9.97917e-01,9.99999e-01,9.99999e-01,9.97917e-01,9.99999e-01
9.718941857e-01,9.97958e-01,9.99999e-01,9.99999e-01,9.97958e-01,9.99999e-01
9.767536566e-01,9.97998e-01,9.99999e-01,9.99999e-01,9.97998e-01,9.99999e-01
9.816374249e-01,9.98038e-01,9.99999e-01,9.99999e-01,9.98038e-01,9.99999e-01
9.865456120e-01,9.98076e-01,9.99999e-01,9.99999e-01,9.98076e-01,9.99999e-01
9.914783401e-01,9.98114e-01,9.99999e-01,9.99999e-01,9.98114e-01,9.99999e-01
9.964357318e-01,9.98151e-01,9.99999e-01,9.99999e-01,9.98151e-01,9.99999e-01
1.001417910e+00,9.98188e-01,9.99999e-01,9.99999e-01,9.98188e-01,9.99999e-01
1.006425000e+00,9.98224e-01,9.99999e-01,9.99999e-01,9.98224e-01,9.99999e-01
1.011457125e+00,9.98259e-01,9.99999e-01,9.99999e-01,9.98259e-01,9.99999e-01
1.016514411e+00,9.98293e-01,9.99999e-01,9.99999e-01,9.98293e-01,9.99999e-01
1.021596983e+00,9.98327e-01,9.99999e-01,9.99999e-01,9.98327e-01,9.99999e-01
1.026704968e+00,9.98360e-01,9.99999e-01,9.99999e-01,9.98360e-01,9.99999e-01
1.031838492e+00,9.98392e-01,9.99999e-01,9.99999e-01,9.98392e-01,9.99999e-01
1.036997685e+00,9.98424e-01,9.99999e-01,9.99999e-01,9.98424e-01,9.99999e-01
1.042182673e+00,9.98455e-01,9.99999e-01,9.99999e-01,9.98455e-01,9.99999e-01
1.047393587e+00,9.98485e-01,9.99999e-01,9.99999e-01,9.98485e-01,9.99999e-01
1.052630555e+00,9.98515e-01,9.99999e-01,9.99999e-01,9.98515e-01,9.99999e-01
1.057893707e+00,9.98545e-01,9.99999e-01,9.99999e-01,9.98545e-01,9.99999e-01
1.063183176e+00,9.98573e-01,9.99999e-01,9.99999e-01,9.98573e-01,9.99999e-01
1.068499092e+00,9.98601e-01,9.99999e-01,9.99999e-01,9.98601e-01,9.99999e-01
1.073841587e+00,9.98629e-01,9.99999e-01,9.99999e-01,9.98629e-01,9.99999e-01
1.079210795e+00,9.98656e-01,9.99999e-01,9.99999e-01,9.98656e-01,9.99999e-01
1.084606849e+00,9.98683e-01,9.99999e-01,9.99999e-01,9.98683e-01,9.99999e-01
1.090029883e+00,9.98709e-01,9.99999e-01,9.99999e-01,9.98709e-01,9.99999e-01
1.095480033e+00,9.98734e-01,9.99999e-01,9.99999e-01,9.98734e-01,9.99999e-01
1.100957433e+00,9.98759e-01,9.99999e-01,9.99999e-01,9.98759e-01,9.99999e-01
1.106462220e+00,9.98783e-01,9.99999e-01,9.99999e-01,9.98783e-01,9.99999e-01
1.111994531e+00,9.98807e-01,9.99999e-01,9.99999e-01,9.98807e-01,9.99999e-01
1.117554504e+00,9.98831e-01,9.99999e-01,9.99999e-01,9.98831e-01,9.99999e-01
1.123142276e+00,9.98854e-01,9.99999e-01,9.99999e-01,9.98854e-01,9.99999e-01
1.128757988e+00,9.98877e-01,9.99999e-01,9.99999e-01,9.98877e-01,9.99999e-01
1.134401778e+00,9.98899e-01,9.99999e-01,9.99999e-01,9.98899e-01,9.99999e-01
1.140073787e+00,9.98921e-01,9.99999e-01,9.99999e-01,9.98921e-01,9.99999e-01
1.145774156e+00,9.98942e-01,9.99999e-01,9.99999e-01,9.98942e-01,9.99999e-01
1.151503026e+00,9.98963e-01,9.99999e-01,9.99999e-01,9.98963e-01,9.99999e-01
1.157260541e+00,9.98983e-01,9.99999e-01,9.99999e-01,9.98983e-01,9.99999e-01
1.163046844e+00,9.99003e-01,9.99999e-01,9.99999e-01,9.99003e-01,9.99999e-01
1.168862078e+00,9.99023e-01,9.99999e-01,9.99999e-01,9.99023e-01,9.99999e-01
1.174706389e+00,9.99042e-01,9.99999e-01,9.99999e-01,9.99042e-01,9.99999e-01
1.180579921e+00,9.99061e-01,9.99999e-01,9.99999e-01,9.99061e-01,9.99999e-01
1.186482820e+00,9.99080e-01,9.99999e-01,9.99999e-01,9.99080e-01,9.99999e-01
1.192415234e+00,9.99098e-01,9.99999e-01,9.99999e-01,9.99098e-01,9.99999e-01
1.198377311e+00,9.99115e-01,9.99999e-01,9.99999e-01,9.99115e-01,9.99999e-01
1.204369197e+00,9.99133e-01,9.99999e-01,9.99999e-01,9.99133e-01,9.99999e-01
1.210391043e+00,9.99150e-01,9.99999e-01,9.99999e-01,9.99150e-01,9.99999e-01
1.216442998e+00,9.99167e-01,9.99999e-01,9.99999e-01,9.99167e-01,9.99999e-01
1.222525213e+00,9.99183e-01,9.99999e-01,9.99999e-01,9.99183e-01,9.99999e-01
1.228637839e+00,9.99199e-01,9.99999e-01,9.99999e-01,9.99199e-01,9.99999e-01
1.234781029e+00,9.99215e-01,9.99999e-01,9.99999e-01,9.99215e-01,9.99999e-01
1.240954934e+00,9.99231e-01,9.99999e-01,9.99999e-01,9.99231e-01,9.99999e-01
1.247159708e+00,9.99246e-01,9.99999e-01,9.99999e-01,9.99246e-01,9.99999e-01
1.253395507e+00,9.99261e-01,9.99999e-01,9.99999e-01,9.99261e-01,9.99999e-01
1.259662485e+00,9.99275e-01,9.99999e-01,9.99999e-01,9.99275e-01,9.99999e-01
1.265960797e+00,9.99290e-01,9.99999e-01,9.99999e-01,9.99290e-01,9.99999e-01
1.272290601e+00,9.99304e-01,9.99999e-01,9.99999e-01,9.99304e-01,9.99999e-01
1.278652054e+00,9.99317e-01,9.99999e-01,9.99999e-01,9.99317e-01,9.99999e-01
1.285045314e+00,9.99331e-01,9.99999e-01,9.99999e-01,9.99331e-01,9.99999e-01
1.291470541e+00,9.99344e-01,9.99999e-01,9.99999e-01,9.99344e-01,9.99999e-01
1.297927893e+00,9.99357e-01,9.99999e-01,9.99999e-01,9.99357e-01,9.99999e-01
1.304417533e+00,9.99370e-01,9.99999e-01,9.99999e-01,9.99370e-01,9.99999e-01
1.310939621e+00,9.99382e-01,9.99999e-01,9.99999e-01,9.99382e-01,9.99999e-01
1.317494319e+00,9.99394e-01,9.99999e-01,9.99999e-01,9.99394e-01,9.99999e-01
1.324081790e+00,9.99406e-01,9.99999e-01,9.99999e-01,9.99406e-01,9.99999e-01
1.330702199e+00,9.99418e-01,9.99999e-01,9.99999e-01,9.99418e-01,9.99999e-01
1.337355710e+00,9.99429e-01,9.99999e-01,9.99999e-01,9.99429e-01,9.99999e-01
1.344042489e+00,9.99441e-01,9.99999e-01,9.99999e-01,9.99441e-01,9.99999e-01
1.350762701e+00,9.99452e-01,9.99999e-01,9.99999e-01,9.99452e-01,9.99999e-01
1.357516515e+00,9.99462e-01,9.99999e-01,9.99999e-01,9.99462e-01,9.99999e-01
1.364304097e+00,9.99473e-01,9.99999e-01,9.99999e-01,9.99473e-01,9.99999e-01
1.371125618e+00,9.99483e-01,9.99999e-01,9.99999e-01,9.99483e-01,9.99999e-01
1.377981246e+00,9.99494e-01,9.99999e-01,9.99999e-01,9.99494e-01,9.99999e-01
1.384871152e+00,9.99504e-01,9.99999e-01,9.99999e-01,9.99504e-01,9.99999e-01
1.391795508e+00,9.99513e-01,9.99999e-01,9.99999e-01,9.99513e-01,9.99999e-01
1.398754485e+00,9.99523e-01,9.99999e-01,9.99999e-01,9.99523e-01,9.99999e-01
1.405748258e+00,9.99532e-01,9.99999e-01,9.99999e-01,9.99532e-01,9.99999e-01
1.412776999e+00,9.99541e-01,9.99999e-01,9.99999e-01,9.99542e-01,9.99999e-01
1.419840884e+00,9.99550e-01,9.99999e-01,9.99999e-01,9.99551e-01,9.99999e-01
1.426940089e+00,9.99559e-01,9.99999e-01,9.99999e-01,9.99559e-01,9.99999e-01
1.434074789e+00,9.99568e-01,9.99999e-01,9.99999e-01,9.99568e-01,9.99999e-01
1.441245163e+00,9.99577e-01,9.99999e-01,9.99999e-01,9.99577e-01,9.99999e-01
1.448451389e+00,9.99585e-01,9.99999e-01,9.99999e-01,9.99585e-01,9.99999e-01
1.455693646e+00,9.99593e-01,9.99999e-01,9.99999e-01,9.99593e-01,9.99999e-01
1.462972114e+00,9.99601e-01,9.99999e-01,9.99999e-01,9.99601e-01,9.99999e-01
1.470286975e+00,9.99609e-01,9.99999e-01,9.99999e-01,9.99609e-01,9.99999e-01
1.477638409e+00,9.99617e-01,9.99999e-01,9.99999e-01,9.99617e-01,9.99999e-01
1.485026601e+00,9.99624e-01,9.99999e-01,9.99999e-01,9.99624e-01,9.99999e-01
1.492451734e+00,9.99632e-01,9.99999e-01,9.99999e-01,9.99632e-01,9.99999e-01
1.499913993e+00,9.99639e-01,9.99999e-01,9.99999e-01,9.99639e-01,9.99999e-01
1.507413563e+00,9.99646e-01,9.99999e-01,9.99999e-01,9.99646e-01,9.99999e-01
1.514950631e+00,9.99653e-01,9.99999e-01,9.99999e-01,9.99653e-01,9.99999e-01
1.522525384e+00,9.99660e-01,9.99999e-01,9.99999e-01,9.99660e-01,9.99999e-01
1.530138011e+00,9.99667e-01,9.99999e-01,9.99999e-01,9.99667e-01,9.99999e-01
1.537788701e+00,9.99673e-01,9.99999e-01,9.99999e-01,9.99673e-01,9.99999e-01
1.545477645e+00,9.99680e-01,9.99999e-01,9.99999e-01,9.99680e-01,9.99999e-01
1.553205033e+00,9.99686e-01,9.99999e-01,9.99999e-01,9.99686e-01,9.99999e-01
1.560971058e+00,9.99692e-01,9.99999e-01,9.99999e-01,9.99692e-01,9.99999e-01
1.568775913e+00,9.99698e-01,9.99999e-01,9.99999e-01,9.99698e-01,9.99999e-01
1.576619793e+00,9.99704e-01,9.99999e-01,9.99999e-01,9.99704e-01,9.99999e-01
1.584502892e+00,9.99710e-01,9.99999e-01,9.99999e-01,9.99710e-01,9.99999e-01
1.592425406e+00,9.99716e-01,9.99999e-01,9.99999e-01,9.99716e-01,9.99999e-01
1.600387533e+00,9.99721e-01,9.99999e-01,9.99999e-01,9.99721e-01,9.99999e-01
1.608389471e+00,9.99727e-01,9.99999e-01,9.99999e-01,9.99727e-01,9.99999e-01
1.616431418e+00,9.99732e-01,9.99999e-01,9.99999e-01,9.99732e-01,9.99999e-01
1.624513575e+00,9.99737e-01,9.99999e-01,9.99999e-01,9.99737e-01,9.99999e-01
1.632636143e+00,9.99742e-01,9.99999e-01,9.99999e-01,9.99742e-01,9.99999e-01
1.640799324e+00,9.99748e-01,9.99999e-01,9.99999e-01,9.99748e-01,9.99999e-01
1.649003321e+00,9.99752e-01,9.99999e-01,9.99999e-01,9.99752e-01,9.99999e-01
1.657248337e+00,9.99757e-01,9.99999e-01,9.99999e-01,9.99757e-01,9.99999e-01
1.665534579e+00,9.99762e-01,9.99999e-01,9.99999e-01,9.99762e-01,9.99999e-01
1.673862252e+00,9.99767e-01,9.99999e-01,9.99999e-01,9.99767e-01,9.99999e-01
1.682231563e+00,9.99771e-01,9.99999e-01,9.99999e-01,9.99771e-01,9.99999e-01
1.690642721e+00,9.99776e-01,9.99999e-01,9.99999e-01,9.99776e-01,9.99999e-01
1.699095934e+00,9.99780e-01,9.99999e-01,9.99999e-01,9.99780e-01,9.99999e-01
1.707591414e+00,9.99785e-01,9.99999e-01,9.99999e-01,9.99785e-01,9.99999e-01
1.716129371e+00,9.99789e-01,9.99999e-01,9.99999e-01,9.99789e-01,9.99999e-01
1.724710018e+00,9.99793e-01,9.99999e-01,9.99999e-01,9.99793e-01,9.99999e-01
1.733333568e+00,9.99797e-01,9.99999e-01,9.99999e-01,9.99797e-01,9.99999e-01
1.742000236e+00,9.99801e-01,9.99999e-01,9.99999e-01,9.99801e-01,9.99999e-01
1.750710237e+00,9.99805e-01,9.99999e-01,9.99999e-01,9.99805e-01,9.99999e-01
1.759463788e+00,9.99809e-01,9.99999e-01,9.99999e-01,9.99809e-01,9.99999e-01
1.768261107e+00,9.99813e-01,9.99999e-01,9.99999e-01,9.99813e-01,9.99999e-01
1.777102413e+00,9.99816e-01,9.99999e-01,9.99999e-01,9.99816e-01,9.99999e-01
1.785987925e+00,9.99820e-01,9.99999e-01,9.99999e-01,9.99820e-01,9.99999e-01
1.794917864e+00,9.99823e-01,9.99999e-01,9.99999e-01,9.99823e-01,9.99999e-01
1.803892454e+00,9.99827e-01,9.99999e-01,9.99999e-01,9.99827e-01,9.99999e-01
1.812911916e+00,9.99830e-01,9.99999e-01,9.99999e-01,9.99830e-01,9.99999e-01
1.821976476e+00,9.99834e-01,9.99999e-01,9.99999e-01,9.99834e-01,9.99999e-01
1.831086358e+00,9.99837e-01,9.99999e-01,9.99999e-01,9.99837e-01,9.99999e-01
1.840241790e+00,9.99840e-01,9.99999e-01,9.99999e-01,9.99840e-01,9.99999e-01
1.849442999e+00,9.99843e-01,9.99999e-01,9.99999e-01,9.99843e-01,9.99999e-01
1.858690214e+00,9.99846e-01,9.99999e-01,9.99999e-01,9.99846e-01,9.99999e-01
1.867983665e+00,9.99849e-01,9.99999e-01,9.99999e-01,9.99849e-01,9.99999e-01
1.877323583e+00,9.99852e-01,9.99999e-01,9.99999e-01,9.99852e-01,9.99999e-01
1.886710201e+00,9.99855e-01,9.99999e-01,9.99999e-01,9.99855e-01,9.99999e-01
1.896143752e+00,9.99858e-01,9.99999e-01,9.99999e-01,9.99858e-01,9.99999e-01
1.905624471e+00,9.99861e-01,9.99999e-01,9.99999e-01,9.99861e-01,9.99999e-01
1.915152593e+00,9.99863e-01,9.99999e-01,9.99999e-01,9.99863e-01,9.99999e-01
1.924728356e+00,9.99866e-01,9.99999e-01,9.99999e-01,9.99866e-01,9.99999e-01
1.934351998e+00,9.99869e-01,9.99999e-01,9.99999e-01,9.99869e-01,9.99999e-01
1.944023758e+00,9.99871e-01,9.99999e-01,9.99999e-01,9.99871e-01,9.99999e-01
1.953743877e+00,9.99874e-01,9.99999e-01,9.99999e-01,9.99874e-01,9.99999e-01
1.963512596e+00,9.99876e-01,9.99999e-01,9.99999e-01,9.99876e-01,9.99999e-01
1.973330159e+00,9.99879e-01,9.99999e-01,9.99999e-01,9.99879e-01,9.99999e-01
1.983196810e+00,9.99881e-01,9.99999e-01,9.99999e-01,9.99881e-01,9.99999e-01
1.993112794e+00,9.99883e-01,9.99999e-01,9.99999e-01,9.99883e-01,9.99999e-01
2.003078358e+00,9.99883e-01,9.99999e-01,9.99999e-01,9.99886e-01,9.99996e-01
2.013093750e+00,9.99882e-01,9.99999e-01,9.99999e-01,9.99888e-01,9.99993e-01
2.023159218e+00,9.99880e-01,9.99999e-01,9.99999e-01,9.99890e-01,9.99989e-01
2.033275015e+00,9.99877e-01,9.99999e-01,9.99999e-01,9.99892e-01,9.99984e-01
2.043441390e+00,9.99870e-01,9.99999e-01,9.99999e-01,9.99894e-01,9.99974e-01
2.053658597e+00,9.99854e-01,9.99999e-01,9.99999e-01,9.99897e-01,9.99957e-01
2.063926890e+00,9.99826e-01,9.99999e-01,9.99999e-01,9.99899e-01,9.99927e-01
2.074246524e+00,9.99774e-01,9.99998e-01,9.99999e-01,9.99901e-01,9.99874e-01
2.084617757e+00,9.99692e-01,9.99998e-01,9.99999e-01,9.99902e-01,9.99790e-01
2.095040845e+00,9.99578e-01,9.99997e-01,9.99999e-01,9.99904e-01,9.99675e-01
2.105516050e+00,9.99439e-01,9.99997e-01,9.99999e-01,9.99906e-01,9.99534e-01
2.116043630e+00,9.99328e-01,9.99997e-01,9.99999e-01,9.99908e-01,9.99421e-01
2.126623848e+00,9.99254e-01,9.99997e-01,9.99999e-01,9.99910e-01,9.99345e-01
2.137256967e+00,9.99177e-01,9.99997e-01,9.99999e-01,9.99912e-01,9.99266e-01
2.147943252e+00,9.99032e-01,9.99998e-01,9.99999e-01,9.99913e-01,9.99118e-01
2.158682968e+00,9.98889e-01,9.99994e-01,9.99999e-01,9.99915e-01,9.98978e-01
2.169476383e+00,9.99140e-01,9.99997e-01,9.99999e-01,9.99917e-01,9.99224e-01
2.180323765e+00,9.99360e-01,9.99998e-01,9.99999e-01,9.99918e-01,9.99442e-01
2.191225384e+00,9.99458e-01,9.99998e-01,9.99999e-01,9.99920e-01,9.99538e-01
2.202181511e+00,9.99563e-01,9.99998e-01,9.99999e-01,9.99921e-01,9.99641e-01
2.213192418e+00,9.99672e-01,9.99998e-01,9.99999e-01,9.99923e-01,9.99748e-01
2.224258381e+00,9.99765e-01,9.99998e-01,9.99999e-01,9.99925e-01,9.99840e-01
2.235379672e+00,9.99835e-01,9.99999e-01,9.99999e-01,9.99926e-01,9.99908e-01
2.246556571e+00,9.99876e-01,9.99999e-01,9.99999e-01,9.99927e-01,9.99948e-01
2.257789354e+00,9.99900e-01,9.99999e-01,9.99999e-01,9.99929e-01,9.99971e-01
2.269078300e+00,9.99915e-01,9.99999e-01,9.99999e-01,9.99930e-01,9.99984e-01
2.280423692e+00,9.99923e-01,9.99999e-01,9.99999e-01,9.99932e-01,9.99990e-01
2.291825810e+00,9.99928e-01,9.99999e-01,9.99999e-01,9.99933e-01,9.99994e-01
2.303284939e+00,9.99931e-01,9.99999e-01,9.99999e-01,9.99934e-01,9.99996e-01
2.314801364e+00,9.99934e-01,9.99999e-01,9.99999e-01,9.99936e-01,9.99997e-01
2.326375371e+00,9.99937e-01,9.99999e-01,9.99999e-01,9.99937e-01,9.99999e-01
2.338007248e+00,9.99938e-01,9.99999e-01,9.99999e-01,9.99938e-01,9.99999e-01
2.349697284e+00,9.99939e-01,9.99999e-01,9.99999e-01,9.99939e-01,9.99999e-01
2.361445770e+00,9.99940e-01,9.99999e-01,9.99999e-01,9.99940e-01,9.99999e-01
2.373252999e+00,9.99942e-01,9.99999e-01,9.99999e-01,9.99942e-01,9.99999e-01
2.385119264e+00,9.99943e-01,9.99999e-01,9.99999e-01,9.99943e-01,9.99999e-01
2.397044861e+00,9.99944e-01,9.99999e-01,9.99999e-01,9.99944e-01,9.99999e-01
2.409030085e+00,9.99945e-01,9.99999e-01,9.99999e-01,9.99945e-01,9.99999e-01
2.421075235e+00,9.99946e-01,9.99999e-01,9.99999e-01,9.99946e-01,9.99999e-01
2.433180612e+00,9.99947e-01,9.99999e-01,9.99999e-01,9.99947e-01,9.99999e-01
2.445346515e+00,9.99948e-01,9.99999e-01,9.99999e-01,9.99948e-01,9.99999e-01
2.457573247e+00,9.99949e-01,9.99999e-01,9.99999e-01,9.99949e-01,9.99999e-01
2.469861113e+00,9.99950e-01,9.99999e-01,9.99999e-01,9.99950e-01,9.99999e-01
2.482210419e+00,9.99951e-01,9.99999e-01,9.99999e-01,9.99951e-01,9.99999e-01
2.494621471e+00,9.99952e-01,9.99999e-01,9.99999e-01,9.99952e-01,9.99999e-01
2.507094578e+00,9.99953e-01,9.99999e-01,9.99999e-01,9.99953e-01,9.99999e-01
2.519630051e+00,9.99954e-01,9.99999e-01,9.99999e-01,9.99954e-01,9.99999e-01
2.532228202e+00,9.99955e-01,9.99999e-01,9.99999e-01,9.99955e-01,9.99999e-01
2.544889343e+00,9.99956e-01,9.99999e-01,9.99999e-01,9.99956e-01,9.99999e-01
2.557613789e+00,9.99956e-01,9.99999e-01,9.99999e-01,9.99956e-01,9.99999e-01
2.570401858e+00,9.99957e-01,9.99999e-01,9.99999e-01,9.99957e-01,9.99999e-01
2.583253867e+00,9.99958e-01,9.99999e-01,9.99999e-01,9.99958e-01,9.99999e-01
2.596170137e+00,9.99959e-01,9.99999e-01,9.99999e-01,9.99959e-01,9.99999e-01
2.609150988e+00,9.99960e-01,9.99999e-01,9.99999e-01,9.99960e-01,9.99999e-01
2.622196742e+00,9.99960e-01,9.99999e-01,9.99999e-01,9.99960e-01,9.99999e-01
2.635307726e+00,9.99961e-01,9.99999e-01,9.99999e-01,9.99961e-01,9.99999e-01
2.648484265e+00,9.99962e-01,9.99999e-01,9.99999e-01,9.99962e-01,9.99999e-01
2.661726686e+00,9.99963e-01,9.99999e-01,9.99999e-01,9.99963e-01,9.99999e-01
2.675035320e+00,9.99963e-01,9.99999e-01,9.99999e-01,9.99963e-01,9.99999e-01
2.688410496e+00,9.99964e-01,9.99999e-01,9.99999e-01,9.99964e-01,9.99999e-01
2.701852549e+00,9.99965e-01,9.99999e-01,9.99999e-01,9.99965e-01,9.99999e-01
2.715361811e+00,9.99965e-01,9.99999e-01,9.99999e-01,9.99965e-01,9.99999e-01
2.728938620e+00,9.99966e-01,9.99999e-01,9.99999e-01,9.99966e-01,9.99999e-01
2.742583314e+00,9.99967e-01,9.99999e-01,9.99999e-01,9.99967e-01,9.99999e-01
2.756296230e+00,9.99967e-01,9.99999e-01,9.99999e-01,9.99967e-01,9.99999e-01
2.770077711e+00,9.99968e-01,9.99999e-01,9.99999e-01,9.99968e-01,9.99999e-01
2.783928100e+00,9.99969e-01,9.99999e-01,9.99999e-01,9.99969e-01,9.99999e-01
2.797847740e+00,9.99969e-01,9.99999e-01,9.99999e-01,9.99969e-01,9.99999e-01
2.811836979e+00,9.99970e-01,9.99999e-01,9.99999e-01,9.99970e-01,9.99999e-01
2.825896164e+00,9.99970e-01,9.99999e-01,9.99999e-01,9.99970e-01,9.99999e-01
2.840025645e+00,9.99971e-01,9.99999e-01,9.99999e-01,9.99971e-01,9.99999e-01
2.854225773e+00,9.99972e-01,9.99999e-01,9.99999e-01,9.99972e-01,9.99999e-01
2.868496902e+00,9.99972e-01,9.99999e-01,9.99999e-01,9.99972e-01,9.99999e-01
2.882839386e+00,9.99973e-01,9.99999e-01,9.99999e-01,9.99973e-01,9.99999e-01
2.897253583e+00,9.99973e-01,9.99999e-01,9.99999e-01,9.99973e-01,9.99999e-01
2.911739851e+00,9.99974e-01,9.99999e-01,9.99999e-01,9.99974e-01,9.99999e-01
2.926298550e+00,9.99974e-01,9.99999e-01,9.99999e-01,9.99974e-01,9.99999e-01
2.940930043e+00,9.99975e-01,9.99999e-01,9.99999e-01,9.99975e-01,9.99999e-01
2.955634693e+00,9.99975e-01,9.99999e-01,9.99999e-01,9.99975e-01,9.99999e-01
2.970412867e+00,9.99976e-01,9.99999e-01,9.99999e-01,9.99976e-01,9.99999e-01
2.985264931e+00,9.99976e-01,9.99999e-01,9.99999e-01,9.99976e-01,9.99999e-01
3.000191256e+00,9.99976e-01,9.99999e-01,9.99999e-01,9.99976e-01,9.99999e-01
3.015192212e+00,9.99977e-01,9.99999e-01,9.99999e-01,9.99977e-01,9.99999e-01
3.030268173e+00,9.99977e-01,9.99999e-01,9.99999e-01,9.99977e-01,9.99999e-01
3.045419514e+00,9.99978e-01,9.99999e-01,9.99999e-01,9.99978e-01,9.99999e-01
3.060646612e+00,9.99978e-01,9.99999e-01,9.99999e-01,9.99978e-01,9.99999e-01
3.075949845e+00,9.99979e-01,9.99999e-01,9.99999e-01,9.99979e-01,9.99999e-01
3.091329594e+00,9.99979e-01,9.99999e-01,9.99999e-01,9.99979e-01,9.99999e-01
3.106786242e+00,9.99979e-01,9.99999e-01,9.99999e-01,9.99979e-01,9.99999e-01
3.122320173e+00,9.99980e-01,9.99999e-01,9.99999e-01,9.99980e-01,9.99999e-01
3.137931774e+00,9.99980e-01,9.99999e-01,9.99999e-01,9.99980e-01,9.99999e-01
3.153621433e+00,9.99981e-01,9.99999e-01,9.99999e-01,9.99981e-01,9.99999e-01
3.169389540e+00,9.99981e-01,9.99999e-01,9.99999e-01,9.99981e-01,9.99999e-01
3.185236488e+00,9.99981e-01,9.99999e-01,9.99999e-01,9.99981e-01,9.99999e-01
3.201162670e+00,9.99982e-01,9.99999e-01,9.99999e-01,9.99982e-01,9.99999e-01
3.217168483e+00,9.99982e-01,9.99999e-01,9.99999e-01,9.99982e-01,9.99999e-01
3.233254326e+00,9.99982e-01,9.99999e-01,9.99999e-01,9.99982e-01,9.99999e-01
3.249420598e+00,9.99983e-01,9.99999e-01,9.99999e-01,9.99983e-01,9.99999e-01
3.265667701e+00,9.99983e-01,9.99999e-01,9.99999e-01,9.99983e-01,9.99999e-01
3.281996039e+00,9.99983e-01,9.99999e-01,9.99999e-01,9.99983e-01,9.99999e-01
3.298406019e+00,9.99984e-01,9.99999e-01,9.99999e-01,9.99984e-01,9.99999e-01
3.314898049e+00,9.99984e-01,9.99999e-01,9.99999e-01,9.99984e-01,9.99999e-01
3.331472540e+00,9.99943e-01,9.99999e-01,9.99999e-01,9.99984e-01,9.99958e-01
3.348129902e+00,9.99732e-01,9.99999e-01,9.99999e-01,9.99984e-01,9.99746e-01
3.364870552e+00,9.98249e-01,9.99999e-01,9.99999e-01,9.99985e-01,9.98264e-01
3.381694905e+00,9.98687e-01,9.99999e-01,9.99999e-01,9.99985e-01,9.98701e-01
3.398603379e+00,9.98496e-01,9.99999e-01,9.99999e-01,9.99985e-01,9.98510e-01
3.415596396e+00,9.98445e-01,9.99999e-01,9.99999e-01,9.99986e-01,9.98458e-01
3.432674378e+00,9.99151e-01,9.99999e-01,9.99999e-01,9.99986e-01,9.99164e-01
3.449837750e+00,9.99415e-01,9.99999e-01,9.99999e-01,9.99986e-01,9.99428e-01
3.467086939e+00,9.99312e-01,9.99999e-01,9.99999e-01,9.99986e-01,9.99325e-01
3.484422373e+00,9.99220e-01,9.99999e-01,9.99999e-01,9.99987e-01,9.99232e-01
3.501844485e+00,9.99492e-01,9.99999e-01,9.99999e-01,9.99987e-01,9.99504e-01
3.519353708e+00,9.99853e-01,9.99999e-01,9.99999e-01,9.99987e-01,9.99865e-01
3.536950476e+00,9.99960e-01,9.99999e-01,9.99999e-01,9.99987e-01,9.99972e-01
3.554635228e+00,9.99912e-01,9.99999e-01,9.99999e-01,9.99988e-01,9.99923e-01
3.572408405e+00,9.99885e-01,9.99999e-01,9.99999e-01,9.99988e-01,9.99897e-01
3.590270447e+00,9.99871e-01,9.99999e-01,9.99999e-01,9.99988e-01,9.99882e-01
3.608221799e+00,9.99791e-01,9.99999e-01,9.99999e-01,9.99988e-01,9.99802e-01
3.626262908e+00,9.99720e-01,9.99999e-01,9.99999e-01,9.99988e-01,9.99731e-01
3.644394222e+00,9.99583e-01,9.99999e-01,9.99999e-01,9.99989e-01,9.99594e-01
3.662616193e+00,9.99435e-01,9.99999e-01,9.99999e-01,9.99989e-01,9.99446e-01
3.680929274e+00,9.99236e-01,9.99999e-01,9.99999e-01,9.99989e-01,9.99246e-01
3.699333921e+00,9.99002e-01,9.99999e-01,9.99999e-01,9.99989e-01,9.99012e-01
3.717830590e+00,9.98695e-01,9.99999e-01,9.99999e-01,9.99989e-01,9.98704e-01
3.736419743e+00,9.98262e-01,9.99999e-01,9.99999e-01,9.99990e-01,9.98271e-01
3.755101842e+00,9.97810e-01,9.99999e-01,9.99999e-01,9.99990e-01,9.97819e-01
3.773877351e+00,9.97186e-01,9.99999e-01,9.99999e-01,9.99990e-01,9.97196e-01
3.792746738e+00,9.96316e-01,9.99998e-01,9.99999e-01,9.99990e-01,9.96325e-01
3.811710472e+00,9.95293e-01,9.99998e-01,9.99999e-01,9.99990e-01,9.95303e-01
3.830769024e+00,9.94044e-01,9.99997e-01,9.99999e-01,9.99991e-01,9.94055e-01
3.849922869e+00,9.92450e-01,9.99995e-01,9.99999e-01,9.99991e-01,9.92462e-01
3.869172484e+00,9.90448e-01,9.99993e-01,9.99999e-01,9.99991e-01,9.90462e-01
3.888518346e+00,9.87760e-01,9.99989e-01,9.99999e-01,9.99991e-01,9.87778e-01
3.907960938e+00,9.84240e-01,9.99986e-01,9.99999e-01,9.99991e-01,9.84260e-01
3.927500742e+00,9.79683e-01,9.99977e-01,9.99999e-01,9.99991e-01,9.79712e-01
3.947138246e+00,9.73718e-01,9.99968e-01,9.99999e-01,9.99991e-01,9.73755e-01
3.966873937e+00,9.66049e-01,9.99964e-01,9.99999e-01,9.99992e-01,9.66090e-01
3.986708307e+00,9.56532e-01,9.99942e-01,9.99999e-01,9.99992e-01,9.56593e-01
4.006641849e+00,9.45021e-01,9.99924e-01,9.99999e-01,9.99992e-01,9.45098e-01
4.026675058e+00,9.31944e-01,9.99938e-01,9.99999e-01,9.99992e-01,9.32007e-01
4.046808433e+00,9.17995e-01,9.99934e-01,9.99999e-01,9.99992e-01,9.18060e-01
4.067042475e+00,9.04152e-01,9.99907e-01,9.99999e-01,9.99992e-01,9.04241e-01
4.087377688e+00,8.91357e-01,9.99891e-01,9.99999e-01,9.99992e-01,8.91459e-01
4.107814576e+00,8.81026e-01,9.99873e-01,9.99999e-01,9.99993e-01,8.81143e-01
4.128353649e+00,8.74265e-01,9.99872e-01,9.99999e-01,9.99993e-01,8.74382e-01
4.148995417e+00,8.71124e-01,9.99911e-01,9.99999e-01,9.99993e-01,8.71206e-01
4.169740394e+00,8.71700e-01,9.99918e-01,9.99999e-01,9.99993e-01,8.71777e-01
4.190589096e+00,8.74583e-01,9.99923e-01,9.99999e-01,9.99993e-01,8.74654e-01
4.211542042e+00,8.75420e-01,9.99929e-01,9.99999e-01,9.99993e-01,8.75486e-01
4.232599752e+00,8.70746e-01,9.99956e-01,9.99999e-01,9.99993e-01,8.70788e-01
4.253762751e+00,8.56301e-01,9.99969e-01,9.99999e-01,9.99993e-01,8.56331e-01
4.275031564e+00,8.29594e-01,9.99950e-01,9.99999e-01,9.99994e-01,8.29639e-01
4.296406722e+00,8.20603e-01,9.99520e-01,9.99999e-01,9.99994e-01,8.21001e-01
4.317888756e+00,8.43603e-01,9.99905e-01,9.99999e-01,9.99994e-01,8.43686e-01
4.339478200e+00,8.75346e-01,9.99944e-01,9.99999e-01,9.99994e-01,8.75399e-01
4.361175591e+00,8.94739e-01,9.99954e-01,9.99999e-01,9.99994e-01,8.94783e-01
4.382981469e+00,9.04591e-01,9.99951e-01,9.99999e-01,9.99994e-01,9.04638e-01
4.404896376e+00,9.10172e-01,9.99932e-01,9.99999e-01,9.99994e-01,9.10237e-01
4.426920858e+00,9.14954e-01,9.99932e-01,9.99999e-01,9.99994e-01,9.15020e-01
4.449055462e+00,9.20407e-01,9.99952e-01,9.99999e-01,9.99994e-01,9.20454e-01
4.471300739e+00,9.26976e-01,9.99950e-01,9.99999e-01,9.99994e-01,9.27025e-01
4.493657243e+00,9.34587e-01,9.99957e-01,9.99999e-01,9.99995e-01,9.34631e-01
4.516125529e+00,9.42645e-01,9.99959e-01,9.99999e-01,9.99995e-01,9.42687e-01
4.538706157e+00,9.50929e-01,9.99951e-01,9.99999e-01,9.99995e-01,9.50978e-01
4.561399688e+00,9.58933e-01,9.99966e-01,9.99999e-01,9.99995e-01,9.58968e-01
4.584206686e+00,9.66251e-01,9.99973e-01,9.99999e-01,9.99995e-01,9.66280e-01
4.607127720e+00,9.72732e-01,9.99973e-01,9.99999e-01,9.99995e-01,9.72761e-01
4.630163358e+00,9.78344e-01,9.99983e-01,9.99999e-01,9.99995e-01,9.78364e-01
4.653314175e+00,9.82965e-01,9.99984e-01,9.99999e-01,9.99995e-01,9.82984e-01
4.676580746e+00,9.86691e-01,9.99984e-01,9.99999e-01,9.99995e-01,9.86709e-01
4.699963650e+00,9.89674e-01,9.99991e-01,9.99999e-01,9.99995e-01,9.89685e-01
4.723463468e+00,9.92011e-01,9.99989e-01,9.99999e-01,9.99995e-01,9.92025e-01
4.747080785e+00,9.93795e-01,9.99994e-01,9.99999e-01,9.99995e-01,9.93803e-01
4.770816189e+00,9.95200e-01,9.99994e-01,9.99999e-01,9.99995e-01,9.95208e-01
4.794670270e+00,9.96297e-01,9.99994e-01,9.99999e-01,9.99996e-01,9.96305e-01
4.818643622e+00,9.97165e-01,9.99997e-01,9.99999e-01,9.99996e-01,9.97170e-01
4.842736840e+00,9.97815e-01,9.99997e-01,9.99999e-01,9.99996e-01,9.97821e-01
4.866950524e+00,9.98302e-01,9.99998e-01,9.99999e-01,9.99996e-01,9.98306e-01
4.891285276e+00,9.98698e-01,9.99998e-01,9.99999e-01,9.99996e-01,9.98703e-01
4.915741703e+00,9.99003e-01,9.99998e-01,9.99999e-01,9.99996e-01,9.99007e-01
4.940320411e+00,9.99230e-01,9.99998e-01,9.99999e-01,9.99996e-01,9.99234e-01
4.965022013e+00,9.99408e-01,9.99999e-01,9.99999e-01,9.99996e-01,9.99412e-01
4.989847123e+00,9.99559e-01,9.99999e-01,9.99999e-01,9.99996e-01,9.99562e-01
5.014796359e+00,9.99682e-01,9.99999e-01,9.99999e-01,9.99996e-01,9.99685e-01
5.039870341e+00,9.99780e-01,9.99999e-01,9.99999e-01,9.99996e-01,9.99783e-01
5.065069693e+00,9.99852e-01,9.99999e-01,9.99999e-01,9.99996e-01,9.99855e-01
5.090395041e+00,9.99914e-01,9.99999e-01,9.99999e-01,9.99996e-01,9.99917e-01
5.115847016e+00,9.99951e-01,9.99999e-01,9.99999e-01,9.99996e-01,9.99953e-01
5.141426251e+00,9.99947e-01,9.99999e-01,9.99999e-01,9.99996e-01,9.99950e-01
5.167133383e+00,9.99978e-01,9.99999e-01,9.99999e-01,9.99996e-01,9.99981e-01
5.192969049e+00,9.99982e-01,9.99999e-01,9.99999e-01,9.99996e-01,9.99984e-01
5.218933895e+00,9.99961e-01,9.99999e-01,9.99999e-01,9.99997e-01,9.99963e-01
5.245028564e+00,9.99965e-01,9.99999e-01,9.99999e-01,9.99997e-01,9.99967e-01
5.271253707e+00,9.99973e-01,9.99999e-01,9.99999e-01,9.99997e-01,9.99975e-01
5.297609976e+00,9.99971e-01,9.99999e-01,9.99999e-01,9.99997e-01,9.99973e-01
5.324098025e+00,9.99984e-01,9.99999e-01,9.99999e-01,9.99997e-01,9.99987e-01
5.350718516e+00,9.99837e-01,9.99999e-01,9.99999e-01,9.99997e-01,9.99839e-01
5.377472108e+00,9.99858e-01,9.99999e-01,9.99999e-01,9.99997e-01,9.99860e-01
5.404359469e+00,9.99997e-01,9.99999e-01,9.99999e-01,9.99997e-01,9.99999e-01
5.431381266e+00,9.99997e-01,9.99999e-01,9.99999e-01,9.99997e-01,9.99999e-01
5.458538172e+00,9.99997e-01,9.99999e-01,9.99999e-01,9.99997e-01,9.99999e-01
5.485830863e+00,9.99997e-01,9.99999e-01,9.99999e-01,9.99997e-01,9.99999e-01
5.513260018e+00,9.99997e-01,9.99999e-01,9.99999e-01,9.99997e-01,9.99999e-01
5.540826318e+00,9.99997e-01,9.99999e-01,9.99999e-01,9.99997e-01,9.99999e-01
5.568530449e+00,9.99997e-01,9.99999e-01,9.99999e-01,9.99997e-01,9.99999e-01
5.596373101e+00,9.99997e-01,9.99999e-01,9.99999e-01,9.99997e-01,9.99999e-01
5.624354967e+00,9.99997e-01,9.99999e-01,9.99999e-01,9.99997e-01,9.99999e-01
5.652476742e+00,9.99997e-01,9.99999e-01,9.99999e-01,9.99997e-01,9.99999e-01
5.680739126e+00,9.99997e-01,9.99999e-01,9.99999e-01,9.99997e-01,9.99999e-01
5.709142821e+00,9.99997e-01,9.99999e-01,9.99999e-01,9.99997e-01,9.99999e-01
5.737688535e+00,9.99997e-01,9.99999e-01,9.99999e-01,9.99997e-01,9.99999e-01
5.766376978e+00,9.99997e-01,9.99999e-01,9.99999e-01,9.99997e-01,9.99999e-01
5.795208863e+00,9.99997e-01,9.99999e-01,9.99999e-01,9.99997e-01,9.99999e-01
5.824184907e+00,9.99997e-01,9.99999e-01,9.99999e-01,9.99997e-01,9.99999e-01
5.853305832e+00,9.99997e-01,9.99999e-01,9.99999e-01,9.99997e-01,9.99999e-01
5.882572361e+00,9.99997e-01,9.99999e-01,9.99999e-01,9.99997e-01,9.99999e-01
5.911985223e+00,9.99998e-01,9.99999e-01,9.99999e-01,9.99998e-01,9.99999e-01
5.941545149e+00,9.99998e-01,9.99999e-01,9.99999e-01,9.99998e-01,9.99999e-01
5.971252874e+00,9.99998e-01,9.99999e-01,9.99999e-01,9.99998e-01,9.99999e-01
6.001109139e+00,9.99998e-01,9.99999e-01,9.99999e-01,9.99998e-01,9.99999e-01
6.031114685e+00,9.99998e-01,9.99999e-01,9.99999e-01,9.99998e-01,9.99999e-01
6.061270258e+00,9.99998e-01,9.99999e-01,9.99999e-01,9.99998e-01,9.99999e-01
6.091576609e+00,9.99998e-01,9.99999e-01,9.99999e-01,9.99998e-01,9.99999e-01
6.122034492e+00,9.99998e-01,9.99999e-01,9.99999e-01,9.99998e-01,9.99999e-01
6.152644665e+00,9.99998e-01,9.99999e-01,9.99999e-01,9.99998e-01,9.99999e-01
6.183407888e+00,9.99998e-01,9.99999e-01,9.99999e-01,9.99998e-01,9.99999e-01
6.214324928e+00,9.99998e-01,9.99999e-01,9.99999e-01,9.99998e-01,9.99999e-01
6.245396552e+00,9.99998e-01,9.99999e-01,9.99999e-01,9.99998e-01,9.99999e-01
6.276623535e+00,9.99998e-01,9.99999e-01,9.99999e-01,9.99998e-01,9.99999e-01
6.308006653e+00,9.99998e-01,9.99999e-01,9.99999e-01,9.99998e-01,9.99999e-01
6.339546686e+00,9.99998e-01,9.99999e-01,9.99999e-01,9.99998e-01,9.99999e-01
6.371244419e+00,9.99998e-01,9.99999e-01,9.99999e-01,9.99998e-01,9.99999e-01
6.403100641e+00,9.99998e-01,9.99999e-01,9.99999e-01,9.99998e-01,9.99999e-01
6.435116145e+00,9.99998e-01,9.99999e-01,9.99999e-01,9.99998e-01,9.99999e-01
6.467291725e+00,9.99998e-01,9.99999e-01,9.99999e-01,9.99998e-01,9.99999e-01
6.499628184e+00,9.99998e-01,9.99999e-01,9.99999e-01,9.99998e-01,9.99999e-01
6.532126325e+00,9.99998e-01,9.99999e-01,9.99999e-01,9.99998e-01,9.99999e-01
6.564786956e+00,9.99998e-01,9.99999e-01,9.99999e-01,9.99998e-01,9.99999e-01
6.597610891e+00,9.99998e-01,9.99999e-01,9.99999e-01,9.99998e-01,9.99999e-01
6.630598946e+00,9.99998e-01,9.99999e-01,9.99999e-01,9.99998e-01,9.99999e-01
6.663751940e+00,9.99998e-01,9.99999e-01,9.99999e-01,9.99998e-01,9.99999e-01
6.697070700e+00,9.99998e-01,9.99999e-01,9.99999e-01,9.99998e-01,9.99999e-01
6.730556054e+00,9.99998e-01,9.99999e-01,9.99999e-01,9.99998e-01,9.99999e-01
6.764208834e+00,9.99998e-01,9.99999e-01,9.99999e-01,9.99998e-01,9.99999e-01
6.798029878e+00,9.99998e-01,9.99999e-01,9.99999e-01,9.99998e-01,9.99999e-01
6.832020027e+00,9.99998e-01,9.99999e-01,9.99999e-01,9.99998e-01,9.99999e-01
6.866180128e+00,9.99998e-01,9.99999e-01,9.99999e-01,9.99998e-01,9.99999e-01
6.900511028e+00,9.99998e-01,9.99999e-01,9.99999e-01,9.99998e-01,9.99999e-01
6.935013583e+00,9.99998e-01,9.99999e-01,9.99999e-01,9.99998e-01,9.99999e-01
6.969688651e+00,9.99998e-01,9.99999e-01,9.99999e-01,9.99998e-01,9.99999e-01
7.004537095e+00,9.99998e-01,9.99999e-01,9.99999e-01,9.99998e-01,9.99999e-01
7.039559780e+00,9.99998e-01,9.99999e-01,9.99999e-01,9.99998e-01,9.99999e-01
7.074757579e+00,9.99998e-01,9.99999e-01,9.99999e-01,9.99998e-01,9.99999e-01
7.110131367e+00,9.99998e-01,9.99999e-01,9.99999e-01,9.99998e-01,9.99999e-01
7.145682024e+00,9.99998e-01,9.99999e-01,9.99999e-01,9.99998e-01,9.99999e-01
7.181410434e+00,9.99998e-01,9.99999e-01,9.99999e-01,9.99998e-01,9.99999e-01
7.217317486e+00,9.99998e-01,9.99999e-01,9.99999e-01,9.99998e-01,9.99999e-01
7.253404073e+00,9.99998e-01,9.99999e-01,9.99999e-01,9.99998e-01,9.99999e-01
7.289671094e+00,9.99998e-01,9.99999e-01,9.99999e-01,9.99998e-01,9.99999e-01
7.326119449e+00,9.99998e-01,9.99999e-01,9.99999e-01,9.99998e-01,9.99999e-01
7.362750046e+00,9.99998e-01,9.99999e-01,9.99999e-01,9.99998e-01,9.99999e-01
7.399563797e+00,9.99998e-01,9.99999e-01,9.99999e-01,9.99998e-01,9.99999e-01
7.436561616e+00,9.99998e-01,9.99999e-01,9.99999e-01,9.99998e-01,9.99999e-01
7.473744424e+00,9.99998e-01,9.99999e-01,9.99999e-01,9.99998e-01,9.99999e-01
7.511113146e+00,9.99998e-01,9.99999e-01,9.99999e-01,9.99998e-01,9.99999e-01
7.548668712e+00,9.99998e-01,9.99999e-01,9.99999e-01,9.99998e-01,9.99999e-01
7.586412055e+00,9.99998e-01,9.99999e-01,9.99999e-01,9.99998e-01,9.99999e-01
7.624344115e+00,9.99998e-01,9.99999e-01,9.99999e-01,9.99998e-01,9.99999e-01
7.662465836e+00,9.99998e-01,9.99999e-01,9.99999e-01,9.99998e-01,9.99999e-01
7.700778165e+00,9.99998e-01,9.99999e-01,9.99999e-01,9.99998e-01,9.99999e-01
7.739282056e+00,9.99998e-01,9.99999e-01,9.99999e-01,9.99998e-01,9.99999e-01
7.777978466e+00,9.99999e-01,9.99999e-01,9.99999e-01,9.99999e-01,9.99999e-01
7.816868359e+00,9.99999e-01,9.99999e-01,9.99999e-01,9.99999e-01,9.99999e-01
7.855952700e+00,9.99999e-01,9.99999e-01,9.99999e-01,9.99999e-01,9.99999e-01
7.895232464e+00,9.99999e-01,9.99999e-01,9.99999e-01,9.99999e-01,9.99999e-01
7.934708626e+00,9.99999e-01,9.99999e-01,9.99999e-01,9.99999e-01,9.99999e-01
7.974382169e+00,9.99999e-01,9.99999e-01,9.99999e-01,9.99999e-01,9.99999e-01
8.014254080e+00,9.99999e-01,9.99999e-01,9.99999e-01,9.99999e-01,9.99999e-01
8.054325351e+00,9.99999e-01,9.99999e-01,9.99999e-01,9.99999e-01,9.99999e-01
8.094596977e+00,9.99999e-01,9.99999e-01,9.99999e-01,9.99999e-01,9.99999e-01
8.135069962e+00,9.99999e-01,9.99999e-01,9.99999e-01,9.99999e-01,9.99999e-01
8.175745312e+00,9.99999e-01,9.99999e-01,9.99999e-01,9.99999e-01,9.99999e-01
8.216624039e+00,9.99999e-01,9.99999e-01,9.99999e-01,9.99999e-01,9.99999e-01
8.257707159e+00,9.99999e-01,9.99999e-01,9.99999e-01,9.99999e-01,9.99999e-01
8.298995695e+00,9.99999e-01,9.99999e-01,9.99999e-01,9.99999e-01,9.99999e-01
8.340490673e+00,9.99999e-01,9.99999e-01,9.99999e-01,9.99999e-01,9.99999e-01
8.382193126e+00,9.99999e-01,9.99999e-01,9.99999e-01,9.99999e-01,9.99999e-01
8.424104092e+00,9.99999e-01,9.99999e-01,9.99999e-01,9.99999e-01,9.99999e-01
8.466224613e+00,9.99999e-01,9.99999e-01,9.99999e-01,9.99999e-01,9.99999e-01
8.508555736e+00,9.99999e-01,9.99999e-01,9.99999e-01,9.99999e-01,9.99999e-01
8.551098514e+00,9.99999e-01,9.99999e-01,9.99999e-01,9.99999e-01,9.99999e-01
8.593854007e+00,9.99999e-01,9.99999e-01,9.99999e-01,9.99999e-01,9.99999e-01
8.636823277e+00,9.99999e-01,9.99999e-01,9.99999e-01,9.99999e-01,9.99999e-01
8.680007393e+00,9.99999e-01,9.99999e-01,9.99999e-01,9.99999e-01,9.99999e-01
8.723407430e+00,9.99999e-01,9.99999e-01,9.99999e-01,9.99999e-01,9.99999e-01
8.767024467e+00,9.99999e-01,9.99999e-01,9.99999e-01,9.99999e-01,9.99999e-01
8.810859590e+00,9.99999e-01,9.99999e-01,9.99999e-01,9.99999e-01,9.99999e-01
8.854913888e+00,9.99999e-01,9.99999e-01,9.99999e-01,9.99999e-01,9.99999e-01
8.899188457e+00,9.99999e-01,9.99999e-01,9.99999e-01,9.99999e-01,9.99999e-01
8.943684399e+00,9.99999e-01,9.99999e-01,9.99999e-01,9.99999e-01,9.99999e-01
8.988402821e+00,9.99999e-01,9.99999e-01,9.99999e-01,9.99999e-01,9.99999e-01
9.033344836e+00,9.99999e-01,9.99999e-01,9.99999e-01,9.99999e-01,9.99999e-01
9.078511560e+00,9.99999e-01,9.99999e-01,9.99999e-01,9.99999e-01,9.99999e-01
9.123904118e+00,9.99999e-01,9.99999e-01,9.99999e-01,9.99999e-01,9.99999e-01
9.169523638e+00,9.99999e-01,9.99999e-01,9.99999e-01,9.99999e-01,9.99999e-01
9.215371256e+00,9.99999e-01,9.99999e-01,9.99999e-01,9.99999e-01,9.99999e-01
9.261448113e+00,9.99999e-01,9.99999e-01,9.99999e-01,9.99999e-01,9.99999e-01
9.307755353e+00,9.99999e-01,9.99999e-01,9.99999e-01,9.99999e-01,9.99999e-01
9.354294130e+00,9.99999e-01,9.99999e-01,9.99999e-01,9.99999e-01,9.99999e-01
9.401065601e+00,9.99999e-01,9.99999e-01,9.99999e-01,9.99999e-01,9.99999e-01
9.448070929e+00,9.99999e-01,9.99999e-01,9.99999e-01,9.99999e-01,9.99999e-01
9.495311283e+00,9.99999e-01,9.99999e-01,9.99999e-01,9.99999e-01,9.99999e-01
9.542787840e+00,9.99999e-01,9.99999e-01,9.99999e-01,9.99999e-01,9.99999e-01
9.590501779e+00,9.99999e-01,9.99999e-01,9.99999e-01,9.99999e-01,9.99999e-01
9.638454288e+00,9.99999e-01,9.99999e-01,9.99999e-01,9.99999e-01,9.99999e-01
9.686646559e+00,9.99999e-01,9.99999e-01,9.99999e-01,9.99999e-01,9.99999e-01
9.735079792e+00,9.99999e-01,9.99999e-01,9.99999e-01,9.99999e-01,9.99999e-01
9.783755191e+00,9.99999e-01,9.99999e-01,9.99999e-01,9.99999e-01,9.99999e-01
9.832673967e+00,9.99999e-01,9.99999e-01,9.99999e-01,9.99999e-01,9.99999e-01
9.881837337e+00,9.99999e-01,9.99999e-01,9.99999e-01,9.99999e-01,9.99999e-01
9.931246523e+00,9.99999e-01,9.99999e-01,9.99999e-01,9.99999e-01,9.99999e-01
9.980902756e+00,9.99999e-01,9.99999e-01,9.99999e-01,9.99999e-01,9.99999e-01
1.003080727e+01,9.99999e-01,9.99999e-01,9.99999e-01,9.99999e-01,9.99999e-01
1.008096131e+01,9.99999e-01,9.99999e-01,9.99999e-01,9.99999e-01,9.99999e-01
1.013136611e+01,9.99999e-01,9.99999e-01,9.99999e-01,9.99999e-01,9.99999e-01
1.018202294e+01,9.99999e-01,9.99999e-01,9.99999e-01,9.99999e-01,9.99999e-01
1.023293306e+01,9.99999e-01,9.99999e-01,9.99999e-01,9.99999e-01,9.99999e-01
1.028409772e+01,9.99999e-01,9.99999e-01,9.99999e-01,9.99999e-01,9.99999e-01
1.033551821e+01,9.99999e-01,9.99999e-01,9.99999e-01,9.99999e-01,9.99999e-01
1.038719580e+01,9.99999e-01,9.99999e-01,9.99999e-01,9.99999e-01,9.99999e-01
1.043913178e+01,9.99999e-01,9.99999e-01,9.99999e-01,9.99999e-01,9.99999e-01
1.049132744e+01,9.99999e-01,9.99999e-01,9.99999e-01,9.99999e-01,9.99999e-01
1.054378408e+01,9.99999e-01,9.99999e-01,9.99999e-01,9.99999e-01,9.99999e-01
1.059650300e+01,9.99999e-01,9.99999e-01,9.99999e-01,9.99999e-01,9.99999e-01
1.064948551e+01,9.99999e-01,9.99999e-01,9.99999e-01,9.99999e-01,9.99999e-01
1.070273294e+01,9.99999e-01,9.99999e-01,9.99999e-01,9.99999e-01,9.99999e-01
1.075624661e+01,9.99999e-01,9.99999e-01,9.99999e-01,9.99999e-01,9.99999e-01
1.081002784e+01,9.99999e-01,9.99999e-01,9.99999e-01,9.99999e-01,9.99999e-01
1.086407798e+01,9.99999e-01,9.99999e-01,9.99999e-01,9.99999e-01,9.99999e-01
1.091839837e+01,9.99999e-01,9.99999e-01,9.99999e-01,9.99999e-01,9.99999e-01
1.097299036e+01,9.99999e-01,9.99999e-01,9.99999e-01,9.99999e-01,9.99999e-01
1.102785531e+01,9.99999e-01,9.99999e-01,9.99999e-01,9.99999e-01,9.99999e-01
1.108299459e+01,9.99999e-01,9.99999e-01,9.99999e-01,9.99999e-01,9.99999e-01
1.113840956e+01,9.99999e-01,9.99999e-01,9.99999e-01,9.99999e-01,9.99999e-01
1.119410161e+01,9.99999e-01,9.99999e-01,9.99999e-01,9.99999e-01,9.99999e-01
1.125007212e+01,9.99999e-01,9.99999e-01,9.99999e-01,9.99999e-01,9.99999e-01
1.130632248e+01,9.99999e-01,9.99999e-01,9.99999e-01,9.99999e-01,9.99999e-01
1.136285409e+01,9.99999e-01,9.99999e-01,9.99999e-01,9.99999e-01,9.99999e-01
1.141966836e+01,9.99999e-01,9.99999e-01,9.99999e-01,9.99999e-01,9.99999e-01
1.147676670e+01,9.99999e-01,9.99999e-01,9.99999e-01,9.99999e-01,9.99999e-01
1.153415054e+01,9.99999e-01,9.99999e-01,9.99999e-01,9.99999e-01,9.99999e-01
1.159182129e+01,9.99999e-01,9.99999e-01,9.99999e-01,9.99999e-01,9.99999e-01
1.164978039e+01,9.99999e-01,9.99999e-01,9.99999e-01,9.99999e-01,9.99999e-01
1.170802930e+01,9.99999e-01,9.99999e-01,9.99999e-01,9.99999e-01,9.99999e-01
1.176656944e+01,9.99999e-01,9.99999e-01,9.99999e-01,9.99999e-01,9.99999e-01
1.182540229e+01,9.99999e-01,9.99999e-01,9.99999e-01,9.99999e-01,9.99999e-01
1.188452930e+01,9.99999e-01,9.99999e-01,9.99999e-01,9.99999e-01,9.99999e-01
1.194395195e+01,9.99999e-01,9.99999e-01,9.99999e-01,9.99999e-01,9.99999e-01
1.200367171e+01,9.99999e-01,9.99999e-01,9.99999e-01,9.99999e-01,9.99999e-01
1.206369007e+01,9.99999e-01,9.99999e-01,9.99999e-01,9.99999e-01,9.99999e-01
1.212400852e+01,9.99999e-01,9.99999e-01,9.99999e-01,9.99999e-01,9.99999e-01
1.218462856e+01,9.99999e-01,9.99999e-01,9.99999e-01,9.99999e-01,9.99999e-01
1.224555170e+01,9.99999e-01,9.99999e-01,9.99999e-01,9.99999e-01,9.99999e-01
1.230677946e+01,9.99999e-01,9.99999e-01,9.99999e-01,9.99999e-01,9.99999e-01
1.236831336e+01,9.99999e-01,9.99999e-01,9.99999e-01,9.99999e-01,9.99999e-01
1.243015492e+01,9.99999e-01,9.99999e-01,9.99999e-01,9.99999e-01,9.99999e-01
1.249230570e+01,9.99999e-01,9.99999e-01,9.99999e-01,9.99999e-01,9.99999e-01
1.255476723e+01,9.99999e-01,9.99999e-01,9.99999e-01,9.99999e-01,9.99999e-01
1.261754106e+01,9.99999e-01,9.99999e-01,9.99999e-01,9.99999e-01,9.99999e-01
1.268062877e+01,9.99999e-01,9.99999e-01,9.99999e-01,9.99999e-01,9.99999e-01
1.274403191e+01,9.99999e-01,9.99999e-01,9.99999e-01,9.99999e-01,9.99999e-01
1.280775207e+01,9.99999e-01,9.99999e-01,9.99999e-01,9.99999e-01,9.99999e-01
1.287179083e+01,9.99999e-01,9.99999e-01,9.99999e-01,9.99999e-01,9.99999e-01
1.293614979e+01,9.99999e-01,9.99999e-01,9.99999e-01,9.99999e-01,9.99999e-01
1.300083054e+01,9.99999e-01,9.99999e-01,9.99999e-01,9.99999e-01,9.99999e-01
1.306583469e+01,9.99999e-01,9.99999e-01,9.99999e-01,9.99999e-01,9.99999e-01
1.313116386e+01,9.99999e-01,9.99999e-01,9.99999e-01,9.99999e-01,9.99999e-01
1.319681968e+01,9.99999e-01,9.99999e-01,9.99999e-01,9.99999e-01,9.99999e-01
1.326280378e+01,9.99999e-01,9.99999e-01,9.99999e-01,9.99999e-01,9.99999e-01
1.332911780e+01,9.99999e-01,9.99999e-01,9.99999e-01,9.99999e-01,9.99999e-01
1.339576339e+01,9.99999e-01,9.99999e-01,9.99999e-01,9.99999e-01,9.99999e-01
1.346274221e+01,9.99999e-01,9.99999e-01,9.99999e-01,9.99999e-01,9.99999e-01
1.353005592e+01,9.99999e-01,9.99999e-01,9.99999e-01,9.99999e-01,9.99999e-01
1.359770620e+01,9.99999e-01,9.99999e-01,9.99999e-01,9.99999e-01,9.99999e-01
1.366569473e+01,9.99999e-01,9.99999e-01,9.99999e-01,9.99999e-01,9.99999e-01
1.373402320e+01,9.99999e-01,9.99999e-01,9.99999e-01,9.99999e-01,9.99999e-01
1.380269332e+01,9.99999e-01,9.99999e-01,9.99999e-01,9.99999e-01,9.99999e-01
1.387170678e+01,9.99999e-01,9.99999e-01,9.99999e-01,9.99999e-01,9.99999e-01
1.394106532e+01,9.99999e-01,9.99999e-01,9.99999e-01,9.99999e-01,9.99999e-01
1.401077064e+01,9.99999e-01,9.99999e-01,9.99999e-01,9.99999e-01,9.99999e-01
1.408082450e+01,9.99999e-01,9.99999e-01,9.99999e-01,9.99999e-01,9.99999e-01
1.415122862e+01,9.99999e-01,9.99999e-01,9.99999e-01,9.99999e-01,9.99999e-01
1.422198476e+01,9.99999e-01,9.99999e-01,9.99999e-01,9.99999e-01,9.99999e-01
1.429309469e+01,9.99999e-01,9.99999e-01,9.99999e-01,9.99999e-01,9.99999e-01
1.436456016e+01,9.99999e-01,9.99999e-01,9.99999e-01,9.99999e-01,9.99999e-01
1.443638296e+01,9.99999e-01,9.99999e-01,9.99999e-01,9.99999e-01,9.99999e-01
1.450856487e+01,9.99999e-01,9.99999e-01,9.99999e-01,9.99999e-01,9.99999e-01
1.458110770e+01,9.99999e-01,9.99999e-01,9.99999e-01,9.99999e-01,9.99999e-01
1.465401324e+01,9.99999e-01,9.99999e-01,9.99999e-01,9.99999e-01,9.99999e-01
1.472728330e+01,9.99999e-01,9.99999e-01,9.99999e-01,9.99999e-01,9.99999e-01
1.480091972e+01,9.99999e-01,9.99999e-01,9.99999e-01,9.99999e-01,9.99999e-01
1.487492432e+01,9.99999e-01,9.99999e-01,9.99999e-01,9.99999e-01,9.99999e-01
1.494929894e+01,9.99999e-01,9.99999e-01,9.99999e-01,9.99999e-01,9.99999e-01
1.502404544e+01,9.99999e-01,9.99999e-01,9.99999e-01,9.99999e-01,9.99999e-01
1.509916566e+01,9.99999e-01,9.99999e-01,9.99999e-01,9.99999e-01,9.99999e-01
1.517466149e+01,9.99999e-01,9.99999e-01,9.99999e-01,9.99999e-01,9.99999e-01
1.525053480e+01,9.99999e-01,9.99999e-01,9.99999e-01,9.99999e-01,9.99999e-01
1.532678747e+01,9.99999e-01,9.99999e-01,9.99999e-01,9.99999e-01,9.99999e-01
1.540342141e+01,9.98375e-01,9.99999e-01,9.99999e-01,9.99999e-01,9.98375e-01
1.548043852e+01,9.98260e-01,9.99999e-01,9.99999e-01,9.99999e-01,9.98260e-01
1.555784071e+01,9.98203e-01,9.99999e-01,9.99999e-01,9.99999e-01,9.98203e-01
1.563562991e+01,9.98145e-01,9.99999e-01,9.99999e-01,9.99999e-01,9.98145e-01
1.571380806e+01,9.98086e-01,9.99999e-01,9.99999e-01,9.99999e-01,9.98086e-01
1.579237710e+01,9.98026e-01,9.99999e-01,9.99999e-01,9.99999e-01,9.98026e-01
1.587133899e+01,9.97963e-01,9.99999e-01,9.99999e-01,9.99999e-01,9.97963e-01
1.595069568e+01,9.97899e-01,9.99999e-01,9.99999e-01,9.99999e-01,9.97899e-01
1.603044916e+01,9.97833e-01,9.99999e-01,9.99999e-01,9.99999e-01,9.97833e-01
1.611060141e+01,9.97767e-01,9.99999e-01,9.99999e-01,9.99999e-01,9.97767e-01
1.619115441e+01,9.97699e-01,9.99999e-01,9.99999e-01,9.99999e-01,9.97699e-01
1.627211019e+01,9.97630e-01,9.99999e-01,9.99999e-01,9.99999e-01,9.97630e-01
1.635347074e+01,9.97559e-01,9.99999e-01,9.99999e-01,9.99999e-01,9.97559e-01
1.643523809e+01,9.97487e-01,9.99999e-01,9.99999e-01,9.99999e-01,9.97487e-01
1.651741428e+01,9.97412e-01,9.99999e-01,9.99999e-01,9.99999e-01,9.97412e-01
1.660000135e+01,9.97337e-01,9.99999e-01,9.99999e-01,9.99999e-01,9.97337e-01
1.668300136e+01,9.97259e-01,9.99999e-01,9.99999e-01,9.99999e-01,9.97259e-01
1.676641637e+01,9.97179e-01,9.99999e-01,9.99999e-01,9.99999e-01,9.97179e-01
1.685024845e+01,9.97098e-01,9.99999e-01,9.99999e-01,9.99999e-01,9.97098e-01
1.693449969e+01,9.97016e-01,9.99999e-01,9.99999e-01,9.99999e-01,9.97016e-01
1.701917219e+01,9.96930e-01,9.99999e-01,9.99999e-01,9.99999e-01,9.96930e-01
1.710426805e+01,9.96844e-01,9.99999e-01,9.99999e-01,9.99999e-01,9.96844e-01
1.718978939e+01,9.96756e-01,9.99999e-01,9.99999e-01,9.99999e-01,9.96756e-01
1.727573834e+01,9.96665e-01,9.99999e-01,9.99999e-01,9.99999e-01,9.96665e-01
1.736211703e+01,9.96572e-01,9.99999e-01,9.99999e-01,9.99999e-01,9.96572e-01
1.744892761e+01,9.96479e-01,9.99999e-01,9.99999e-01,9.99999e-01,9.96479e-01
1.753617225e+01,9.96383e-01,9.99999e-01,9.99999e-01,9.99999e-01,9.96383e-01
1.762385311e+01,9.96286e-01,9.99999e-01,9.99999e-01,9.99999e-01,9.96286e-01
1.771197238e+01,9.96187e-01,9.99999e-01,9.99999e-01,9.99999e-01,9.96187e-01
1.780053224e+01,9.96086e-01,9.99999e-01,9.99999e-01,9.99999e-01,9.96087e-01
1.788953490e+01,9.95984e-01,9.99999e-01,9.99999e-01,9.99999e-01,9.95984e-01
1.797898258e+01,9.95879e-01,9.99999e-01,9.99999e-01,9.99999e-01,9.95879e-01
1.806887749e+01,9.95773e-01,9.99999e-01,9.99999e-01,9.99999e-01,9.95773e-01
1.815922188e+01,9.95665e-01,9.99999e-01,9.99999e-01,9.99999e-01,9.95665e-01
1.825001799e+01,9.95555e-01,9.99999e-01,9.99999e-01,9.99999e-01,9.95555e-01
1.834126808e+01,9.95444e-01,9.99999e-01,9.99999e-01,9.99999e-01,9.95444e-01
1.843297442e+01,9.95331e-01,9.99999e-01,9.99999e-01,9.99999e-01,9.95331e-01
1.852513929e+01,9.95216e-01,9.99999e-01,9.99999e-01,9.99999e-01,9.95216e-01
1.861776499e+01,9.95098e-01,9.99999e-01,9.99999e-01,9.99999e-01,9.95098e-01
1.871085381e+01,9.94976e-01,9.99999e-01,9.99999e-01,9.99999e-01,9.94976e-01
1.880440808e+01,9.94855e-01,9.99999e-01,9.99999e-01,9.99999e-01,9.94855e-01
1.889843012e+01,9.94732e-01,9.99999e-01,9.99999e-01,9.99999e-01,9.94732e-01
1.899292227e+01,9.94606e-01,9.99999e-01,9.99999e-01,9.99999e-01,9.94606e-01
1.908788688e+01,9.94479e-01,9.99999e-01,9.99999e-01,9.99999e-01,9.94479e-01
1.918332632e+01,9.94350e-01,9.99999e-01,9.99999e-01,9.99999e-01,9.94350e-01
1.927924295e+01,9.94219e-01,9.99999e-01,9.99999e-01,9.99999e-01,9.94219e-01
1.937563916e+01,9.94084e-01,9.99999e-01,9.99999e-01,9.99999e-01,9.94084e-01
1.947251736e+01,9.93949e-01,9.99999e-01,9.99999e-01,9.99999e-01,9.93949e-01
1.956987994e+01,9.93812e-01,9.99999e-01,9.99999e-01,9.99999e-01,9.93812e-01
1.966772934e+01,9.93672e-01,9.99999e-01,9.99999e-01,9.99999e-01,9.93672e-01
1.976606799e+01,9.93530e-01,9.99999e-01,9.99999e-01,9.99999e-01,9.93531e-01
1.986489833e+01,9.93387e-01,9.99999e-01,9.99999e-01,9.99999e-01,9.93387e-01
1.996422282e+01,9.93241e-01,9.99999e-01,9.99999e-01,9.99999e-01,9.93241e-01
