#,Wave/freq,Total,N2,O2,Rayleigh,CIA
4.000000000e-01,6.32151e-01,9.99999e-01,9.99999e-01,6.32151e-01,9.99999e-01
4.020000000e-01,6.37910e-01,9.99999e-01,9.99999e-01,6.37910e-01,9.99999e-01
4.040100000e-01,6.43600e-01,9.99999e-01,9.99999e-01,6.43600e-01,9.99999e-01
4.060300500e-01,6.49226e-01,9.99999e-01,9.99999e-01,6.49226e-01,9.99999e-01
4.080602003e-01,6.54790e-01,9.99999e-01,9.99999e-01,6.54790e-01,9.99999e-01
4.101005013e-01,6.60289e-01,9.99999e-01,9.99999e-01,6.60289e-01,9.99999e-01
4.121510038e-01,6.65725e-01,9.99999e-01,9.99999e-01,6.65725e-01,9.99999e-01
4.142117588e-01,6.71097e-01,9.99999e-01,9.99999e-01,6.71097e-01,9.99999e-01
4.162828176e-01,6.76405e-01,9.99999e-01,9.99999e-01,6.76405e-01,9.99999e-01
4.183642317e-01,6.81649e-01,9.99999e-01,9.99999e-01,6.81649e-01,9.99999e-01
4.204560528e-01,6.86828e-01,9.99999e-01,9.99999e-01,6.86828e-01,9.99999e-01
4.225583331e-01,6.91944e-01,9.99999e-01,9.99999e-01,6.91944e-01,9.99999e-01
4.246711247e-01,6.96995e-01,9.99999e-01,9.99999e-01,6.96995e-01,9.99999e-01
4.267944804e-01,7.01983e-01,9.99999e-01,9.99999e-01,7.01983e-01,9.99999e-01
4.289284528e-01,7.06906e-01,9.99999e-01,9.99999e-01,7.06906e-01,9.99999e-01
4.310730950e-01,7.11766e-01,9.99999e-01,9.99999e-01,7.11766e-01,9.99999e-01
4.332284605e-01,7.16562e-01,9.99999e-01,9.99999e-01,7.16562e-01,9.99999e-01
4.353946028e-01,7.21295e-01,9.99999e-01,9.99999e-01,7.21295e-01,9.99999e-01
4.375715758e-01,7.25965e-01,9.99999e-01,9.99999e-01,7.25965e-01,9.99999e-01
4.397594337e-01,7.30572e-01,9.99999e-01,9.99999e-01,7.30572e-01,9.99999e-01
4.419582309e-01,7.35116e-01,9.99999e-01,9.99999e-01,7.35116e-01,9.99999e-01
4.441680220e-01,7.39598e-01,9.99999e-01,9.99999e-01,7.39598e-01,9.99999e-01
4.463888621e-01,7.44018e-01,9.99999e-01,9.99999e-01,7.44018e-01,9.99999e-01
4.486208064e-01,7.48376e-01,9.99999e-01,9.99999e-01,7.48376e-01,9.99999e-01
4.508639105e-01,7.52673e-01,9.99999e-01,9.99999e-01,7.52673e-01,9.99999e-01
4.531182300e-01,7.56909e-01,9.99999e-01,9.99999e-01,7.56909e-01,9.99999e-01
4.553838212e-01,7.61084e-01,9.99999e-01,9.99999e-01,7.61084e-01,9.99999e-01
4.576607403e-01,7.65200e-01,9.99999e-01,9.99999e-01,7.65200e-01,9.99999e-01
4.599490440e-01,7.69255e-01,9.99999e-01,9.99999e-01,7.69255e-01,9.99999e-01
4.622487892e-01,7.73252e-01,9.99999e-01,9.99999e-01,7.73252e-01,9.99999e-01
4.645600332e-01,7.77189e-01,9.99999e-01,9.99999e-01,7.77189e-01,9.99999e-01
4.668828333e-01,7.81069e-01,9.99999e-01,9.99999e-01,7.81069e-01,9.99999e-01
4.692172475e-01,7.84890e-01,9.99999e-01,9.99999e-01,7.84890e-01,9.99999e-01
4.715633337e-01,7.88654e-01,9.99999e-01,9.99999e-01,7.88654e-01,9.99999e-01
4.739211504e-01,7.92361e-01,9.99999e-01,9.99999e-01,7.92361e-01,9.99999e-01
4.762907561e-01,7.96012e-01,9.99999e-01,9.99999e-01,7.96012e-01,9.99999e-01
4.786722099e-01,7.99608e-01,9.99999e-01,9.99999e-01,7.99608e-01,9.99999e-01
4.810655710e-01,8.03148e-01,9.99999e-01,9.99999e-01,8.03148e-01,9.99999e-01
4.834708988e-01,8.06633e-01,9.99999e-01,9.99999e-01,8.06633e-01,9.99999e-01
4.858882533e-01,8.10064e-01,9.99999e-01,9.99999e-01,8.10064e-01,9.99999e-01
4.883176946e-01,8.13441e-01,9.99999e-01,9.99999e-01,8.13441e-01,9.99999e-01
4.907592831e-01,8.16766e-01,9.99999e-01,9.99999e-01,8.16766e-01,9.99999e-01
4.932130795e-01,8.20038e-01,9.99999e-01,9.99999e-01,8.20038e-01,9.99999e-01
4.956791449e-01,8.23258e-01,9.99999e-01,9.99999e-01,8.23258e-01,9.99999e-01
4.981575406e-01,8.26426e-01,9.99999e-01,9.99999e-01,8.26426e-01,9.99999e-01
5.006483283e-01,8.29544e-01,9.99999e-01,9.99999e-01,8.29544e-01,9.99999e-01
5.031515699e-01,8.32612e-01,9.99999e-01,9.99999e-01,8.32612e-01,9.99999e-01
5.056673278e-01,8.35630e-01,9.99999e-01,9.99999e-01,8.35630e-01,9.99999e-01
5.081956644e-01,8.38599e-01,9.99999e-01,9.99999e-01,8.38599e-01,9.99999e-01
5.107366428e-01,8.41520e-01,9.99999e-01,9.99999e-01,8.41520e-01,9.99999e-01
5.132903260e-01,8.44393e-01,9.99999e-01,9.99999e-01,8.44393e-01,9.99999e-01
5.158567776e-01,8.47219e-01,9.99999e-01,9.99999e-01,8.47219e-01,9.99999e-01
5.184360615e-01,8.49998e-01,9.99999e-01,9.99999e-01,8.49998e-01,9.99999e-01
5.210282418e-01,8.52731e-01,9.99999e-01,9.99999e-01,8.52731e-01,9.99999e-01
5.236333830e-01,8.55418e-01,9.99999e-01,9.99999e-01,8.55418e-01,9.99999e-01
5.262515499e-01,8.58061e-01,9.99999e-01,9.99999e-01,8.58061e-01,9.99999e-01
5.288828077e-01,8.60660e-01,9.99999e-01,9.99999e-01,8.60660e-01,9.99999e-01
5.315272217e-01,8.63214e-01,9.99999e-01,9.99999e-01,8.63214e-01,9.99999e-01
5.341848578e-01,8.65726e-01,9.99999e-01,9.99999e-01,8.65726e-01,9.99999e-01
5.368557821e-01,8.68195e-01,9.99999e-01,9.99999e-01,8.68195e-01,9.99999e-01
5.395400610e-01,8.70622e-01,9.99999e-01,9.99999e-01,8.70622e-01,9.99999e-01
5.422377613e-01,8.73008e-01,9.99999e-01,9.99999e-01,8.73008e-01,9.99999e-01
5.449489501e-01,8.75353e-01,9.99999e-01,9.99999e-01,8.75353e-01,9.99999e-01
5.476736949e-01,8.77658e-01,9.99999e-01,9.99999e-01,8.77658e-01,9.99999e-01
5.504120634e-01,8.79923e-01,9.99999e-01,9.99999e-01,8.79923e-01,9.99999e-01
5.531641237e-01,8.82149e-01,9.99999e-01,9.99999e-01,8.82149e-01,9.99999e-01
5.559299443e-01,8.84337e-01,9.99999e-01,9.99999e-01,8.84337e-01,9.99999e-01
5.587095940e-01,8.86487e-01,9.99999e-01,9.99999e-01,8.86487e-01,9.99999e-01
5.615031420e-01,8.88599e-01,9.99999e-01,9.99999e-01,8.88599e-01,9.99999e-01
5.643106577e-01,8.90674e-01,9.99999e-01,9.99999e-01,8.90674e-01,9.99999e-01
5.671322110e-01,8.92714e-01,9.99999e-01,9.99999e-01,8.92714e-01,9.99999e-01
5.699678720e-01,8.94717e-01,9.99999e-01,9.99999e-01,8.94717e-01,9.99999e-01
5.728177114e-01,8.96685e-01,9.99999e-01,9.99999e-01,8.96685e-01,9.99999e-01
5.756818000e-01,8.98619e-01,9.99999e-01,9.99999e-01,8.98619e-01,9.99999e-01
5.785602090e-01,9.00518e-01,9.99999e-01,9.99999e-01,9.00518e-01,9.99999e-01
5.814530100e-01,9.02384e-01,9.99999e-01,9.99999e-01,9.02384e-01,9.99999e-01
5.843602750e-01,9.04217e-01,9.99999e-01,9.99999e-01,9.04217e-01,9.99999e-01
5.872820764e-01,9.06017e-01,9.99999e-01,9.99999e-01,9.06017e-01,9.99999e-01
5.902184868e-01,9.07785e-01,9.99999e-01,9.99999e-01,9.07785e-01,9.99999e-01
5.931695792e-01,9.09521e-01,9.99999e-01,9.99999e-01,9.09521e-01,9.99999e-01
5.961354271e-01,9.11226e-01,9.99999e-01,9.99999e-01,9.11226e-01,9.99999e-01
5.991161043e-01,9.12901e-01,9.99999e-01,9.99999e-01,9.12901e-01,9.99999e-01
6.021116848e-01,9.14546e-01,9.99999e-01,9.99999e-01,9.14546e-01,9.99999e-01
6.051222432e-01,9.16161e-01,9.99999e-01,9.99999e-01,9.16161e-01,9.99999e-01
6.081478544e-01,9.17747e-01,9.99999e-01,9.99999e-01,9.17747e-01,9.99999e-01
6.111885937e-01,9.19304e-01,9.99999e-01,9.99999e-01,9.19304e-01,9.99999e-01
6.142445367e-01,9.20833e-01,9.99999e-01,9.99999e-01,9.20833e-01,9.99999e-01
6.173157594e-01,9.22335e-01,9.99999e-01,9.99999e-01,9.22335e-01,9.99999e-01
6.204023382e-01,9.23809e-01,9.99999e-01,9.99999e-01,9.23809e-01,9.99999e-01
6.235043498e-01,9.25256e-01,9.99999e-01,9.99999e-01,9.25256e-01,9.99999e-01
6.266218716e-01,9.26677e-01,9.99999e-01,9.99999e-01,9.26677e-01,9.99999e-01
6.297549810e-01,9.28072e-01,9.99999e-01,9.99999e-01,9.28072e-01,9.99999e-01
6.329037559e-01,9.29441e-01,9.99999e-01,9.99999e-01,9.29441e-01,9.99999e-01
6.360682746e-01,9.30785e-01,9.99999e-01,9.99999e-01,9.30785e-01,9.99999e-01
6.392486160e-01,9.32105e-01,9.99999e-01,9.99999e-01,9.32105e-01,9.99999e-01
6.424448591e-01,9.33400e-01,9.99999e-01,9.99999e-01,9.33400e-01,9.99999e-01
6.456570834e-01,9.34672e-01,9.99999e-01,9.99999e-01,9.34672e-01,9.99999e-01
6.488853688e-01,9.35920e-01,9.99999e-01,9.99999e-01,9.35920e-01,9.99999e-01
6.521297956e-01,9.37145e-01,9.99999e-01,9.99999e-01,9.37145e-01,9.99999e-01
6.553904446e-01,9.38348e-01,9.99999e-01,9.99999e-01,9.38348e-01,9.99999e-01
6.586673968e-01,9.39528e-01,9.99999e-01,9.99999e-01,9.39528e-01,9.99999e-01
6.619607338e-01,9.40686e-01,9.99999e-01,9.99999e-01,9.40686e-01,9.99999e-01
6.652705375e-01,9.41823e-01,9.99999e-01,9.99999e-01,9.41823e-01,9.99999e-01
6.685968902e-01,9.42939e-01,9.99999e-01,9.99999e-01,9.42939e-01,9.99999e-01
6.719398746e-01,9.44033e-01,9.99999e-01,9.99999e-01,9.44033e-01,9.99999e-01
6.752995740e-01,9.45108e-01,9.99999e-01,9.99999e-01,9.45108e-01,9.99999e-01
6.786760719e-01,9.46162e-01,9.99999e-01,9.99999e-01,9.46162e-01,9.99999e-01
6.820694522e-01,9.47197e-01,9.99999e-01,9.99999e-01,9.47197e-01,9.99999e-01
6.854797995e-01,9.48213e-01,9.99999e-01,9.99999e-01,9.48213e-01,9.99999e-01
6.889071985e-01,9.49209e-01,9.99999e-01,9.99999e-01,9.49209e-01,9.99999e-01
6.923517345e-01,9.50187e-01,9.99999e-01,9.99999e-01,9.50187e-01,9.99999e-01
6.958134932e-01,9.51147e-01,9.99999e-01,9.99999e-01,9.51147e-01,9.99999e-01
6.992925606e-01,9.52088e-01,9.99999e-01,9.99999e-01,9.52088e-01,9.99999e-01
7.027890234e-01,9.53012e-01,9.99999e-01,9.99999e-01,9.53012e-01,9.99999e-01
7.063029686e-01,9.53918e-01,9.99999e-01,9.99999e-01,9.53918e-01,9.99999e-01
7.098344834e-01,9.54807e-01,9.99999e-01,9.99999e-01,9.54807e-01,9.99999e-01
7.133836558e-01,9.55680e-01,9.99999e-01,9.99999e-01,9.55680e-01,9.99999e-01
7.169505741e-01,9.56536e-01,9.99999e-01,9.99999e-01,9.56536e-01,9.99999e-01
7.205353270e-01,9.57376e-01,9.99999e-01,9.99999e-01,9.57376e-01,9.99999e-01
7.241380036e-01,9.58200e-01,9.99999e-01,9.99999e-01,9.58200e-01,9.99999e-01
7.277586936e-01,9.59009e-01,9.99999e-01,9.99999e-01,9.59009e-01,9.99999e-01
7.313974871e-01,9.59802e-01,9.99999e-01,9.99999e-01,9.59802e-01,9.99999e-01
7.350544745e-01,9.60580e-01,9.99999e-01,9.99999e-01,9.60580e-01,9.99999e-01
7.387297469e-01,9.61343e-01,9.99999e-01,9.99999e-01,9.61343e-01,9.99999e-01
7.424233956e-01,9.62092e-01,9.99999e-01,9.99999e-01,9.62092e-01,9.99999e-01
7.461355126e-01,9.62827e-01,9.99999e-01,9.99999e-01,9.62827e-01,9.99999e-01
7.498661902e-01,9.63548e-01,9.99999e-01,9.99999e-01,9.63548e-01,9.99999e-01
7.536155211e-01,9.64254e-01,9.99999e-01,9.99999e-01,9.64254e-01,9.99999e-01
7.573835987e-01,9.64948e-01,9.99999e-01,9.99999e-01,9.64948e-01,9.99999e-01
7.611705167e-01,9.65628e-01,9.99999e-01,9.99999e-01,9.65628e-01,9.99999e-01
7.649763693e-01,9.66296e-01,9.99999e-01,9.99999e-01,9.66296e-01,9.99999e-01
7.688012511e-01,9.66950e-01,9.99999e-01,9.99999e-01,9.66950e-01,9.99999e-01
7.726452574e-01,9.67592e-01,9.99999e-01,9.99999e-01,9.67592e-01,9.99999e-01
7.765084837e-01,9.68222e-01,9.99999e-01,9.99999e-01,9.68222e-01,9.99999e-01
7.803910261e-01,9.68840e-01,9.99999e-01,9.99999e-01,9.68840e-01,9.99999e-01
7.842929812e-01,9.69446e-01,9.99999e-01,9.99999e-01,9.69446e-01,9.99999e-01
7.882144461e-01,9.70040e-01,9.99999e-01,9.99999e-01,9.70040e-01,9.99999e-01
7.921555184e-01,9.70623e-01,9.99999e-01,9.99999e-01,9.70623e-01,9.99999e-01
7.961162960e-01,9.71195e-01,9.99999e-01,9.99999e-01,9.71195e-01,9.99999e-01
8.000968774e-01,9.71756e-01,9.99999e-01,9.99999e-01,9.71756e-01,9.99999e-01
8.040973618e-01,9.72306e-01,9.99999e-01,9.99999e-01,9.72306e-01,9.99999e-01
8.081178486e-01,9.72846e-01,9.99999e-01,9.99999e-01,9.72846e-01,9.99999e-01
8.121584379e-01,9.73375e-01,9.99999e-01,9.99999e-01,9.73375e-01,9.99999e-01
8.162192301e-01,9.73894e-01,9.99999e-01,9.99999e-01,9.73894e-01,9.99999e-01
8.203003262e-01,9.74403e-01,9.99999e-01,9.99999e-01,9.74403e-01,9.99999e-01
8.244018279e-01,9.74902e-01,9.99999e-01,9.99999e-01,9.74902e-01,9.99999e-01
8.285238370e-01,9.75391e-01,9.99999e-01,9.99999e-01,9.75391e-01,9.99999e-01
8.326664562e-01,9.75872e-01,9.99999e-01,9.99999e-01,9.75872e-01,9.99999e-01
8.368297885e-01,9.76342e-01,9.99999e-01,9.99999e-01,9.76342e-01,9.99999e-01
8.410139374e-01,9.76804e-01,9.99999e-01,9.99999e-01,9.76804e-01,9.99999e-01
8.452190071e-01,9.77257e-01,9.99999e-01,9.99999e-01,9.77257e-01,9.99999e-01
8.494451021e-01,9.77701e-01,9.99999e-01,9.99999e-01,9.77701e-01,9.99999e-01
8.536923276e-01,9.78137e-01,9.99999e-01,9.99999e-01,9.78137e-01,9.99999e-01
8.579607893e-01,9.78564e-01,9.99999e-01,9.99999e-01,9.78564e-01,9.99999e-01
8.622505932e-01,9.78983e-01,9.99999e-01,9.99999e-01,9.78983e-01,9.99999e-01
8.665618462e-01,9.79394e-01,9.99999e-01,9.99999e-01,9.79394e-01,9.99999e-01
8.708946554e-01,9.79797e-01,9.99999e-01,9.99999e-01,9.79797e-01,9.99999e-01
8.752491287e-01,9.80192e-01,9.99999e-01,9.99999e-01,9.80192e-01,9.99999e-01
8.796253743e-01,9.80579e-01,9.99999e-01,9.99999e-01,9.80579e-01,9.99999e-01
8.840235012e-01,9.80959e-01,9.99999e-01,9.99999e-01,9.80959e-01,9.99999e-01
8.884436187e-01,9.81332e-01,9.99999e-01,9.99999e-01,9.81332e-01,9.99999e-01
8.928858368e-01,9.81697e-01,9.99999e-01,9.99999e-01,9.81697e-01,9.99999e-01
8.973502660e-01,9.82055e-01,9.99999e-01,9.99999e-01,9.82055e-01,9.99999e-01
9.018370173e-01,9.82406e-01,9.99999e-01,9.99999e-01,9.82406e-01,9.99999e-01
9.063462024e-01,9.82751e-01,9.99999e-01,9.99999e-01,9.82751e-01,9.99999e-01
9.108779334e-01,9.83089e-01,9.99999e-01,9.99999e-01,9.83089e-01,9.99999e-01
9.154323231e-01,9.83420e-01,9.99999e-01,9.99999e-01,9.83420e-01,9.99999e-01
9.200094847e-01,9.83745e-01,9.99999e-01,9.99999e-01,9.83745e-01,9.99999e-01
9.246095321e-01,9.84063e-01,9.99999e-01,9.99999e-01,9.84063e-01,9.99999e-01
9.292325798e-01,9.84376e-01,9.99999e-01,9.99999e-01,9.84376e-01,9.99999e-01
9.338787427e-01,9.84682e-01,9.99999e-01,9.99999e-01,9.84682e-01,9.99999e-01
9.385481364e-01,9.84982e-01,9.99999e-01,9.99999e-01,9.84982e-01,9.99999e-01
9.432408771e-01,9.85277e-01,9.99999e-01,9.99999e-01,9.85277e-01,9.99999e-01
9.479570815e-01,9.85565e-01,9.99999e-01,9.99999e-01,9.85565e-01,9.99999e-01
9.526968669e-01,9.85848e-01,9.99999e-01,9.99999e-01,9.85848e-01,9.99999e-01
9.574603512e-01,9.86126e-01,9.99999e-01,9.99999e-01,9.86126e-01,9.99999e-01
9.622476530e-01,9.86398e-01,9.99999e-01,9.99999e-01,9.86398e-01,9.99999e-01
9.670588912e-01,9.86665e-01,9.99999e-01,9.99999e-01,9.86665e-01,9.99999e-01
9.718941857e-01,9.86927e-01,9.99999e-01,9.99999e-01,9.86927e-01,9.99999e-01
9.767536566e-01,9.87183e-01,9.99999e-01,9.99999e-01,9.87183e-01,9.99999e-01
9.816374249e-01,9.87435e-01,9.99999e-01,9.99999e-01,9.87435e-01,9.99999e-01
9.865456120e-01,9.87681e-01,9.99999e-01,9.99999e-01,9.87681e-01,9.99999e-01
9.914783401e-01,9.87923e-01,9.99999e-01,9.99999e-01,9.87923e-01,9.99999e-01
9.964357318e-01,9.88160e-01,9.99999e-01,9.99999e-01,9.88160e-01,9.99999e-01
1.001417910e+00,9.88393e-01,9.99999e-01,9.99999e-01,9.88393e-01,9.99999e-01
1.006425000e+00,9.88621e-01,9.99999e-01,9.99999e-01,9.88621e-01,9.99999e-01
1.011457125e+00,9.88844e-01,9.99999e-01,9.99999e-01,9.88844e-01,9.99999e-01
1.016514411e+00,9.89063e-01,9.99999e-01,9.99999e-01,9.89063e-01,9.99999e-01
1.021596983e+00,9.89278e-01,9.99999e-01,9.99999e-01,9.89278e-01,9.99999e-01
1.026704968e+00,9.89489e-01,9.99999e-01,9.99999e-01,9.89489e-01,9.99999e-01
1.031838492e+00,9.89695e-01,9.99999e-01,9.99999e-01,9.89695e-01,9.99999e-01
1.036997685e+00,9.89898e-01,9.99999e-01,9.99999e-01,9.89898e-01,9.99999e-01
1.042182673e+00,9.90096e-01,9.99999e-01,9.99999e-01,9.90096e-01,9.99999e-01
1.047393587e+00,9.90291e-01,9.99999e-01,9.99999e-01,9.90291e-01,9.99999e-01
1.052630555e+00,9.90482e-01,9.99999e-01,9.99999e-01,9.90482e-01,9.99999e-01
1.057893707e+00,9.90669e-01,9.99999e-01,9.99999e-01,9.90669e-01,9.99999e-01
1.063183176e+00,9.90852e-01,9.99999e-01,9.99999e-01,9.90852e-01,9.99999e-01
1.068499092e+00,9.91032e-01,9.99999e-01,9.99999e-01,9.91032e-01,9.99999e-01
1.073841587e+00,9.91209e-01,9.99999e-01,9.99999e-01,9.91209e-01,9.99999e-01
1.079210795e+00,9.91381e-01,9.99999e-01,9.99999e-01,9.91381e-01,9.99999e-01
1.084606849e+00,9.91551e-01,9.99999e-01,9.99999e-01,9.91551e-01,9.99999e-01
1.090029883e+00,9.91717e-01,9.99999e-01,9.99999e-01,9.91717e-01,9.99999e-01
1.095480033e+00,9.91880e-01,9.99999e-01,9.99999e-01,9.91880e-01,9.99999e-01
1.100957433e+00,9.92040e-01,9.99999e-01,9.99999e-01,9.92040e-01,9.99999e-01
1.106462220e+00,9.92196e-01,9.99999e-01,9.99999e-01,9.92196e-01,9.99999e-01
1.111994531e+00,9.92350e-01,9.99999e-01,9.99999e-01,9.92350e-01,9.99999e-01
1.117554504e+00,9.92500e-01,9.99999e-01,9.99999e-01,9.92500e-01,9.99999e-01
1.123142276e+00,9.92648e-01,9.99999e-01,9.99999e-01,9.92648e-01,9.99999e-01
1.128757988e+00,9.92793e-01,9.99999e-01,9.99999e-01,9.92793e-01,9.99999e-01
1.134401778e+00,9.92934e-01,9.99999e-01,9.99999e-01,9.92934e-01,9.99999e-01
1.140073787e+00,9.93074e-01,9.99999e-01,9.99999e-01,9.93074e-01,9.99999e-01
1.145774156e+00,9.93210e-01,9.99999e-01,9.99999e-01,9.93210e-01,9.99999e-01
1.151503026e+00,9.93344e-01,9.99999e-01,9.99999e-01,9.93344e-01,9.99999e-01
1.157260541e+00,9.93475e-01,9.99999e-01,9.99999e-01,9.93475e-01,9.99999e-01
1.163046844e+00,9.93603e-01,9.99999e-01,9.99999e-01,9.93603e-01,9.99999e-01
1.168862078e+00,9.93729e-01,9.99999e-01,9.99999e-01,9.93729e-01,9.99999e-01
1.174706389e+00,9.93852e-01,9.99999e-01,9.99999e-01,9.93852e-01,9.99999e-01
1.180579921e+00,9.93973e-01,9.99999e-01,9.99999e-01,9.93973e-01,9.99999e-01
1.186482820e+00,9.94092e-01,9.99999e-01,9.99999e-01,9.94092e-01,9.99999e-01
1.192415234e+00,9.94208e-01,9.99999e-01,9.99999e-01,9.94208e-01,9.99999e-01
1.198377311e+00,9.94323e-01,9.99999e-01,9.99999e-01,9.94323e-01,9.99999e-01
1.204369197e+00,9.94434e-01,9.99999e-01,9.99999e-01,9.94434e-01,9.99999e-01
1.210391043e+00,9.94544e-01,9.99999e-01,9.99999e-01,9.94544e-01,9.99999e-01
1.216442998e+00,9.94651e-01,9.99999e-01,9.99999e-01,9.94651e-01,9.99999e-01
1.222525213e+00,9.94757e-01,9.99999e-01,9.99999e-01,9.94757e-01,9.99999e-01
1.228637839e+00,9.94860e-01,9.99999e-01,9.99999e-01,9.94860e-01,9.99999e-01
1.234781029e+00,9.94961e-01,9.99999e-01,9.99999e-01,9.94961e-01,9.99999e-01
1.240954934e+00,9.95061e-01,9.99999e-01,9.99999e-01,9.95061e-01,9.99999e-01
1.247159708e+00,9.95158e-01,9.99999e-01,9.99999e-01,9.95158e-01,9.99999e-01
1.253395507e+00,9.95253e-01,9.99999e-01,9.99999e-01,9.95253e-01,9.99999e-01
1.259662485e+00,9.95347e-01,9.99999e-01,9.99999e-01,9.95347e-01,9.99999e-01
1.265960797e+00,9.95438e-01,9.99999e-01,9.99999e-01,9.95438e-01,9.99999e-01
1.272290601e+00,9.95528e-01,9.99999e-01,9.99999e-01,9.95528e-01,9.99999e-01
1.278652054e+00,9.95616e-01,9.99999e-01,9.99999e-01,9.95616e-01,9.99999e-01
1.285045314e+00,9.95703e-01,9.99999e-01,9.99999e-01,9.95703e-01,9.99999e-01
1.291470541e+00,9.95788e-01,9.99999e-01,9.99999e-01,9.95788e-01,9.99999e-01
1.297927893e+00,9.95871e-01,9.99999e-01,9.99999e-01,9.95871e-01,9.99999e-01
1.304417533e+00,9.95952e-01,9.99999e-01,9.99999e-01,9.95952e-01,9.99999e-01
1.310939621e+00,9.96032e-01,9.99999e-01,9.99999e-01,9.96032e-01,9.99999e-01
1.317494319e+00,9.96110e-01,9.99999e-01,9.99999e-01,9.96110e-01,9.99999e-01
1.324081790e+00,9.96187e-01,9.99999e-01,9.99999e-01,9.96187e-01,9.99999e-01
1.330702199e+00,9.96262e-01,9.99999e-01,9.99999e-01,9.96262e-01,9.99999e-01
1.337355710e+00,9.96335e-01,9.99999e-01,9.99999e-01,9.96335e-01,9.99999e-01
1.344042489e+00,9.96408e-01,9.99999e-01,9.99999e-01,9.96408e-01,9.99999e-01
1.350762701e+00,9.96478e-01,9.99999e-01,9.99999e-01,9.96478e-01,9.99999e-01
1.357516515e+00,9.96548e-01,9.99999e-01,9.99999e-01,9.96548e-01,9.99999e-01
1.364304097e+00,9.96616e-01,9.99999e-01,9.99999e-01,9.96616e-01,9.99999e-01
1.371125618e+00,9.96683e-01,9.99999e-01,9.99999e-01,9.96683e-01,9.99999e-01
1.377981246e+00,9.96748e-01,9.99999e-01,9.99999e-01,9.96748e-01,9.99999e-01
1.384871152e+00,9.96812e-01,9.99999e-01,9.99999e-01,9.96812e-01,9.99999e-01
1.391795508e+00,9.96875e-01,9.99999e-01,9.99999e-01,9.96875e-01,9.99999e-01
1.398754485e+00,9.96937e-01,9.99999e-01,9.99999e-01,9.96937e-01,9.99999e-01
1.405748258e+00,9.96997e-01,9.99999e-01,9.99999e-01,9.96997e-01,9.99999e-01
1.412776999e+00,9.97056e-01,9.99999e-01,9.99999e-01,9.97056e-01,9.99999e-01
1.419840884e+00,9.97114e-01,9.99999e-01,9.99999e-01,9.97114e-01,9.99999e-01
1.426940089e+00,9.97171e-01,9.99999e-01,9.99999e-01,9.97171e-01,9.99999e-01
1.434074789e+00,9.97227e-01,9.99999e-01,9.99999e-01,9.97227e-01,9.99999e-01
1.441245163e+00,9.97281e-01,9.99999e-01,9.99999e-01,9.97282e-01,9.99999e-01
1.448451389e+00,9.97335e-01,9.99998e-01,9.99999e-01,9.97335e-01,9.99999e-01
1.455693646e+00,9.97388e-01,9.99999e-01,9.99999e-01,9.97388e-01,9.99999e-01
1.462972114e+00,9.97439e-01,9.99999e-01,9.99999e-01,9.97439e-01,9.99999e-01
1.470286975e+00,9.97490e-01,9.99999e-01,9.99999e-01,9.97490e-01,9.99999e-01
1.477638409e+00,9.97539e-01,9.99999e-01,9.99999e-01,9.97539e-01,9.99999e-01
1.485026601e+00,9.97588e-01,9.99999e-01,9.99999e-01,9.97588e-01,9.99999e-01
1.492451734e+00,9.97635e-01,9.99999e-01,9.99999e-01,9.97635e-01,9.99999e-01
1.499913993e+00,9.97682e-01,9.99999e-01,9.99999e-01,9.97682e-01,9.99999e-01
1.507413563e+00,9.97728e-01,9.99999e-01,9.99999e-01,9.97728e-01,9.99999e-01
1.514950631e+00,9.97773e-01,9.99999e-01,9.99999e-01,9.97773e-01,9.99999e-01
1.522525384e+00,9.97816e-01,9.99999e-01,9.99999e-01,9.97816e-01,9.99999e-01
1.530138011e+00,9.97860e-01,9.99999e-01,9.99999e-01,9.97860e-01,9.99999e-01
1.537788701e+00,9.97902e-01,9.99999e-01,9.99999e-01,9.97902e-01,9.99999e-01
1.545477645e+00,9.97943e-01,9.99999e-01,9.99999e-01,9.97943e-01,9.99999e-01
1.553205033e+00,9.97984e-01,9.99999e-01,9.99999e-01,9.97984e-01,9.99999e-01
1.560971058e+00,9.98023e-01,9.99999e-01,9.99999e-01,9.98023e-01,9.99999e-01
1.568775913e+00,9.98062e-01,9.99999e-01,9.99999e-01,9.98062e-01,9.99999e-01
1.576619793e+00,9.98101e-01,9.99999e-01,9.99999e-01,9.98101e-01,9.99999e-01
1.584502892e+00,9.98138e-01,9.99999e-01,9.99999e-01,9.98138e-01,9.99999e-01
1.592425406e+00,9.98175e-01,9.99999e-01,9.99999e-01,9.98175e-01,9.99999e-01
1.600387533e+00,9.98211e-01,9.99999e-01,9.99999e-01,9.98211e-01,9.99999e-01
1.608389471e+00,9.98246e-01,9.99999e-01,9.99999e-01,9.98246e-01,9.99999e-01
1.616431418e+00,9.98281e-01,9.99999e-01,9.99999e-01,9.98281e-01,9.99999e-01
1.624513575e+00,9.98315e-01,9.99999e-01,9.99999e-01,9.98315e-01,9.99999e-01
1.632636143e+00,9.98348e-01,9.99999e-01,9.99999e-01,9.98348e-01,9.99999e-01
1.640799324e+00,9.98380e-01,9.99999e-01,9.99999e-01,9.98380e-01,9.99999e-01
1.649003321e+00,9.98412e-01,9.99999e-01,9.99999e-01,9.98412e-01,9.99999e-01
1.657248337e+00,9.98444e-01,9.99999e-01,9.99999e-01,9.98444e-01,9.99999e-01
1.665534579e+00,9.98474e-01,9.99999e-01,9.99999e-01,9.98474e-01,9.99999e-01
1.673862252e+00,9.98505e-01,9.99999e-01,9.99999e-01,9.98505e-01,9.99999e-01
1.682231563e+00,9.98534e-01,9.99999e-01,9.99999e-01,9.98534e-01,9.99999e-01
1.690642721e+00,9.98563e-01,9.99999e-01,9.99999e-01,9.98563e-01,9.99999e-01
1.699095934e+00,9.98591e-01,9.99999e-01,9.99999e-01,9.98591e-01,9.99999e-01
1.707591414e+00,9.98619e-01,9.99999e-01,9.99999e-01,9.98619e-01,9.99999e-01
1.716129371e+00,9.98646e-01,9.99999e-01,9.99999e-01,9.98646e-01,9.99999e-01
1.724710018e+00,9.98673e-01,9.99999e-01,9.99999e-01,9.98673e-01,9.99999e-01
1.733333568e+00,9.98699e-01,9.99999e-01,9.99999e-01,9.98699e-01,9.99999e-01
1.742000236e+00,9.98725e-01,9.99999e-01,9.99999e-01,9.98725e-01,9.99999e-01
1.750710237e+00,9.98750e-01,9.99999e-01,9.99999e-01,9.98750e-01,9.99999e-01
1.759463788e+00,9.98775e-01,9.99999e-01,9.99999e-01,9.98775e-01,9.99999e-01
1.768261107e+00,9.98799e-01,9.99999e-01,9.99999e-01,9.98799e-01,9.99999e-01
1.777102413e+00,9.98823e-01,9.99999e-01,9.99999e-01,9.98823e-01,9.99999e-01
1.785987925e+00,9.98846e-01,9.99999e-01,9.99999e-01,9.98846e-01,9.99999e-01
1.794917864e+00,9.98869e-01,9.99999e-01,9.99999e-01,9.98869e-01,9.99999e-01
1.803892454e+00,9.98891e-01,9.99999e-01,9.99999e-01,9.98891e-01,9.99999e-01
1.812911916e+00,9.98913e-01,9.99999e-01,9.99999e-01,9.98913e-01,9.99999e-01
1.821976476e+00,9.98934e-01,9.99999e-01,9.99999e-01,9.98934e-01,9.99999e-01
1.831086358e+00,9.98955e-01,9.99999e-01,9.99999e-01,9.98955e-01,9.99999e-01
1.840241790e+00,9.98976e-01,9.99999e-01,9.99999e-01,9.98976e-01,9.99999e-01
1.849442999e+00,9.98996e-01,9.99999e-01,9.99999e-01,9.98996e-01,9.99999e-01
1.858690214e+00,9.99016e-01,9.99999e-01,9.99999e-01,9.99016e-01,9.99999e-01
1.867983665e+00,9.99035e-01,9.99999e-01,9.99999e-01,9.99035e-01,9.99999e-01
1.877323583e+00,9.99054e-01,9.99999e-01,9.99999e-01,9.99054e-01,9.99999e-01
1.886710201e+00,9.99073e-01,9.99999e-01,9.99999e-01,9.99073e-01,9.99999e-01
1.896143752e+00,9.99091e-01,9.99999e-01,9.99999e-01,9.99091e-01,9.99999e-01
1.905624471e+00,9.99109e-01,9.99999e-01,9.99999e-01,9.99109e-01,9.99999e-01
1.915152593e+00,9.99127e-01,9.99999e-01,9.99999e-01,9.99127e-01,9.99999e-01
1.924728356e+00,9.99144e-01,9.99999e-01,9.99999e-01,9.99144e-01,9.99999e-01
1.934351998e+00,9.99161e-01,9.99999e-01,9.99999e-01,9.99161e-01,9.99999e-01
1.944023758e+00,9.99177e-01,9.99999e-01,9.99999e-01,9.99177e-01,9.99999e-01
1.953743877e+00,9.99194e-01,9.99999e-01,9.99999e-01,9.99194e-01,9.99999e-01
1.963512596e+00,9.99209e-01,9.99999e-01,9.99999e-01,9.99209e-01,9.99999e-01
1.973330159e+00,9.99225e-01,9.99999e-01,9.99999e-01,9.99225e-01,9.99999e-01
1.983196810e+00,9.99240e-01,9.99999e-01,9.99999e-01,9.99240e-01,9.99999e-01
1.993112794e+00,9.99255e-01,9.99999e-01,9.99999e-01,9.99255e-01,9.99999e-01
2.003078358e+00,9.99250e-01,9.99999e-01,9.99999e-01,9.99270e-01,9.99979e-01
2.013093750e+00,9.99245e-01,9.99999e-01,9.99999e-01,9.99284e-01,9.99960e-01
2.023159218e+00,9.99236e-01,9.99999e-01,9.99999e-01,9.99298e-01,9.99936e-01
2.033275015e+00,9.99218e-01,9.99999e-01,9.99999e-01,9.99312e-01,9.99904e-01
2.043441390e+00,9.99168e-01,9.99999e-01,9.99999e-01,9.99326e-01,9.99842e-01
2.053658597e+00,9.99067e-01,9.99998e-01,9.99999e-01,9.99339e-01,9.99728e-01
2.063926890e+00,9.98884e-01,9.99997e-01,9.99999e-01,9.99352e-01,9.99533e-01
2.074246524e+00,9.98554e-01,9.99994e-01,9.99999e-01,9.99365e-01,9.99193e-01
2.084617757e+00,9.98027e-01,9.99991e-01,9.99999e-01,9.99377e-01,9.98655e-01
2.095040845e+00,9.97292e-01,9.99987e-01,9.99999e-01,9.99390e-01,9.97913e-01
2.105516050e+00,9.96398e-01,9.99984e-01,9.99999e-01,9.99402e-01,9.97008e-01
2.116043630e+00,9.95690e-01,9.99985e-01,9.99999e-01,9.99414e-01,9.96287e-01
2.126623848e+00,9.95213e-01,9.99987e-01,9.99999e-01,9.99425e-01,9.95796e-01
2.137256967e+00,9.94721e-01,9.99989e-01,9.99999e-01,9.99436e-01,9.95292e-01
2.147943252e+00,9.93788e-01,9.99994e-01,9.99999e-01,9.99448e-01,9.94341e-01
2.158682968e+00,9.92872e-01,9.99966e-01,9.99999e-01,9.99458e-01,9.93443e-01
2.169476383e+00,9.94481e-01,9.99987e-01,9.99999e-01,9.99469e-01,9.95019e-01
2.180323765e+00,9.95891e-01,9.99992e-01,9.99999e-01,9.99480e-01,9.96415e-01
2.191225384e+00,9.96518e-01,9.99992e-01,9.99999e-01,9.99490e-01,9.97032e-01
2.202181511e+00,9.97179e-01,9.99993e-01,9.99999e-01,9.99500e-01,9.97683e-01
2.213192418e+00,9.97880e-01,9.99995e-01,9.99999e-01,9.99510e-01,9.98372e-01
2.224258381e+00,9.98485e-01,9.99996e-01,9.99999e-01,9.99519e-01,9.98967e-01
2.235379672e+00,9.98935e-01,9.99996e-01,9.99999e-01,9.99529e-01,9.99407e-01
2.246556571e+00,9.99209e-01,9.99997e-01,9.99999e-01,9.99538e-01,9.99671e-01
2.257789354e+00,9.99365e-01,9.99998e-01,9.99999e-01,9.99547e-01,9.99817e-01
2.269078300e+00,9.99460e-01,9.99998e-01,9.99999e-01,9.99556e-01,9.99903e-01
2.280423692e+00,9.99509e-01,9.99999e-01,9.99999e-01,9.99565e-01,9.99944e-01
2.291825810e+00,9.99541e-01,9.99999e-01,9.99999e-01,9.99574e-01,9.99967e-01
2.303284939e+00,9.99564e-01,9.99999e-01,9.99999e-01,9.99582e-01,9.99981e-01
2.314801364e+00,9.99578e-01,9.99999e-01,9.99999e-01,9.99590e-01,9.99987e-01
2.326375371e+00,9.99598e-01,9.99999e-01,9.99999e-01,9.99598e-01,9.99999e-01
2.338007248e+00,9.99606e-01,9.99999e-01,9.99999e-01,9.99606e-01,9.99999e-01
2.349697284e+00,9.99614e-01,9.99999e-01,9.99999e-01,9.99614e-01,9.99999e-01
2.361445770e+00,9.99622e-01,9.99999e-01,9.99999e-01,9.99622e-01,9.99999e-01
2.373252999e+00,9.99629e-01,9.99999e-01,9.99999e-01,9.99629e-01,9.99999e-01
2.385119264e+00,9.99636e-01,9.99999e-01,9.99999e-01,9.99636e-01,9.99999e-01
2.397044861e+00,9.99643e-01,9.99999e-01,9.99999e-01,9.99643e-01,9.99999e-01
2.409030085e+00,9.99650e-01,9.99999e-01,9.99999e-01,9.99650e-01,9.99999e-01
2.421075235e+00,9.99657e-01,9.99999e-01,9.99999e-01,9.99657e-01,9.99999e-01
2.433180612e+00,9.99664e-01,9.99999e-01,9.99999e-01,9.99664e-01,9.99999e-01
2.445346515e+00,9.99671e-01,9.99999e-01,9.99999e-01,9.99671e-01,9.99999e-01
2.457573247e+00,9.99677e-01,9.99999e-01,9.99999e-01,9.99677e-01,9.99999e-01
2.469861113e+00,9.99684e-01,9.99999e-01,9.99999e-01,9.99684e-01,9.99999e-01
2.482210419e+00,9.99690e-01,9.99999e-01,9.99999e-01,9.99690e-01,9.99999e-01
2.494621471e+00,9.99696e-01,9.99999e-01,9.99999e-01,9.99696e-01,9.99999e-01
2.507094578e+00,9.99702e-01,9.99999e-01,9.99999e-01,9.99702e-01,9.99999e-01
2.519630051e+00,9.99708e-01,9.99999e-01,9.99999e-01,9.99708e-01,9.99999e-01
2.532228202e+00,9.99713e-01,9.99999e-01,9.99999e-01,9.99713e-01,9.99999e-01
2.544889343e+00,9.99719e-01,9.99999e-01,9.99999e-01,9.99719e-01,9.99999e-01
2.557613789e+00,9.99725e-01,9.99999e-01,9.99999e-01,9.99725e-01,9.99999e-01
2.570401858e+00,9.99730e-01,9.99999e-01,9.99999e-01,9.99730e-01,9.99999e-01
2.583253867e+00,9.99735e-01,9.99999e-01,9.99999e-01,9.99735e-01,9.99999e-01
2.596170137e+00,9.99741e-01,9.99999e-01,9.99999e-01,9.99741e-01,9.99999e-01
2.609150988e+00,9.99746e-01,9.99999e-01,9.99999e-01,9.99746e-01,9.99999e-01
2.622196742e+00,9.99751e-01,9.99999e-01,9.99999e-01,9.99751e-01,9.99999e-01
2.635307726e+00,9.99756e-01,9.99999e-01,9.99999e-01,9.99756e-01,9.99999e-01
2.648484265e+00,9.99760e-01,9.99999e-01,9.99999e-01,9.99760e-01,9.99999e-01
2.661726686e+00,9.99765e-01,9.99999e-01,9.99999e-01,9.99765e-01,9.99999e-01
2.675035320e+00,9.99770e-01,9.99999e-01,9.99999e-01,9.99770e-01,9.99999e-01
2.688410496e+00,9.99774e-01,9.99999e-01,9.99999e-01,9.99774e-01,9.99999e-01
2.701852549e+00,9.99779e-01,9.99999e-01,9.99999e-01,9.99779e-01,9.99999e-01
2.715361811e+00,9.99783e-01,9.99999e-01,9.99999e-01,9.99783e-01,9.99999e-01
2.728938620e+00,9.99787e-01,9.99999e-01,9.99999e-01,9.99787e-01,9.99999e-01
2.742583314e+00,9.99792e-01,9.99999e-01,9.99999e-01,9.99792e-01,9.99999e-01
2.756296230e+00,9.99796e-01,9.99999e-01,9.99999e-01,9.99796e-01,9.99999e-01
2.770077711e+00,9.99800e-01,9.99999e-01,9.99999e-01,9.99800e-01,9.99999e-01
2.783928100e+00,9.99804e-01,9.99999e-01,9.99999e-01,9.99804e-01,9.99999e-01
2.797847740e+00,9.99807e-01,9.99999e-01,9.99999e-01,9.99807e-01,9.99999e-01
2.811836979e+00,9.99811e-01,9.99999e-01,9.99999e-01,9.99811e-01,9.99999e-01
2.825896164e+00,9.99815e-01,9.99999e-01,9.99999e-01,9.99815e-01,9.99999e-01
2.840025645e+00,9.99819e-01,9.99999e-01,9.99999e-01,9.99819e-01,9.99999e-01
2.854225773e+00,9.99822e-01,9.99999e-01,9.99999e-01,9.99822e-01,9.99999e-01
2.868496902e+00,9.99826e-01,9.99999e-01,9.99999e-01,9.99826e-01,9.99999e-01
2.882839386e+00,9.99829e-01,9.99999e-01,9.99999e-01,9.99829e-01,9.99999e-01
2.897253583e+00,9.99832e-01,9.99999e-01,9.99999e-01,9.99832e-01,9.99999e-01
2.911739851e+00,9.99836e-01,9.99999e-01,9.99999e-01,9.99836e-01,9.99999e-01
2.926298550e+00,9.99839e-01,9.99999e-01,9.99999e-01,9.99839e-01,9.99999e-01
2.940930043e+00,9.99842e-01,9.99999e-01,9.99999e-01,9.99842e-01,9.99999e-01
2.955634693e+00,9.99845e-01,9.99999e-01,9.99999e-01,9.99845e-01,9.99999e-01
2.970412867e+00,9.99848e-01,9.99999e-01,9.99999e-01,9.99848e-01,9.99999e-01
2.985264931e+00,9.99851e-01,9.99999e-01,9.99999e-01,9.99851e-01,9.99999e-01
3.000191256e+00,9.99854e-01,9.99999e-01,9.99999e-01,9.99854e-01,9.99999e-01
3.015192212e+00,9.99857e-01,9.99999e-01,9.99999e-01,9.99857e-01,9.99999e-01
3.030268173e+00,9.99860e-01,9.99999e-01,9.99999e-01,9.99860e-01,9.99999e-01
3.045419514e+00,9.99863e-01,9.99999e-01,9.99999e-01,9.99863e-01,9.99999e-01
3.060646612e+00,9.99865e-01,9.99999e-01,9.99999e-01,9.99865e-01,9.99999e-01
3.075949845e+00,9.99868e-01,9.99999e-01,9.99999e-01,9.99868e-01,9.99999e-01
3.091329594e+00,9.99870e-01,9.99999e-01,9.99999e-01,9.99870e-01,9.99999e-01
3.106786242e+00,9.99873e-01,9.99999e-01,9.99999e-01,9.99873e-01,9.99999e-01
3.122320173e+00,9.99875e-01,9.99999e-01,9.99999e-01,9.99875e-01,9.99999e-01
3.137931774e+00,9.99878e-01,9.99999e-01,9.99999e-01,9.99878e-01,9.99999e-01
3.153621433e+00,9.99880e-01,9.99999e-01,9.99999e-01,9.99880e-01,9.99999e-01
3.169389540e+00,9.99883e-01,9.99999e-01,9.99999e-01,9.99883e-01,9.99999e-01
3.185236488e+00,9.99885e-01,9.99999e-01,9.99999e-01,9.99885e-01,9.99999e-01
3.201162670e+00,9.99887e-01,9.99999e-01,9.99999e-01,9.99887e-01,9.99999e-01
3.217168483e+00,9.99889e-01,9.99999e-01,9.99999e-01,9.99889e-01,9.99999e-01
3.233254326e+00,9.99892e-01,9.99999e-01,9.99999e-01,9.99892e-01,9.99999e-01
3.249420598e+00,9.99894e-01,9.99999e-01,9.99999e-01,9.99894e-01,9.99999e-01
3.265667701e+00,9.99896e-01,9.99999e-01,9.99999e-01,9.99896e-01,9.99999e-01
3.281996039e+00,9.99898e-01,9.99999e-01,9.99999e-01,9.99898e-01,9.99999e-01
3.298406019e+00,9.99900e-01,9.99999e-01,9.99999e-01,9.99900e-01,9.99999e-01
3.314898049e+00,9.99902e-01,9.99999e-01,9.99999e-01,9.99902e-01,9.99999e-01
3.331472540e+00,9.99645e-01,9.99999e-01,9.99999e-01,9.99904e-01,9.99740e-01
3.348129902e+00,9.98312e-01,9.99999e-01,9.99999e-01,9.99906e-01,9.98406e-01
3.364870552e+00,9.88846e-01,9.99999e-01,9.99999e-01,9.99907e-01,9.88936e-01
3.381694905e+00,9.91541e-01,9.99999e-01,9.99999e-01,9.99909e-01,9.91630e-01
3.398603379e+00,9.90402e-01,9.99999e-01,9.99999e-01,9.99911e-01,9.90489e-01
3.415596396e+00,9.89990e-01,9.99999e-01,9.99999e-01,9.99913e-01,9.90075e-01
3.432674378e+00,9.94533e-01,9.99999e-01,9.99999e-01,9.99914e-01,9.94617e-01
3.449837750e+00,9.96238e-01,9.99999e-01,9.99999e-01,9.99916e-01,9.96320e-01
3.467086939e+00,9.95598e-01,9.99999e-01,9.99999e-01,9.99918e-01,9.95679e-01
3.484422373e+00,9.95001e-01,9.99999e-01,9.99999e-01,9.99919e-01,9.95081e-01
3.501844485e+00,9.96702e-01,9.99999e-01,9.99999e-01,9.99921e-01,9.96780e-01
3.519353708e+00,9.99049e-01,9.99999e-01,9.99999e-01,9.99922e-01,9.99126e-01
3.536950476e+00,9.99749e-01,9.99999e-01,9.99999e-01,9.99924e-01,9.99824e-01
3.554635228e+00,9.99443e-01,9.99999e-01,9.99999e-01,9.99925e-01,9.99517e-01
3.572408405e+00,9.99260e-01,9.99999e-01,9.99999e-01,9.99927e-01,9.99332e-01
3.590270447e+00,9.99185e-01,9.99999e-01,9.99999e-01,9.99928e-01,9.99256e-01
3.608221799e+00,9.98662e-01,9.99999e-01,9.99999e-01,9.99930e-01,9.98732e-01
3.626262908e+00,9.98221e-01,9.99999e-01,9.99999e-01,9.99931e-01,9.98289e-01
3.644394222e+00,9.97328e-01,9.99999e-01,9.99999e-01,9.99932e-01,9.97394e-01
3.662616193e+00,9.96378e-01,9.99999e-01,9.99999e-01,9.99934e-01,9.96443e-01
3.680929274e+00,9.95116e-01,9.99999e-01,9.99999e-01,9.99935e-01,9.95179e-01
3.699333921e+00,9.93616e-01,9.99999e-01,9.99999e-01,9.99936e-01,9.93678e-01
3.717830590e+00,9.91653e-01,9.99999e-01,9.99999e-01,9.99938e-01,9.91715e-01
3.736419743e+00,9.88891e-01,9.99998e-01,9.99999e-01,9.99939e-01,9.88951e-01
3.755101842e+00,9.86015e-01,9.99998e-01,9.99999e-01,9.99940e-01,9.86075e-01
3.773877351e+00,9.82073e-01,9.99996e-01,9.99999e-01,9.99941e-01,9.82132e-01
3.792746738e+00,9.76577e-01,9.99994e-01,9.99999e-01,9.99942e-01,9.76637e-01
3.811710472e+00,9.70150e-01,9.99990e-01,9.99999e-01,9.99943e-01,9.70213e-01
3.830769024e+00,9.62358e-01,9.99985e-01,9.99999e-01,9.99944e-01,9.62424e-01
3.849922869e+00,9.52485e-01,9.99973e-01,9.99999e-01,9.99946e-01,9.52562e-01
3.869172484e+00,9.40210e-01,9.99961e-01,9.99999e-01,9.99947e-01,9.40295e-01
3.888518346e+00,9.23947e-01,9.99933e-01,9.99999e-01,9.99948e-01,9.24055e-01
3.907960938e+00,9.03011e-01,9.99917e-01,9.99999e-01,9.99949e-01,9.03130e-01
3.927500742e+00,8.76495e-01,9.99858e-01,9.99999e-01,9.99950e-01,8.76662e-01
3.947138246e+00,8.42777e-01,9.99801e-01,9.99999e-01,9.99951e-01,8.42984e-01
3.966873937e+00,8.00831e-01,9.99773e-01,9.99999e-01,9.99952e-01,8.01049e-01
3.986708307e+00,7.51436e-01,9.99631e-01,9.99999e-01,9.99953e-01,7.51748e-01
4.006641849e+00,6.95420e-01,9.99518e-01,9.99999e-01,9.99953e-01,6.95786e-01
4.026675058e+00,6.35792e-01,9.99607e-01,9.99999e-01,9.99954e-01,6.36069e-01
4.046808433e+00,5.77003e-01,9.99584e-01,9.99999e-01,9.99955e-01,5.77268e-01
4.067042475e+00,5.23230e-01,9.99401e-01,9.99999e-01,9.99956e-01,5.23566e-01
4.087377688e+00,4.77271e-01,9.99302e-01,9.99999e-01,9.99957e-01,4.77624e-01
4.107814576e+00,4.42687e-01,9.99186e-01,9.99999e-01,9.99958e-01,4.43066e-01
4.128353649e+00,4.21184e-01,9.99180e-01,9.99999e-01,9.99959e-01,4.21546e-01
4.148995417e+00,4.11373e-01,9.99439e-01,9.99999e-01,9.99959e-01,4.11620e-01
4.169740394e+00,4.13060e-01,9.99475e-01,9.99999e-01,9.99960e-01,4.13293e-01
4.190589096e+00,4.21928e-01,9.99510e-01,9.99999e-01,9.99961e-01,4.22150e-01
4.211542042e+00,4.24647e-01,9.99547e-01,9.99999e-01,9.99962e-01,4.24855e-01
4.232599752e+00,4.10448e-01,9.99726e-01,9.99999e-01,9.99962e-01,4.10575e-01
4.253762751e+00,3.68600e-01,9.99806e-01,9.99999e-01,9.99963e-01,3.68684e-01
4.275031564e+00,3.00600e-01,9.99688e-01,9.99999e-01,9.99964e-01,3.00704e-01
4.296406722e+00,2.79784e-01,9.96916e-01,9.99999e-01,9.99965e-01,2.80659e-01
4.317888756e+00,3.33692e-01,9.99390e-01,9.99999e-01,9.99965e-01,3.33907e-01
4.339478200e+00,4.23507e-01,9.99643e-01,9.99999e-01,9.99966e-01,4.23672e-01
4.361175591e+00,4.88154e-01,9.99714e-01,9.99999e-01,9.99967e-01,4.88309e-01
4.382981469e+00,5.24080e-01,9.99691e-01,9.99999e-01,9.99967e-01,5.24258e-01
4.404896376e+00,5.45334e-01,9.99569e-01,9.99999e-01,9.99968e-01,5.45585e-01
4.426920858e+00,5.64039e-01,9.99567e-01,9.99999e-01,9.99968e-01,5.64300e-01
4.449055462e+00,5.86019e-01,9.99698e-01,9.99999e-01,9.99969e-01,5.86213e-01
4.471300739e+00,6.13384e-01,9.99685e-01,9.99999e-01,9.99970e-01,6.13595e-01
4.493657243e+00,6.46535e-01,9.99730e-01,9.99999e-01,9.99970e-01,6.46727e-01
4.516125529e+00,6.83260e-01,9.99739e-01,9.99999e-01,9.99971e-01,6.83457e-01
4.538706157e+00,7.22833e-01,9.99691e-01,9.99999e-01,9.99971e-01,7.23075e-01
4.561399688e+00,7.62958e-01,9.99785e-01,9.99999e-01,9.99972e-01,7.63142e-01
4.584206686e+00,8.01280e-01,9.99829e-01,9.99999e-01,9.99972e-01,8.01438e-01
4.607127720e+00,8.36757e-01,9.99832e-01,9.99999e-01,9.99973e-01,8.36918e-01
4.630163358e+00,8.68530e-01,9.99895e-01,9.99999e-01,9.99973e-01,8.68642e-01
4.653314175e+00,8.95149e-01,9.99899e-01,9.99999e-01,9.99974e-01,8.95260e-01
4.676580746e+00,9.17132e-01,9.99904e-01,9.99999e-01,9.99974e-01,9.17241e-01
4.699963650e+00,9.35178e-01,9.99948e-01,9.99999e-01,9.99975e-01,9.35249e-01
4.723463468e+00,9.49534e-01,9.99937e-01,9.99999e-01,9.99975e-01,9.49615e-01
4.747080785e+00,9.60598e-01,9.99965e-01,9.99999e-01,9.99976e-01,9.60653e-01
4.770816189e+00,9.69405e-01,9.99969e-01,9.99999e-01,9.99976e-01,9.69456e-01
4.794670270e+00,9.76346e-01,9.99974e-01,9.99999e-01,9.99977e-01,9.76393e-01
4.818643622e+00,9.81861e-01,9.99984e-01,9.99999e-01,9.99977e-01,9.81897e-01
4.842736840e+00,9.86020e-01,9.99983e-01,9.99999e-01,9.99978e-01,9.86057e-01
4.866950524e+00,9.89107e-01,9.99991e-01,9.99999e-01,9.99978e-01,9.89135e-01
4.891285276e+00,9.91639e-01,9.99991e-01,9.99999e-01,9.99978e-01,9.91667e-01
4.915741703e+00,9.93594e-01,9.99995e-01,9.99999e-01,9.99979e-01,9.93619e-01
4.940320411e+00,9.95043e-01,9.99995e-01,9.99999e-01,9.99979e-01,9.95066e-01
4.965022013e+00,9.96190e-01,9.99996e-01,9.99999e-01,9.99980e-01,9.96213e-01
4.989847123e+00,9.97159e-01,9.99997e-01,9.99999e-01,9.99980e-01,9.97180e-01
5.014796359e+00,9.97957e-01,9.99997e-01,9.99999e-01,9.99980e-01,9.97977e-01
5.039870341e+00,9.98591e-01,9.99998e-01,9.99999e-01,9.99981e-01,9.98610e-01
5.065069693e+00,9.99046e-01,9.99998e-01,9.99999e-01,9.99981e-01,9.99065e-01
5.090395041e+00,9.99455e-01,9.99999e-01,9.99999e-01,9.99982e-01,9.99472e-01
5.115847016e+00,9.99690e-01,9.99999e-01,9.99999e-01,9.99982e-01,9.99707e-01
5.141426251e+00,9.99662e-01,9.99998e-01,9.99999e-01,9.99982e-01,9.99679e-01
5.167133383e+00,9.99861e-01,9.99999e-01,9.99999e-01,9.99983e-01,9.99877e-01
5.192969049e+00,9.99889e-01,9.99999e-01,9.99999e-01,9.99983e-01,9.99905e-01
5.218933895e+00,9.99749e-01,9.99999e-01,9.99999e-01,9.99983e-01,9.99765e-01
5.245028564e+00,9.99777e-01,9.99999e-01,9.99999e-01,9.99983e-01,9.99792e-01
5.271253707e+00,9.99835e-01,9.99999e-01,9.99999e-01,9.99984e-01,9.99850e-01
5.297609976e+00,9.99817e-01,9.99999e-01,9.99999e-01,9.99984e-01,9.99832e-01
5.324098025e+00,9.99910e-01,9.99999e-01,9.99999e-01,9.99984e-01,9.99924e-01
5.350718516e+00,9.98963e-01,9.99999e-01,9.99999e-01,9.99985e-01,9.98977e-01
5.377472108e+00,9.99081e-01,9.99999e-01,9.99999e-01,9.99985e-01,9.99095e-01
5.404359469e+00,9.99985e-01,9.99999e-01,9.99999e-01,9.99985e-01,9.99999e-01
5.431381266e+00,9.99986e-01,9.99999e-01,9.99999e-01,9.99986e-01,9.99999e-01
5.458538172e+00,9.99986e-01,9.99999e-01,9.99999e-01,9.99986e-01,9.99999e-01
5.485830863e+00,9.99986e-01,9.99999e-01,9.99999e-01,9.99986e-01,9.99999e-01
5.513260018e+00,9.99986e-01,9.99999e-01,9.99999e-01,9.99986e-01,9.99999e-01
5.540826318e+00,9.99987e-01,9.99999e-01,9.99999e-01,9.99987e-01,9.99999e-01
5.568530449e+00,9.99987e-01,9.99999e-01,9.99999e-01,9.99987e-01,9.99999e-01
5.596373101e+00,9.99987e-01,9.99999e-01,9.99999e-01,9.99987e-01,9.99999e-01
5.624354967e+00,9.99987e-01,9.99999e-01,9.99999e-01,9.99987e-01,9.99999e-01
5.652476742e+00,9.99987e-01,9.99999e-01,9.99999e-01,9.99987e-01,9.99999e-01
5.680739126e+00,9.99988e-01,9.99999e-01,9.99999e-01,9.99988e-01,9.99999e-01
5.709142821e+00,9.99988e-01,9.99999e-01,9.99999e-01,9.99988e-01,9.99999e-01
5.737688535e+00,9.99988e-01,9.99999e-01,9.99999e-01,9.99988e-01,9.99999e-01
5.766376978e+00,9.99988e-01,9.99999e-01,9.99999e-01,9.99988e-01,9.99999e-01
5.795208863e+00,9.99989e-01,9.99999e-01,9.99999e-01,9.99989e-01,9.99999e-01
5.824184907e+00,9.99989e-01,9.99999e-01,9.99999e-01,9.99989e-01,9.99999e-01
5.853305832e+00,9.99989e-01,9.99999e-01,9.99999e-01,9.99989e-01,9.99999e-01
5.882572361e+00,9.99989e-01,9.99999e-01,9.99999e-01,9.99989e-01,9.99999e-01
5.911985223e+00,9.99989e-01,9.99999e-01,9.99999e-01,9.99989e-01,9.99999e-01
5.941545149e+00,9.99990e-01,9.99999e-01,9.99999e-01,9.99990e-01,9.99999e-01
5.971252874e+00,9.99990e-01,9.99999e-01,9.99999e-01,9.99990e-01,9.99999e-01
6.001109139e+00,9.99990e-01,9.99999e-01,9.99999e-01,9.99990e-01,9.99999e-01
6.031114685e+00,9.99990e-01,9.99999e-01,9.99999e-01,9.99990e-01,9.99999e-01
6.061270258e+00,9.99990e-01,9.99999e-01,9.99999e-01,9.99990e-01,9.99999e-01
6.091576609e+00,9.99990e-01,9.99999e-01,9.99999e-01,9.99990e-01,9.99999e-01
6.122034492e+00,9.99991e-01,9.99999e-01,9.99999e-01,9.99991e-01,9.99999e-01
6.152644665e+00,9.99991e-01,9.99999e-01,9.99999e-01,9.99991e-01,9.99999e-01
6.183407888e+00,9.99991e-01,9.99999e-01,9.99999e-01,9.99991e-01,9.99999e-01
6.214324928e+00,9.99991e-01,9.99999e-01,9.99999e-01,9.99991e-01,9.99999e-01
6.245396552e+00,9.99991e-01,9.99999e-01,9.99999e-01,9.99991e-01,9.99999e-01
6.276623535e+00,9.99991e-01,9.99999e-01,9.99999e-01,9.99991e-01,9.99999e-01
6.308006653e+00,9.99992e-01,9.99999e-01,9.99999e-01,9.99992e-01,9.99999e-01
6.339546686e+00,9.99992e-01,9.99999e-01,9.99999e-01,9.99992e-01,9.99999e-01
6.371244419e+00,9.99992e-01,9.99999e-01,9.99999e-01,9.99992e-01,9.99999e-01
6.403100641e+00,9.99992e-01,9.99999e-01,9.99999e-01,9.99992e-01,9.99999e-01
6.435116145e+00,9.99992e-01,9.99999e-01,9.99999e-01,9.99992e-01,9.99999e-01
6.467291725e+00,9.99992e-01,9.99999e-01,9.99999e-01,9.99992e-01,9.99999e-01
6.499628184e+00,9.99992e-01,9.99999e-01,9.99999e-01,9.99992e-01,9.99999e-01
6.532126325e+00,9.99993e-01,9.99999e-01,9.99999e-01,9.99993e-01,9.99999e-01
6.564786956e+00,9.99993e-01,9.99999e-01,9.99999e-01,9.99993e-01,9.99999e-01
6.597610891e+00,9.99993e-01,9.99999e-01,9.99999e-01,9.99993e-01,9.99999e-01
6.630598946e+00,9.99993e-01,9.99999e-01,9.99999e-01,9.99993e-01,9.99999e-01
6.663751940e+00,9.99993e-01,9.99999e-01,9.99999e-01,9.99993e-01,9.99999e-01
6.697070700e+00,9.99993e-01,9.99999e-01,9.99999e-01,9.99993e-01,9.99999e-01
6.730556054e+00,9.99993e-01,9.99999e-01,9.99999e-01,9.99993e-01,9.99999e-01
6.764208834e+00,9.99993e-01,9.99999e-01,9.99999e-01,9.99993e-01,9.99999e-01
6.798029878e+00,9.99994e-01,9.99999e-01,9.99999e-01,9.99994e-01,9.99999e-01
6.832020027e+00,9.99994e-01,9.99999e-01,9.99999e-01,9.99994e-01,9.99999e-01
6.866180128e+00,9.99994e-01,9.99999e-01,9.99999e-01,9.99994e-01,9.99999e-01
6.900511028e+00,9.99994e-01,9.99999e-01,9.99999e-01,9.99994e-01,9.99999e-01
6.935013583e+00,9.99994e-01,9.99999e-01,9.99999e-01,9.99994e-01,9.99999e-01
6.969688651e+00,9.99994e-01,9.99999e-01,9.99999e-01,9.99994e-01,9.99999e-01
7.004537095e+00,9.99994e-01,9.99999e-01,9.99999e-01,9.99994e-01,9.99999e-01
7.039559780e+00,9.99994e-01,9.99999e-01,9.99999e-01,9.99994e-01,9.99999e-01
7.074757579e+00,9.99994e-01,9.99999e-01,9.99999e-01,9.99994e-01,9.99999e-01
7.110131367e+00,9.99994e-01,9.99999e-01,9.99999e-01,9.99994e-01,9.99999e-01
7.145682024e+00,9.99994e-01,9.99999e-01,9.99999e-01,9.99994e-01,9.99999e-01
7.181410434e+00,9.99995e-01,9.99999e-01,9.99999e-01,9.99995e-01,9.99999e-01
7.217317486e+00,9.99995e-01,9.99999e-01,9.99999e-01,9.99995e-01,9.99999e-01
7.253404073e+00,9.99995e-01,9.99999e-01,9.99999e-01,9.99995e-01,9.99999e-01
7.289671094e+00,9.99995e-01,9.99999e-01,9.99999e-01,9.99995e-01,9.99999e-01
7.326119449e+00,9.99995e-01,9.99999e-01,9.99999e-01,9.99995e-01,9.99999e-01
7.362750046e+00,9.99995e-01,9.99999e-01,9.99999e-01,9.99995e-01,9.99999e-01
7.399563797e+00,9.99995e-01,9.99999e-01,9.99999e-01,9.99995e-01,9.99999e-01
7.436561616e+00,9.99995e-01,9.99999e-01,9.99999e-01,9.99995e-01,9.99999e-01
7.473744424e+00,9.99995e-01,9.99999e-01,9.99999e-01,9.99995e-01,9.99999e-01
7.511113146e+00,9.99995e-01,9.99999e-01,9.99999e-01,9.99995e-01,9.99999e-01
7.548668712e+00,9.99995e-01,9.99999e-01,9.99999e-01,9.99995e-01,9.99999e-01
7.586412055e+00,9.99995e-01,9.99999e-01,9.99999e-01,9.99995e-01,9.99999e-01
7.624344115e+00,9.99996e-01,9.99999e-01,9.99999e-01,9.99996e-01,9.99999e-01
7.662465836e+00,9.99996e-01,9.99999e-01,9.99999e-01,9.99996e-01,9.99999e-01
7.700778165e+00,9.99996e-01,9.99999e-01,9.99999e-01,9.99996e-01,9.99999e-01
7.739282056e+00,9.99996e-01,9.99999e-01,9.99999e-01,9.99996e-01,9.99999e-01
7.777978466e+00,9.99996e-01,9.99999e-01,9.99999e-01,9.99996e-01,9.99999e-01
7.816868359e+00,9.99996e-01,9.99999e-01,9.99999e-01,9.99996e-01,9.99999e-01
7.855952700e+00,9.99996e-01,9.99999e-01,9.99999e-01,9.99996e-01,9.99999e-01
7.895232464e+00,9.99996e-01,9.99999e-01,9.99999e-01,9.99996e-01,9.99999e-01
7.934708626e+00,9.99996e-01,9.99999e-01,9.99999e-01,9.99996e-01,9.99999e-01
7.974382169e+00,9.99996e-01,9.99999e-01,9.99999e-01,9.99996e-01,9.99999e-01
8.014254080e+00,9.99996e-01,9.99999e-01,9.99999e-01,9.99996e-01,9.99999e-01
8.054325351e+00,9.99996e-01,9.99999e-01,9.99999e-01,9.99996e-01,9.99999e-01
8.094596977e+00,9.99996e-01,9.99999e-01,9.99999e-01,9.99996e-01,9.99999e-01
8.135069962e+00,9.99996e-01,9.99999e-01,9.99999e-01,9.99996e-01,9.99999e-01
8.175745312e+00,9.99996e-01,9.99999e-01,9.99999e-01,9.99996e-01,9.99999e-01
8.216624039e+00,9.99996e-01,9.99999e-01,9.99999e-01,9.99996e-01,9.99999e-01
8.257707159e+00,9.99996e-01,9.99999e-01,9.99999e-01,9.99996e-01,9.99999e-01
8.298995695e+00,9.99997e-01,9.99999e-01,9.99999e-01,9.99997e-01,9.99999e-01
8.340490673e+00,9.99997e-01,9.99999e-01,9.99999e-01,9.99997e-01,9.99999e-01
8.382193126e+00,9.99997e-01,9.99999e-01,9.99999e-01,9.99997e-01,9.99999e-01
8.424104092e+00,9.99997e-01,9.99999e-01,9.99999e-01,9.99997e-01,9.99999e-01
8.466224613e+00,9.99997e-01,9.99999e-01,9.99999e-01,9.99997e-01,9.99999e-01
8.508555736e+00,9.99997e-01,9.99999e-01,9.99999e-01,9.99997e-01,9.99999e-01
8.551098514e+00,9.99997e-01,9.99999e-01,9.99999e-01,9.99997e-01,9.99999e-01
8.593854007e+00,9.99997e-01,9.99999e-01,9.99999e-01,9.99997e-01,9.99999e-01
8.636823277e+00,9.99997e-01,9.99999e-01,9.99999e-01,9.99997e-01,9.99999e-01
8.680007393e+00,9.99997e-01,9.99999e-01,9.99999e-01,9.99997e-01,9.99999e-01
8.723407430e+00,9.99997e-01,9.99999e-01,9.99999e-01,9.99997e-01,9.99999e-01
8.767024467e+00,9.99997e-01,9.99999e-01,9.99999e-01,9.99997e-01,9.99999e-01
8.810859590e+00,9.99997e-01,9.99999e-01,9.99999e-01,9.99997e-01,9.99999e-01
8.854913888e+00,9.99997e-01,9.99999e-01,9.99999e-01,9.99997e-01,9.99999e-01
8.899188457e+00,9.99997e-01,9.99999e-01,9.99999e-01,9.99997e-01,9.99999e-01
8.943684399e+00,9.99997e-01,9.99999e-01,9.99999e-01,9.99997e-01,9.99999e-01
8.988402821e+00,9.99997e-01,9.99999e-01,9.99999e-01,9.99997e-01,9.99999e-01
9.033344836e+00,9.99997e-01,9.99999e-01,9.99999e-01,9.99997e-01,9.99999e-01
9.078511560e+00,9.99997e-01,9.99999e-01,9.99999e-01,9.99997e-01,9.99999e-01
9.123904118e+00,9.99997e-01,9.99999e-01,9.99999e-01,9.99997e-01,9.99999e-01
9.169523638e+00,9.99997e-01,9.99999e-01,9.99999e-01,9.99997e-01,9.99999e-01
9.215371256e+00,9.99997e-01,9.99999e-01,9.99999e-01,9.99997e-01,9.99999e-01
9.261448113e+00,9.99997e-01,9.99999e-01,9.99999e-01,9.99997e-01,9.99999e-01
9.307755353e+00,9.99997e-01,9.99999e-01,9.99999e-01,9.99997e-01,9.99999e-01
9.354294130e+00,9.99997e-01,9.99999e-01,9.99999e-01,9.99997e-01,9.99999e-01
9.401065601e+00,9.99997e-01,9.99999e-01,9.99999e-01,9.99997e-01,9.99999e-01
9.448070929e+00,9.99998e-01,9.99999e-01,9.99999e-01,9.99998e-01,9.99999e-01
9.495311283e+00,9.99998e-01,9.99999e-01,9.99999e-01,9.99998e-01,9.99999e-01
9.542787840e+00,9.99998e-01,9.99999e-01,9.99999e-01,9.99998e-01,9.99999e-01
9.590501779e+00,9.99998e-01,9.99999e-01,9.99999e-01,9.99998e-01,9.99999e-01
9.638454288e+00,9.99998e-01,9.99999e-01,9.99999e-01,9.99998e-01,9.99999e-01
9.686646559e+00,9.99998e-01,9.99999e-01,9.99999e-01,9.99998e-01,9.99999e-01
9.735079792e+00,9.99998e-01,9.99999e-01,9.99999e-01,9.99998e-01,9.99999e-01
9.783755191e+00,9.99998e-01,9.99999e-01,9.99999e-01,9.99998e-01,9.99999e-01
9.832673967e+00,9.99998e-01,9.99999e-01,9.99999e-01,9.99998e-01,9.99999e-01
9.881837337e+00,9.99998e-01,9.99999e-01,9.99999e-01,9.99998e-01,9.99999e-01
9.931246523e+00,9.99998e-01,9.99999e-01,9.99999e-01,9.99998e-01,9.99999e-01
9.980902756e+00,9.99998e-01,9.99999e-01,9.99999e-01,9.99998e-01,9.99999e-01
1.003080727e+01,9.99998e-01,9.99999e-01,9.99999e-01,9.99998e-01,9.99999e-01
1.008096131e+01,9.99998e-01,9.99999e-01,9.99999e-01,9.99998e-01,9.99999e-01
1.013136611e+01,9.99998e-01,9.99999e-01,9.99999e-01,9.99998e-01,9.99999e-01
1.018202294e+01,9.99998e-01,9.99999e-01,9.99999e-01,9.99998e-01,9.99999e-01
1.023293306e+01,9.99998e-01,9.99999e-01,9.99999e-01,9.99998e-01,9.99999e-01
1.028409772e+01,9.99998e-01,9.99999e-01,9.99999e-01,9.99998e-01,9.99999e-01
1.033551821e+01,9.99998e-01,9.99999e-01,9.99999e-01,9.99998e-01,9.99999e-01
1.038719580e+01,9.99998e-01,9.99999e-01,9.99999e-01,9.99998e-01,9.99999e-01
1.043913178e+01,9.99998e-01,9.99999e-01,9.99999e-01,9.99998e-01,9.99999e-01
1.049132744e+01,9.99998e-01,9.99999e-01,9.99999e-01,9.99998e-01,9.99999e-01
1.054378408e+01,9.99998e-01,9.99999e-01,9.99999e-01,9.99998e-01,9.99999e-01
1.059650300e+01,9.99998e-01,9.99999e-01,9.99999e-01,9.99998e-01,9.99999e-01
1.064948551e+01,9.99998e-01,9.99999e-01,9.99999e-01,9.99998e-01,9.99999e-01
1.070273294e+01,9.99998e-01,9.99999e-01,9.99999e-01,9.99998e-01,9.99999e-01
1.075624661e+01,9.99998e-01,9.99999e-01,9.99999e-01,9.99998e-01,9.99999e-01
1.081002784e+01,9.99998e-01,9.99999e-01,9.99999e-01,9.99998e-01,9.99999e-01
1.086407798e+01,9.99998e-01,9.99999e-01,9.99999e-01,9.99998e-01,9.99999e-01
1.091839837e+01,9.99998e-01,9.99999e-01,9.99999e-01,9.99998e-01,9.99999e-01
1.097299036e+01,9.99998e-01,9.99999e-01,9.99999e-01,9.99998e-01,9.99999e-01
1.102785531e+01,9.99998e-01,9.99999e-01,9.99999e-01,9.99998e-01,9.99999e-01
1.108299459e+01,9.99998e-01,9.99999e-01,9.99999e-01,9.99998e-01,9.99999e-01
1.113840956e+01,9.99998e-01,9.99999e-01,9.99999e-01,9.99998e-01,9.99999e-01
1.119410161e+01,9.99998e-01,9.99999e-01,9.99999e-01,9.99998e-01,9.99999e-01
1.125007212e+01,9.99998e-01,9.99999e-01,9.99999e-01,9.99998e-01,9.99999e-01
1.130632248e+01,9.99998e-01,9.99999e-01,9.99999e-01,9.99998e-01,9.99999e-01
1.136285409e+01,9.99998e-01,9.99999e-01,9.99999e-01,9.99998e-01,9.99999e-01
1.141966836e+01,9.99998e-01,9.99999e-01,9.99999e-01,9.99998e-01,9.99999e-01
1.147676670e+01,9.99998e-01,9.99999e-01,9.99999e-01,9.99998e-01,9.99999e-01
1.153415054e+01,9.99998e-01,9.99999e-01,9.99999e-01,9.99998e-01,9.99999e-01
1.159182129e+01,9.99998e-01,9.99999e-01,9.99999e-01,9.99998e-01,9.99999e-01
1.164978039e+01,9.99998e-01,9.99999e-01,9.99999e-01,9.99998e-01,9.99999e-01
1.170802930e+01,9.99998e-01,9.99999e-01,9.99999e-01,9.99998e-01,9.99999e-01
1.176656944e+01,9.99998e-01,9.99999e-01,9.99999e-01,9.99998e-01,9.99999e-01
1.182540229e+01,9.99998e-01,9.99999e-01,9.99999e-01,9.99998e-01,9.99999e-01
1.188452930e+01,9.99998e-01,9.99999e-01,9.99999e-01,9.99998e-01,9.99999e-01
1.194395195e+01,9.99998e-01,9.99999e-01,9.99999e-01,9.99998e-01,9.99999e-01
1.200367171e+01,9.99998e-01,9.99999e-01,9.99999e-01,9.99998e-01,9.99999e-01
1.206369007e+01,9.99998e-01,9.99999e-01,9.99999e-01,9.99998e-01,9.99999e-01
1.212400852e+01,9.99998e-01,9.99999e-01,9.99999e-01,9.99998e-01,9.99999e-01
1.218462856e+01,9.99998e-01,9.99999e-01,9.99999e-01,9.99998e-01,9.99999e-01
1.224555170e+01,9.99998e-01,9.99999e-01,9.99999e-01,9.99998e-01,9.99999e-01
1.230677946e+01,9.99998e-01,9.99999e-01,9.99999e-01,9.99998e-01,9.99999e-01
1.236831336e+01,9.99998e-01,9.99999e-01,9.99999e-01,9.99998e-01,9.99999e-01
1.243015492e+01,9.99999e-01,9.99999e-01,9.99999e-01,9.99999e-01,9.99999e-01
1.249230570e+01,9.99999e-01,9.99999e-01,9.99999e-01,9.99999e-01,9.99999e-01
1.255476723e+01,9.99999e-01,9.99999e-01,9.99999e-01,9.99999e-01,9.99999e-01
1.261754106e+01,9.99999e-01,9.99999e-01,9.99999e-01,9.99999e-01,9.99999e-01
1.268062877e+01,9.99999e-01,9.99999e-01,9.99999e-01,9.99999e-01,9.99999e-01
1.274403191e+01,9.99999e-01,9.99999e-01,9.99999e-01,9.99999e-01,9.99999e-01
1.280775207e+01,9.99999e-01,9.99999e-01,9.99999e-01,9.99999e-01,9.99999e-01
1.287179083e+01,9.99999e-01,9.99999e-01,9.99999e-01,9.99999e-01,9.99999e-01
1.293614979e+01,9.99999e-01,9.99999e-01,9.99999e-01,9.99999e-01,9.99999e-01
1.300083054e+01,9.99999e-01,9.99999e-01,9.99999e-01,9.99999e-01,9.99999e-01
1.306583469e+01,9.99999e-01,9.99999e-01,9.99999e-01,9.99999e-01,9.99999e-01
1.313116386e+01,9.99999e-01,9.99999e-01,9.99999e-01,9.99999e-01,9.99999e-01
1.319681968e+01,9.99999e-01,9.99999e-01,9.99999e-01,9.99999e-01,9.99999e-01
1.326280378e+01,9.99999e-01,9.99999e-01,9.99999e-01,9.99999e-01,9.99999e-01
1.332911780e+01,9.99999e-01,9.99999e-01,9.99999e-01,9.99999e-01,9.99999e-01
1.339576339e+01,9.99999e-01,9.99999e-01,9.99999e-01,9.99999e-01,9.99999e-01
1.346274221e+01,9.99999e-01,9.99999e-01,9.99999e-01,9.99999e-01,9.99999e-01
1.353005592e+01,9.99999e-01,9.99999e-01,9.99999e-01,9.99999e-01,9.99999e-01
1.359770620e+01,9.99999e-01,9.99999e-01,9.99999e-01,9.99999e-01,9.99999e-01
1.366569473e+01,9.99999e-01,9.99999e-01,9.99999e-01,9.99999e-01,9.99999e-01
1.373402320e+01,9.99999e-01,9.99999e-01,9.99999e-01,9.99999e-01,9.99999e-01
1.380269332e+01,9.99999e-01,9.99999e-01,9.99999e-01,9.99999e-01,9.99999e-01
1.387170678e+01,9.99999e-01,9.99999e-01,9.99999e-01,9.99999e-01,9.99999e-01
1.394106532e+01,9.99999e-01,9.99999e-01,9.99999e-01,9.99999e-01,9.99999e-01
1.401077064e+01,9.99999e-01,9.99999e-01,9.99999e-01,9.99999e-01,9.99999e-01
1.408082450e+01,9.99999e-01,9.99999e-01,9.99999e-01,9.99999e-01,9.99999e-01
1.415122862e+01,9.99999e-01,9.99999e-01,9.99999e-01,9.99999e-01,9.99999e-01
1.422198476e+01,9.99999e-01,9.99999e-01,9.99999e-01,9.99999e-01,9.99999e-01
1.429309469e+01,9.99999e-01,9.99999e-01,9.99999e-01,9.99999e-01,9.99999e-01
1.436456016e+01,9.99999e-01,9.99999e-01,9.99999e-01,9.99999e-01,9.99999e-01
1.443638296e+01,9.99999e-01,9.99999e-01,9.99999e-01,9.99999e-01,9.99999e-01
1.450856487e+01,9.99999e-01,9.99999e-01,9.99999e-01,9.99999e-01,9.99999e-01
1.458110770e+01,9.99999e-01,9.99999e-01,9.99999e-01,9.99999e-01,9.99999e-01
1.465401324e+01,9.99999e-01,9.99999e-01,9.99999e-01,9.99999e-01,9.99999e-01
1.472728330e+01,9.99999e-01,9.99999e-01,9.99999e-01,9.99999e-01,9.99999e-01
1.480091972e+01,9.99999e-01,9.99999e-01,9.99999e-01,9.99999e-01,9.99999e-01
1.487492432e+01,9.99999e-01,9.99999e-01,9.99999e-01,9.99999e-01,9.99999e-01
1.494929894e+01,9.99999e-01,9.99999e-01,9.99999e-01,9.99999e-01,9.99999e-01
1.502404544e+01,9.99999e-01,9.99999e-01,9.99999e-01,9.99999e-01,9.99999e-01
1.509916566e+01,9.99999e-01,9.99999e-01,9.99999e-01,9.99999e-01,9.99999e-01
1.517466149e+01,9.99999e-01,9.99999e-01,9.99999e-01,9.99999e-01,9.99999e-01
1.525053480e+01,9.99999e-01,9.99999e-01,9.99999e-01,9.99999e-01,9.99999e-01
1.532678747e+01,9.99999e-01,9.99999e-01,9.99999e-01,9.99999e-01,9.99999e-01
1.540342141e+01,9.89588e-01,9.99999e-01,9.99999e-01,9.99999e-01,9.89589e-01
1.548043852e+01,9.88863e-01,9.99999e-01,9.99999e-01,9.99999e-01,9.88863e-01
1.555784071e+01,9.88504e-01,9.99999e-01,9.99999e-01,9.99999e-01,9.88504e-01
1.563562991e+01,9.88135e-01,9.99999e-01,9.99999e-01,9.99999e-01,9.88135e-01
1.571380806e+01,9.87753e-01,9.99999e-01,9.99999e-01,9.99999e-01,9.87754e-01
1.579237710e+01,9.87361e-01,9.99999e-01,9.99999e-01,9.99999e-01,9.87361e-01
1.587133899e+01,9.86964e-01,9.99999e-01,9.99999e-01,9.99999e-01,9.86964e-01
1.595069568e+01,9.86562e-01,9.99999e-01,9.99999e-01,9.99999e-01,9.86562e-01
1.603044916e+01,9.86149e-01,9.99999e-01,9.99999e-01,9.99999e-01,9.86149e-01
1.611060141e+01,9.85728e-01,9.99999e-01,9.99999e-01,9.99999e-01,9.85729e-01
1.619115441e+01,9.85293e-01,9.99999e-01,9.99999e-01,9.99999e-01,9.85293e-01
1.627211019e+01,9.84846e-01,9.99999e-01,9.99999e-01,9.99999e-01,9.84846e-01
1.635347074e+01,9.84396e-01,9.99999e-01,9.99999e-01,9.99999e-01,9.84396e-01
1.643523809e+01,9.83934e-01,9.99999e-01,9.99999e-01,9.99999e-01,9.83934e-01
1.651741428e+01,9.83461e-01,9.99999e-01,9.99999e-01,9.99999e-01,9.83461e-01
1.660000135e+01,9.82983e-01,9.99999e-01,9.99999e-01,9.99999e-01,9.82983e-01
1.668300136e+01,9.82491e-01,9.99999e-01,9.99999e-01,9.99999e-01,9.82492e-01
1.676641637e+01,9.81989e-01,9.99999e-01,9.99999e-01,9.99999e-01,9.81990e-01
1.685024845e+01,9.81479e-01,9.99999e-01,9.99999e-01,9.99999e-01,9.81479e-01
1.693449969e+01,9.80956e-01,9.99999e-01,9.99999e-01,9.99999e-01,9.80956e-01
1.701917219e+01,9.80415e-01,9.99999e-01,9.99999e-01,9.99999e-01,9.80415e-01
1.710426805e+01,9.79859e-01,9.99999e-01,9.99999e-01,9.99999e-01,9.79859e-01
1.718978939e+01,9.79301e-01,9.99999e-01,9.99999e-01,9.99999e-01,9.79301e-01
1.727573834e+01,9.78730e-01,9.99999e-01,9.99999e-01,9.99999e-01,9.78730e-01
1.736211703e+01,9.78151e-01,9.99999e-01,9.99999e-01,9.99999e-01,9.78151e-01
1.744892761e+01,9.77561e-01,9.99999e-01,9.99999e-01,9.99999e-01,9.77561e-01
1.753617225e+01,9.76959e-01,9.99999e-01,9.99999e-01,9.99999e-01,9.76959e-01
1.762385311e+01,9.76342e-01,9.99999e-01,9.99999e-01,9.99999e-01,9.76342e-01
1.771197238e+01,9.75709e-01,9.99999e-01,9.99999e-01,9.99999e-01,9.75709e-01
1.780053224e+01,9.75075e-01,9.99999e-01,9.99999e-01,9.99999e-01,9.75076e-01
1.788953490e+01,9.74431e-01,9.99999e-01,9.99999e-01,9.99999e-01,9.74431e-01
1.797898258e+01,9.73769e-01,9.99999e-01,9.99999e-01,9.99999e-01,9.73769e-01
1.806887749e+01,9.73104e-01,9.99999e-01,9.99999e-01,9.99999e-01,9.73104e-01
1.815922188e+01,9.72425e-01,9.99999e-01,9.99999e-01,9.99999e-01,9.72425e-01
1.825001799e+01,9.71733e-01,9.99999e-01,9.99999e-01,9.99999e-01,9.71733e-01
1.834126808e+01,9.71036e-01,9.99999e-01,9.99999e-01,9.99999e-01,9.71036e-01
1.843297442e+01,9.70324e-01,9.99999e-01,9.99999e-01,9.99999e-01,9.70324e-01
1.852513929e+01,9.69601e-01,9.99999e-01,9.99999e-01,9.99999e-01,9.69601e-01
1.861776499e+01,9.68860e-01,9.99999e-01,9.99999e-01,9.99999e-01,9.68860e-01
1.871085381e+01,9.68115e-01,9.99999e-01,9.99999e-01,9.99999e-01,9.68115e-01
1.880440808e+01,9.67356e-01,9.99999e-01,9.99999e-01,9.99999e-01,9.67356e-01
1.889843012e+01,9.66583e-01,9.99999e-01,9.99999e-01,9.99999e-01,9.66583e-01
1.899292227e+01,9.65795e-01,9.99999e-01,9.99999e-01,9.99999e-01,9.65795e-01
1.908788688e+01,9.64989e-01,9.99999e-01,9.99999e-01,9.99999e-01,9.64989e-01
1.918332632e+01,9.64185e-01,9.99999e-01,9.99999e-01,9.99999e-01,9.64185e-01
1.927924295e+01,9.63363e-01,9.99999e-01,9.99999e-01,9.99999e-01,9.63363e-01
1.937563916e+01,9.62538e-01,9.99999e-01,9.99999e-01,9.99999e-01,9.62538e-01
1.947251736e+01,9.61701e-01,9.99999e-01,9.99999e-01,9.99999e-01,9.61701e-01
1.956987994e+01,9.60848e-01,9.99999e-01,9.99999e-01,9.99999e-01,9.60848e-01
1.966772934e+01,9.59973e-01,9.99999e-01,9.99999e-01,9.99999e-01,9.59973e-01
1.976606799e+01,9.59078e-01,9.99999e-01,9.99999e-01,9.99999e-01,9.59078e-01
1.986489833e+01,9.58185e-01,9.99999e-01,9.99999e-01,9.99999e-01,9.58185e-01
1.996422282e+01,9.57280e-01,9.99999e-01,9.99999e-01,9.99999e-01,9.57280e-01
