#,Wave/freq,Total,N2,CO2,Rayleigh,CIA
4.000000000e-01,5.57036e-03,9.99999e-01,9.99999e-01,5.57036e-03,9.99999e-01
4.020000000e-01,6.17239e-03,9.99999e-01,9.99999e-01,6.17239e-03,9.99999e-01
4.040100000e-01,6.82492e-03,9.99999e-01,9.99999e-01,6.82492e-03,9.99999e-01
4.060300500e-01,7.53146e-03,9.99999e-01,9.99999e-01,7.53146e-03,9.99999e-01
4.080602003e-01,8.29500e-03,9.99999e-01,9.99999e-01,8.29500e-03,9.99999e-01
4.101005013e-01,9.11853e-03,9.99999e-01,9.99999e-01,9.11853e-03,9.99999e-01
4.121510038e-01,1.00051e-02,9.99999e-01,9.99999e-01,1.00051e-02,9.99999e-01
4.142117588e-01,1.09578e-02,9.99999e-01,9.99999e-01,1.09578e-02,9.99999e-01
4.162828176e-01,1.19796e-02,9.99999e-01,9.99999e-01,1.19796e-02,9.99999e-01
4.183642317e-01,1.30737e-02,9.99999e-01,9.99999e-01,1.30737e-02,9.99999e-01
4.204560528e-01,1.42431e-02,9.99999e-01,9.99999e-01,1.42431e-02,9.99999e-01
4.225583331e-01,1.54908e-02,9.99999e-01,9.99999e-01,1.54908e-02,9.99999e-01
4.246711247e-01,1.68200e-02,9.99999e-01,9.99999e-01,1.68200e-02,9.99999e-01
4.267944804e-01,1.82335e-02,9.99999e-01,9.99999e-01,1.82335e-02,9.99999e-01
4.289284528e-01,1.97343e-02,9.99999e-01,9.99999e-01,1.97343e-02,9.99999e-01
4.310730950e-01,2.13253e-02,9.99999e-01,9.99999e-01,2.13253e-02,9.99999e-01
4.332284605e-01,2.30093e-02,9.99999e-01,9.99999e-01,2.30093e-02,9.99999e-01
4.353946028e-01,2.47891e-02,9.99999e-01,9.99999e-01,2.47891e-02,9.99999e-01
4.375715758e-01,2.66672e-02,9.99999e-01,9.99999e-01,2.66672e-02,9.99999e-01
4.397594337e-01,2.86463e-02,9.99999e-01,9.99999e-01,2.86463e-02,9.99999e-01
4.419582309e-01,3.07287e-02,9.99999e-01,9.99999e-01,3.07287e-02,9.99999e-01
4.441680220e-01,3.29169e-02,9.99999e-01,9.99999e-01,3.29169e-02,9.99999e-01
4.463888621e-01,3.52131e-02,9.99999e-01,9.99999e-01,3.52131e-02,9.99999e-01
4.486208064e-01,3.76193e-02,9.99999e-01,9.99999e-01,3.76193e-02,9.99999e-01
4.508639105e-01,4.01374e-02,9.99999e-01,9.99999e-01,4.01374e-02,9.99999e-01
4.531182300e-01,4.27694e-02,9.99999e-01,9.99999e-01,4.27694e-02,9.99999e-01
4.553838212e-01,4.55168e-02,9.99999e-01,9.99999e-01,4.55168e-02,9.99999e-01
4.576607403e-01,4.83811e-02,9.99999e-01,9.99999e-01,4.83811e-02,9.99999e-01
4.599490440e-01,5.13638e-02,9.99999e-01,9.99999e-01,5.13638e-02,9.99999e-01
4.622487892e-01,5.44659e-02,9.99999e-01,9.99999e-01,5.44659e-02,9.99999e-01
4.645600332e-01,5.76885e-02,9.99999e-01,9.99999e-01,5.76885e-02,9.99999e-01
4.668828333e-01,6.10324e-02,9.99999e-01,9.99999e-01,6.10324e-02,9.99999e-01
4.692172475e-01,6.44984e-02,9.99999e-01,9.99999e-01,6.44984e-02,9.99999e-01
4.715633337e-01,6.80868e-02,9.99999e-01,9.99999e-01,6.80868e-02,9.99999e-01
4.739211504e-01,7.17981e-02,9.99999e-01,9.99999e-01,7.17981e-02,9.99999e-01
4.762907561e-01,7.56324e-02,9.99999e-01,9.99999e-01,7.56324e-02,9.99999e-01
4.786722099e-01,7.95895e-02,9.99999e-01,9.99999e-01,7.95895e-02,9.99999e-01
4.810655710e-01,8.36694e-02,9.99999e-01,9.99999e-01,8.36694e-02,9.99999e-01
4.834708988e-01,8.78716e-02,9.99999e-01,9.99999e-01,8.78716e-02,9.99999e-01
4.858882533e-01,9.21956e-02,9.99999e-01,9.99999e-01,9.21956e-02,9.99999e-01
4.883176946e-01,9.66407e-02,9.99999e-01,9.99999e-01,9.66407e-02,9.99999e-01
4.907592831e-01,1.01206e-01,9.99999e-01,9.99999e-01,1.01206e-01,9.99999e-01
4.932130795e-01,1.05890e-01,9.99999e-01,9.99999e-01,1.05890e-01,9.99999e-01
4.956791449e-01,1.10692e-01,9.99999e-01,9.99999e-01,1.10692e-01,9.99999e-01
4.981575406e-01,1.15611e-01,9.99999e-01,9.99999e-01,1.15611e-01,9.99999e-01
5.006483283e-01,1.20644e-01,9.99999e-01,9.99999e-01,1.20644e-01,9.99999e-01
5.031515699e-01,1.25791e-01,9.99999e-01,9.99999e-01,1.25791e-01,9.99999e-01
5.056673278e-01,1.31049e-01,9.99999e-01,9.99999e-01,1.31049e-01,9.99999e-01
5.081956644e-01,1.36416e-01,9.99999e-01,9.99999e-01,1.36416e-01,9.99999e-01
5.107366428e-01,1.41891e-01,9.99999e-01,9.99999e-01,1.41891e-01,9.99999e-01
5.132903260e-01,1.47470e-01,9.99999e-01,9.99999e-01,1.47470e-01,9.99999e-01
5.158567776e-01,1.53153e-01,9.99999e-01,9.99999e-01,1.53153e-01,9.99999e-01
5.184360615e-01,1.58935e-01,9.99999e-01,9.99999e-01,1.58935e-01,9.99999e-01
5.210282418e-01,1.64816e-01,9.99999e-01,9.99999e-01,1.64816e-01,9.99999e-01
5.236333830e-01,1.70791e-01,9.99999e-01,9.99999e-01,1.70791e-01,9.99999e-01
5.262515499e-01,1.76858e-01,9.99999e-01,9.99999e-01,1.76858e-01,9.99999e-01
5.288828077e-01,1.83015e-01,9.99999e-01,9.99999e-01,1.83015e-01,9.99999e-01
5.315272217e-01,1.89258e-01,9.99999e-01,9.99999e-01,1.89258e-01,9.99999e-01
5.341848578e-01,1.95585e-01,9.99999e-01,9.99999e-01,1.95585e-01,9.99999e-01
5.368557821e-01,2.01991e-01,9.99999e-01,9.99999e-01,2.01991e-01,9.99999e-01
5.395400610e-01,2.08475e-01,9.99999e-01,9.99999e-01,2.08475e-01,9.99999e-01
5.422377613e-01,2.15033e-01,9.99999e-01,9.99999e-01,2.15033e-01,9.99999e-01
5.449489501e-01,2.21661e-01,9.99999e-01,9.99999e-01,2.21661e-01,9.99999e-01
5.476736949e-01,2.28356e-01,9.99999e-01,9.99999e-01,2.28356e-01,9.99999e-01
5.504120634e-01,2.35116e-01,9.99999e-01,9.99999e-01,2.35116e-01,9.99999e-01
5.531641237e-01,2.41936e-01,9.99999e-01,9.99999e-01,2.41936e-01,9.99999e-01
5.559299443e-01,2.48814e-01,9.99999e-01,9.99999e-01,2.48814e-01,9.99999e-01
5.587095940e-01,2.55745e-01,9.99999e-01,9.99999e-01,2.55745e-01,9.99999e-01
5.615031420e-01,2.62727e-01,9.99999e-01,9.99999e-01,2.62727e-01,9.99999e-01
5.643106577e-01,2.69756e-01,9.99999e-01,9.99999e-01,2.69756e-01,9.99999e-01
5.671322110e-01,2.76828e-01,9.99999e-01,9.99999e-01,2.76828e-01,9.99999e-01
5.699678720e-01,2.83941e-01,9.99999e-01,9.99999e-01,2.83941e-01,9.99999e-01
5.728177114e-01,2.91091e-01,9.99999e-01,9.99999e-01,2.91091e-01,9.99999e-01
5.756818000e-01,2.98274e-01,9.99999e-01,9.99999e-01,2.98274e-01,9.99999e-01
5.785602090e-01,3.05487e-01,9.99999e-01,9.99999e-01,3.05487e-01,9.99999e-01
5.814530100e-01,3.12727e-01,9.99999e-01,9.99999e-01,3.12727e-01,9.99999e-01
5.843602750e-01,3.19990e-01,9.99999e-01,9.99999e-01,3.19990e-01,9.99999e-01
5.872820764e-01,3.27274e-01,9.99999e-01,9.99999e-01,3.27274e-01,9.99999e-01
5.902184868e-01,3.34575e-01,9.99999e-01,9.99999e-01,3.34575e-01,9.99999e-01
5.931695792e-01,3.41890e-01,9.99999e-01,9.99999e-01,3.41890e-01,9.99999e-01
5.961354271e-01,3.49215e-01,9.99999e-01,9.99999e-01,3.49215e-01,9.99999e-01
5.991161043e-01,3.56548e-01,9.99999e-01,9.99999e-01,3.56548e-01,9.99999e-01
6.021116848e-01,3.63885e-01,9.99999e-01,9.99999e-01,3.63885e-01,9.99999e-01
6.051222432e-01,3.71225e-01,9.99999e-01,9.99999e-01,3.71225e-01,9.99999e-01
6.081478544e-01,3.78562e-01,9.99999e-01,9.99999e-01,3.78562e-01,9.99999e-01
6.111885937e-01,3.85896e-01,9.99999e-01,9.99999e-01,3.85896e-01,9.99999e-01
6.142445367e-01,3.93223e-01,9.99999e-01,9.99999e-01,3.93223e-01,9.99999e-01
6.173157594e-01,4.00539e-01,9.99999e-01,9.99999e-01,4.00539e-01,9.99999e-01
6.204023382e-01,4.07844e-01,9.99999e-01,9.99999e-01,4.07844e-01,9.99999e-01
6.235043498e-01,4.15133e-01,9.99999e-01,9.99999e-01,4.15133e-01,9.99999e-01
6.266218716e-01,4.22405e-01,9.99999e-01,9.99999e-01,4.22405e-01,9.99999e-01
6.297549810e-01,4.29657e-01,9.99999e-01,9.99999e-01,4.29657e-01,9.99999e-01
6.329037559e-01,4.36887e-01,9.99999e-01,9.99999e-01,4.36887e-01,9.99999e-01
6.360682746e-01,4.44092e-01,9.99999e-01,9.99999e-01,4.44092e-01,9.99999e-01
6.392486160e-01,4.51269e-01,9.99999e-01,9.99999e-01,4.51269e-01,9.99999e-01
6.424448591e-01,4.58418e-01,9.99999e-01,9.99999e-01,4.58418e-01,9.99999e-01
6.456570834e-01,4.65535e-01,9.99999e-01,9.99999e-01,4.65535e-01,9.99999e-01
6.488853688e-01,4.72619e-01,9.99999e-01,9.99999e-01,4.72619e-01,9.99999e-01
6.521297956e-01,4.79668e-01,9.99999e-01,9.99999e-01,4.79668e-01,9.99999e-01
6.553904446e-01,4.86679e-01,9.99999e-01,9.99999e-01,4.86679e-01,9.99999e-01
6.586673968e-01,4.93651e-01,9.99999e-01,9.99999e-01,4.93651e-01,9.99999e-01
6.619607338e-01,5.00583e-01,9.99999e-01,9.99999e-01,5.00583e-01,9.99999e-01
6.652705375e-01,5.07472e-01,9.99999e-01,9.99999e-01,5.07472e-01,9.99999e-01
6.685968902e-01,5.14317e-01,9.99999e-01,9.99999e-01,5.14317e-01,9.99999e-01
6.719398746e-01,5.21117e-01,9.99999e-01,9.99999e-01,5.21117e-01,9.99999e-01
6.752995740e-01,5.27869e-01,9.99999e-01,9.99999e-01,5.27869e-01,9.99999e-01
6.786760719e-01,5.34573e-01,9.99999e-01,9.99999e-01,5.34573e-01,9.99999e-01
6.820694522e-01,5.41227e-01,9.99999e-01,9.99999e-01,5.41227e-01,9.99999e-01
6.854797995e-01,5.47830e-01,9.99999e-01,9.99999e-01,5.47830e-01,9.99999e-01
6.889071985e-01,5.54381e-01,9.99999e-01,9.99999e-01,5.54381e-01,9.99999e-01
6.923517345e-01,5.60878e-01,9.99999e-01,9.99999e-01,5.60878e-01,9.99999e-01
6.958134932e-01,5.67321e-01,9.99999e-01,9.99999e-01,5.67321e-01,9.99999e-01
6.992925606e-01,5.73709e-01,9.99999e-01,9.99999e-01,5.73709e-01,9.99999e-01
7.027890234e-01,5.80040e-01,9.99999e-01,9.99999e-01,5.80040e-01,9.99999e-01
7.063029686e-01,5.86314e-01,9.99999e-01,9.99999e-01,5.86314e-01,9.99999e-01
7.098344834e-01,5.92530e-01,9.99999e-01,9.99999e-01,5.92530e-01,9.99999e-01
7.133836558e-01,5.98687e-01,9.99999e-01,9.99999e-01,5.98687e-01,9.99999e-01
7.169505741e-01,6.04785e-01,9.99999e-01,9.99999e-01,6.04785e-01,9.99999e-01
7.205353270e-01,6.10822e-01,9.99999e-01,9.99999e-01,6.10822e-01,9.99999e-01
7.241380036e-01,6.16798e-01,9.99999e-01,9.99999e-01,6.16798e-01,9.99999e-01
7.277586936e-01,6.22714e-01,9.99999e-01,9.99999e-01,6.22714e-01,9.99999e-01
7.313974871e-01,6.28567e-01,9.99999e-01,9.99999e-01,6.28567e-01,9.99999e-01
7.350544745e-01,6.34359e-01,9.99999e-01,9.99999e-01,6.34359e-01,9.99999e-01
7.387297469e-01,6.40087e-01,9.99999e-01,9.99999e-01,6.40087e-01,9.99999e-01
7.424233956e-01,6.45753e-01,9.99999e-01,9.99999e-01,6.45753e-01,9.99999e-01
7.461355126e-01,6.51356e-01,9.99999e-01,9.99999e-01,6.51356e-01,9.99999e-01
7.498661902e-01,6.56895e-01,9.99999e-01,9.99999e-01,6.56895e-01,9.99999e-01
7.536155211e-01,6.62370e-01,9.99999e-01,9.99999e-01,6.62370e-01,9.99999e-01
7.573835987e-01,6.67781e-01,9.99999e-01,9.99999e-01,6.67781e-01,9.99999e-01
7.611705167e-01,6.73129e-01,9.99999e-01,9.99999e-01,6.73129e-01,9.99999e-01
7.649763693e-01,6.78412e-01,9.99999e-01,9.99999e-01,6.78412e-01,9.99999e-01
7.688012511e-01,6.83631e-01,9.99999e-01,9.99999e-01,6.83631e-01,9.99999e-01
7.726452574e-01,6.88787e-01,9.99999e-01,9.99999e-01,6.88787e-01,9.99999e-01
7.765084837e-01,6.93878e-01,9.99999e-01,9.99999e-01,6.93878e-01,9.99999e-01
7.803910261e-01,6.86514e-01,9.99999e-01,9.82271e-01,6.98905e-01,9.99999e-01
7.842929812e-01,6.52650e-01,9.99999e-01,9.27233e-01,7.03868e-01,9.99999e-01
7.882144461e-01,6.53406e-01,9.99999e-01,9.21891e-01,7.08767e-01,9.99999e-01
7.921555184e-01,6.81041e-01,9.99999e-01,9.54370e-01,7.13603e-01,9.99999e-01
7.961162960e-01,6.96372e-01,9.99999e-01,9.69370e-01,7.18375e-01,9.99999e-01
8.000968774e-01,7.10995e-01,9.99999e-01,9.83280e-01,7.23083e-01,9.99999e-01
8.040973618e-01,7.21412e-01,9.99999e-01,9.91319e-01,7.27729e-01,9.99999e-01
8.081178486e-01,7.29386e-01,9.99999e-01,9.96003e-01,7.32312e-01,9.99999e-01
8.121584379e-01,7.35924e-01,9.99999e-01,9.98767e-01,7.36833e-01,9.99999e-01
8.162192301e-01,7.41089e-01,9.99999e-01,9.99727e-01,7.41291e-01,9.99999e-01
8.203003262e-01,7.45684e-01,9.99999e-01,9.99995e-01,7.45687e-01,9.99999e-01
8.244018279e-01,7.50022e-01,9.99999e-01,9.99999e-01,7.50022e-01,9.99999e-01
8.285238370e-01,7.54296e-01,9.99999e-01,9.99999e-01,7.54296e-01,9.99999e-01
8.326664562e-01,7.58508e-01,9.99999e-01,9.99999e-01,7.58508e-01,9.99999e-01
8.368297885e-01,7.62661e-01,9.99999e-01,9.99999e-01,7.62661e-01,9.99999e-01
8.410139374e-01,7.66753e-01,9.99999e-01,9.99999e-01,7.66753e-01,9.99999e-01
8.452190071e-01,7.70786e-01,9.99999e-01,9.99999e-01,7.70786e-01,9.99999e-01
8.494451021e-01,7.74760e-01,9.99999e-01,9.99999e-01,7.74760e-01,9.99999e-01
8.536923276e-01,7.78676e-01,9.99999e-01,9.99999e-01,7.78676e-01,9.99999e-01
8.579607893e-01,7.82533e-01,9.99999e-01,9.99999e-01,7.82533e-01,9.99999e-01
8.622505932e-01,7.86332e-01,9.99999e-01,9.99999e-01,7.86332e-01,9.99999e-01
8.665618462e-01,7.53160e-01,9.99999e-01,9.53276e-01,7.90075e-01,9.99999e-01
8.708946554e-01,6.53097e-01,9.99999e-01,8.22787e-01,7.93760e-01,9.99999e-01
8.752491287e-01,6.82906e-01,9.99999e-01,8.56426e-01,7.97390e-01,9.99999e-01
8.796253743e-01,7.36277e-01,9.99999e-01,9.19238e-01,8.00964e-01,9.99999e-01
8.840235012e-01,7.70281e-01,9.99999e-01,9.57485e-01,8.04483e-01,9.99999e-01
8.884436187e-01,7.94272e-01,9.99999e-01,9.83072e-01,8.07948e-01,9.99999e-01
8.928858368e-01,8.05769e-01,9.99999e-01,9.93111e-01,8.11358e-01,9.99999e-01
8.973502660e-01,8.13352e-01,9.99999e-01,9.98326e-01,8.14715e-01,9.99999e-01
9.018370173e-01,8.17869e-01,9.99999e-01,9.99815e-01,8.18020e-01,9.99999e-01
9.063462024e-01,8.17338e-01,9.99999e-01,9.95209e-01,8.21272e-01,9.99999e-01
9.108779334e-01,8.15518e-01,9.99999e-01,9.89139e-01,8.24472e-01,9.99999e-01
9.154323231e-01,8.25510e-01,9.99999e-01,9.97448e-01,8.27621e-01,9.99999e-01
9.200094847e-01,7.99162e-01,9.99999e-01,9.62010e-01,8.30720e-01,9.99999e-01
9.246095321e-01,7.90292e-01,9.99999e-01,9.47855e-01,8.33769e-01,9.99999e-01
9.292325798e-01,8.02122e-01,9.99999e-01,9.58594e-01,8.36768e-01,9.99999e-01
9.338787427e-01,8.06277e-01,9.99999e-01,9.60174e-01,8.39719e-01,9.99999e-01
9.385481364e-01,8.17885e-01,9.99999e-01,9.70643e-01,8.42621e-01,9.99999e-01
9.432408771e-01,8.30228e-01,9.99999e-01,9.81965e-01,8.45476e-01,9.99999e-01
9.479570815e-01,8.40400e-01,9.99999e-01,9.90705e-01,8.48284e-01,9.99999e-01
9.526968669e-01,8.47225e-01,9.99999e-01,9.95509e-01,8.51045e-01,9.99999e-01
9.574603512e-01,8.52121e-01,9.99999e-01,9.98078e-01,8.53761e-01,9.99999e-01
9.622476530e-01,8.55918e-01,9.99999e-01,9.99400e-01,8.56431e-01,9.99999e-01
9.670588912e-01,8.58903e-01,9.99999e-01,9.99820e-01,8.59057e-01,9.99999e-01
9.718941857e-01,8.61628e-01,9.99999e-01,9.99986e-01,8.61639e-01,9.99999e-01
9.767536566e-01,8.64177e-01,9.99999e-01,9.99999e-01,8.64177e-01,9.99999e-01
9.816374249e-01,8.66673e-01,9.99999e-01,9.99999e-01,8.66673e-01,9.99999e-01
9.865456120e-01,8.69126e-01,9.99999e-01,9.99999e-01,8.69126e-01,9.99999e-01
9.914783401e-01,8.71537e-01,9.99999e-01,9.99999e-01,8.71537e-01,9.99999e-01
9.964357318e-01,8.73907e-01,9.99999e-01,9.99999e-01,8.73907e-01,9.99999e-01
1.001417910e+00,8.76237e-01,9.99999e-01,9.99999e-01,8.76237e-01,9.99999e-01
1.006425000e+00,8.78526e-01,9.99999e-01,9.99999e-01,8.78526e-01,9.99999e-01
1.011457125e+00,8.80777e-01,9.99999e-01,9.99999e-01,8.80777e-01,9.99999e-01
1.016514411e+00,8.82988e-01,9.99999e-01,9.99999e-01,8.82988e-01,9.99999e-01
1.021596983e+00,8.85138e-01,9.99999e-01,9.99973e-01,8.85161e-01,9.99999e-01
1.026704968e+00,8.85642e-01,9.99999e-01,9.98135e-01,8.87297e-01,9.99999e-01
1.031838492e+00,8.64744e-01,9.99999e-01,9.72283e-01,8.89395e-01,9.99999e-01
1.036997685e+00,2.52007e-01,9.99999e-01,2.82691e-01,8.91456e-01,9.99999e-01
1.042182673e+00,2.99621e-01,9.99999e-01,3.35341e-01,8.93482e-01,9.99999e-01
1.047393587e+00,2.78951e-01,9.99999e-01,3.11513e-01,8.95472e-01,9.99999e-01
1.052630555e+00,4.06792e-02,9.99999e-01,4.53286e-02,8.97427e-01,9.99999e-01
1.057893707e+00,7.73389e-02,9.99999e-01,8.59944e-02,8.99347e-01,9.99999e-01
1.063183176e+00,1.52182e-01,9.99999e-01,1.68859e-01,9.01234e-01,9.99999e-01
1.068499092e+00,2.74937e-01,9.99999e-01,3.04441e-01,9.03087e-01,9.99999e-01
1.073841587e+00,4.27810e-01,9.99999e-01,4.72767e-01,9.04907e-01,9.99999e-01
1.079210795e+00,5.65234e-01,9.99999e-01,6.23401e-01,9.06695e-01,9.99999e-01
1.084606849e+00,7.01997e-01,9.99999e-01,7.72740e-01,9.08451e-01,9.99999e-01
1.090029883e+00,7.96432e-01,9.99999e-01,8.75031e-01,9.10175e-01,9.99999e-01
1.095480033e+00,8.53899e-01,9.99999e-01,9.36427e-01,9.11869e-01,9.99999e-01
1.100957433e+00,8.85115e-01,9.99999e-01,9.68892e-01,9.13532e-01,9.99999e-01
1.106462220e+00,9.03295e-01,9.99999e-01,9.87028e-01,9.15165e-01,9.99999e-01
1.111994531e+00,9.12346e-01,9.99999e-01,9.95174e-01,9.16769e-01,9.99999e-01
1.117554504e+00,9.17262e-01,9.99999e-01,9.98821e-01,9.18344e-01,9.99999e-01
1.123142276e+00,9.19820e-01,9.99999e-01,9.99922e-01,9.19891e-01,9.99999e-01
1.128757988e+00,9.21409e-01,9.99999e-01,9.99999e-01,9.21409e-01,9.99999e-01
1.134401778e+00,9.22900e-01,9.99999e-01,9.99999e-01,9.22900e-01,9.99999e-01
1.140073787e+00,9.24364e-01,9.99999e-01,9.99999e-01,9.24364e-01,9.99999e-01
1.145774156e+00,9.25801e-01,9.99999e-01,9.99999e-01,9.25801e-01,9.99999e-01
1.151503026e+00,9.27212e-01,9.99999e-01,9.99999e-01,9.27212e-01,9.99999e-01
1.157260541e+00,9.28597e-01,9.99999e-01,9.99999e-01,9.28597e-01,9.99999e-01
1.163046844e+00,9.29957e-01,9.99999e-01,9.99999e-01,9.29957e-01,9.99999e-01
1.168862078e+00,9.31291e-01,9.99999e-01,9.99999e-01,9.31291e-01,9.99999e-01
1.174706389e+00,9.32602e-01,9.99999e-01,9.99999e-01,9.32602e-01,9.99999e-01
1.180579921e+00,9.33888e-01,9.99999e-01,9.99999e-01,9.33888e-01,9.99999e-01
1.186482820e+00,9.35147e-01,9.99999e-01,9.99995e-01,9.35151e-01,9.99999e-01
1.192415234e+00,9.30112e-01,9.99999e-01,9.93294e-01,9.36390e-01,9.99999e-01
1.198377311e+00,5.47939e-01,9.99999e-01,5.84402e-01,9.37606e-01,9.99999e-01
1.204369197e+00,1.13369e-06,9.99999e-01,1.20760e-06,9.38800e-01,9.99999e-01
1.210391043e+00,2.96054e-21,9.99999e-01,3.14960e-21,9.39972e-01,9.99999e-01
1.216442998e+00,1.21126e-18,9.99999e-01,1.28703e-18,9.41122e-01,9.99999e-01
1.222525213e+00,2.24653e-18,9.99999e-01,2.38421e-18,9.42251e-01,9.99999e-01
1.228637839e+00,3.86483e-14,9.99999e-01,4.09688e-14,9.43358e-01,9.99999e-01
1.234781029e+00,8.59836e-10,9.99999e-01,9.10413e-10,9.44446e-01,9.99999e-01
1.240954934e+00,1.19947e-06,9.99999e-01,1.26859e-06,9.45512e-01,9.99999e-01
1.247159708e+00,4.68658e-04,9.99999e-01,4.95117e-04,9.46559e-01,9.99999e-01
1.253395507e+00,1.42156e-02,9.99999e-01,1.50019e-02,9.47587e-01,9.99999e-01
1.259662485e+00,8.74436e-02,9.99999e-01,9.21821e-02,9.48595e-01,9.99999e-01
1.265960797e+00,2.38492e-01,9.99999e-01,2.51154e-01,9.49584e-01,9.99999e-01
1.272290601e+00,5.39258e-01,9.99999e-01,5.67308e-01,9.50555e-01,9.99999e-01
1.278652054e+00,4.76376e-01,9.99999e-01,5.00654e-01,9.51508e-01,9.99999e-01
1.285045314e+00,2.79079e-02,9.99999e-01,2.93013e-02,9.52442e-01,9.99999e-01
1.291470541e+00,3.50340e-03,9.99999e-01,3.67479e-03,9.53359e-01,9.99999e-01
1.297927893e+00,6.32790e-02,9.99999e-01,6.63121e-02,9.54259e-01,9.99999e-01
1.304417533e+00,3.42104e-01,9.99999e-01,3.58170e-01,9.55142e-01,9.99999e-01
1.310939621e+00,9.59436e-02,9.99999e-01,1.00358e-01,9.56008e-01,9.99999e-01
1.317494319e+00,9.59013e-08,9.99999e-01,1.00225e-07,9.56858e-01,9.99999e-01
1.324081790e+00,1.01742e-05,9.99999e-01,1.06236e-05,9.57692e-01,9.99999e-01
1.330702199e+00,2.18902e-03,9.99999e-01,2.28377e-03,9.58510e-01,9.99999e-01
1.337355710e+00,1.58226e-03,9.99999e-01,1.64937e-03,9.59313e-01,9.99999e-01
1.344042489e+00,5.37067e-04,9.99999e-01,5.59385e-04,9.60100e-01,9.99999e-01
1.350762701e+00,1.68361e-03,9.99999e-01,1.75217e-03,9.60873e-01,9.99999e-01
1.357516515e+00,1.47451e-02,9.99999e-01,1.53334e-02,9.61631e-01,9.99999e-01
1.364304097e+00,7.13974e-02,9.99999e-01,7.41888e-02,9.62374e-01,9.99999e-01
1.371125618e+00,2.43595e-01,9.99999e-01,2.52927e-01,9.63103e-01,9.99999e-01
1.377981246e+00,3.21314e-01,9.99999e-01,3.33375e-01,9.63819e-01,9.99999e-01
1.384871152e+00,5.08892e-01,9.99999e-01,5.27611e-01,9.64521e-01,9.99999e-01
1.391795508e+00,5.34886e-01,9.99999e-01,5.54165e-01,9.65209e-01,9.99999e-01
1.398754485e+00,6.71995e-01,9.99999e-01,6.95729e-01,9.65884e-01,9.99999e-01
1.405748258e+00,7.39499e-01,9.99999e-01,7.65093e-01,9.66547e-01,9.99999e-01
1.412776999e+00,8.17015e-01,9.99999e-01,8.44724e-01,9.67197e-01,9.99999e-01
1.419840884e+00,7.56210e-01,9.99999e-01,7.81342e-01,9.67834e-01,9.99999e-01
1.426940089e+00,1.00744e-01,9.99999e-01,1.04025e-01,9.68459e-01,9.99999e-01
1.434074789e+00,1.25901e-299,9.99999e-01,1.29919e-299,9.69072e-01,9.99999e-01
1.441245163e+00,0.00000e+00,9.99999e-01,0.00000e+00,9.69674e-01,9.99999e-01
1.448451389e+00,0.00000e+00,9.99999e-01,0.00000e+00,9.70264e-01,9.99999e-01
1.455693646e+00,1.23515e-162,9.99999e-01,1.27225e-162,9.70843e-01,9.99999e-01
1.462972114e+00,2.18261e-79,9.99999e-01,2.24685e-79,9.71410e-01,9.99999e-01
1.470286975e+00,5.47714e-34,9.99999e-01,5.63510e-34,9.71967e-01,9.99999e-01
1.477638409e+00,5.31323e-22,9.99999e-01,5.46340e-22,9.72513e-01,9.99999e-01
1.485026601e+00,7.17038e-13,9.99999e-01,7.36898e-13,9.73049e-01,9.99999e-01
1.492451734e+00,5.74324e-11,9.99999e-01,5.89913e-11,9.73574e-01,9.99999e-01
1.499913993e+00,1.09233e-05,9.99999e-01,1.12139e-05,9.74089e-01,9.99999e-01
1.507413563e+00,1.34175e-04,9.99999e-01,1.37673e-04,9.74594e-01,9.99999e-01
1.514950631e+00,5.77467e-06,9.99999e-01,5.92219e-06,9.75090e-01,9.99999e-01
1.522525384e+00,3.63096e-16,9.99999e-01,3.72186e-16,9.75576e-01,9.99999e-01
1.530138011e+00,4.91580e-36,9.99999e-01,5.03641e-36,9.76052e-01,9.99999e-01
1.537788701e+00,4.23198e-27,9.99999e-01,4.33373e-27,9.76520e-01,9.99999e-01
1.545477645e+00,3.86609e-07,9.99999e-01,3.95719e-07,9.76978e-01,9.99999e-01
1.553205033e+00,1.06969e-04,9.99999e-01,1.09439e-04,9.77428e-01,9.99999e-01
1.560971058e+00,2.71871e-05,9.99999e-01,2.78024e-05,9.77868e-01,9.99999e-01
1.568775913e+00,6.54681e-89,9.99999e-01,6.69202e-89,9.78301e-01,9.99999e-01
1.576619793e+00,1.08140e-206,9.99999e-01,1.10491e-206,9.78725e-01,9.99999e-01
1.584502892e+00,2.75424e-113,9.99999e-01,2.81292e-113,9.79141e-01,9.99999e-01
1.592425406e+00,2.87262e-79,9.99999e-01,2.93260e-79,9.79548e-01,9.99999e-01
1.600387533e+00,4.69808e-127,9.99999e-01,4.79421e-127,9.79948e-01,9.99999e-01
1.608389471e+00,1.13195e-212,9.99999e-01,1.15465e-212,9.80340e-01,9.99999e-01
1.616431418e+00,5.28576e-214,9.99999e-01,5.38964e-214,9.80725e-01,9.99999e-01
1.624513575e+00,1.82605e-100,9.99999e-01,1.86123e-100,9.81102e-01,9.99999e-01
1.632636143e+00,5.41127e-75,9.99999e-01,5.51342e-75,9.81472e-01,9.99999e-01
1.640799324e+00,1.27563e-31,9.99999e-01,1.29923e-31,9.81834e-01,9.99999e-01
1.649003321e+00,1.50357e-31,9.99999e-01,1.53083e-31,9.82190e-01,9.99999e-01
1.657248337e+00,1.08791e-24,9.99999e-01,1.10725e-24,9.82539e-01,9.99999e-01
1.665534579e+00,7.30354e-25,9.99999e-01,7.43075e-25,9.82881e-01,9.99999e-01
1.673862252e+00,2.33865e-16,9.99999e-01,2.37857e-16,9.83216e-01,9.99999e-01
1.682231563e+00,8.78061e-12,9.99999e-01,8.92751e-12,9.83545e-01,9.99999e-01
1.690642721e+00,2.96643e-07,9.99999e-01,3.01507e-07,9.83867e-01,9.99999e-01
1.699095934e+00,9.45533e-05,9.99999e-01,9.60728e-05,9.84183e-01,9.99999e-01
1.707591414e+00,7.01313e-03,9.99999e-01,7.12358e-03,9.84493e-01,9.99999e-01
1.716129371e+00,6.68264e-02,9.99999e-01,6.78580e-02,9.84797e-01,9.99999e-01
1.724710018e+00,2.35006e-01,9.99999e-01,2.38561e-01,9.85095e-01,9.99999e-01
1.733333568e+00,3.92880e-01,9.99999e-01,3.98706e-01,9.85387e-01,9.99999e-01
1.742000236e+00,5.54756e-01,9.99999e-01,5.62819e-01,9.85674e-01,9.99999e-01
1.750710237e+00,3.92543e-02,9.99999e-01,3.98135e-02,9.85955e-01,9.99999e-01
1.759463788e+00,1.43175e-15,9.99999e-01,1.45174e-15,9.86230e-01,9.99999e-01
1.768261107e+00,1.46018e-16,9.99999e-01,1.48016e-16,9.86500e-01,9.99999e-01
1.777102413e+00,1.76151e-15,9.99999e-01,1.78514e-15,9.86765e-01,9.99999e-01
1.785987925e+00,4.40043e-15,9.99999e-01,4.45827e-15,9.87025e-01,9.99999e-01
1.794917864e+00,3.78360e-14,9.99999e-01,3.83235e-14,9.87280e-01,9.99999e-01
1.803892454e+00,3.99697e-14,9.99999e-01,4.04744e-14,9.87529e-01,9.99999e-01
1.812911916e+00,2.42842e-13,9.99999e-01,2.45847e-13,9.87774e-01,9.99999e-01
1.821976476e+00,1.43360e-13,9.99999e-01,1.45099e-13,9.88014e-01,9.99999e-01
1.831086358e+00,3.38680e-11,9.99999e-01,3.42707e-11,9.88249e-01,9.99999e-01
1.840241790e+00,1.86001e-09,9.99999e-01,1.88169e-09,9.88480e-01,9.99999e-01
1.849442999e+00,1.04493e-06,9.99999e-01,1.05686e-06,9.88706e-01,9.99999e-01
1.858690214e+00,4.77630e-06,9.99999e-01,4.82977e-06,9.88928e-01,9.99999e-01
1.867983665e+00,7.51343e-07,9.99999e-01,7.59587e-07,9.89146e-01,9.99999e-01
1.877323583e+00,1.14079e-28,9.99999e-01,1.15306e-28,9.89359e-01,9.99999e-01
1.886710201e+00,2.70672e-37,9.99999e-01,2.73525e-37,9.89568e-01,9.99999e-01
1.896143752e+00,4.20236e-42,9.99999e-01,4.24578e-42,9.89773e-01,9.99999e-01
1.905624471e+00,7.72026e-49,9.99999e-01,7.79844e-49,9.89974e-01,9.99999e-01
1.915152593e+00,6.96126e-38,9.99999e-01,7.03035e-38,9.90171e-01,9.99999e-01
1.924728356e+00,2.01787e-45,9.99999e-01,2.03750e-45,9.90364e-01,9.99999e-01
1.934351998e+00,0.00000e+00,9.99999e-01,0.00000e+00,9.90554e-01,9.99999e-01
1.944023758e+00,0.00000e+00,9.99999e-01,0.00000e+00,9.90739e-01,9.99999e-01
1.953743877e+00,0.00000e+00,9.99999e-01,0.00000e+00,9.90921e-01,9.99999e-01
1.963512596e+00,0.00000e+00,9.99999e-01,0.00000e+00,9.91100e-01,9.99999e-01
1.973330159e+00,0.00000e+00,9.99999e-01,0.00000e+00,9.91275e-01,9.99999e-01
1.983196810e+00,0.00000e+00,9.99999e-01,0.00000e+00,9.91446e-01,9.99999e-01
1.993112794e+00,0.00000e+00,9.99999e-01,0.00000e+00,9.91615e-01,9.99999e-01
2.003078358e+00,0.00000e+00,9.99999e-01,0.00000e+00,9.91780e-01,9.99995e-01
2.013093750e+00,0.00000e+00,9.99999e-01,0.00000e+00,9.91941e-01,9.99991e-01
2.023159218e+00,0.00000e+00,9.99999e-01,0.00000e+00,9.92100e-01,9.99987e-01
2.033275015e+00,0.00000e+00,9.99999e-01,0.00000e+00,9.92255e-01,9.99981e-01
2.043441390e+00,0.00000e+00,9.99999e-01,0.00000e+00,9.92408e-01,9.99968e-01
2.053658597e+00,0.00000e+00,9.99999e-01,0.00000e+00,9.92557e-01,9.99947e-01
2.063926890e+00,0.00000e+00,9.99999e-01,0.00000e+00,9.92703e-01,9.99908e-01
2.074246524e+00,0.00000e+00,9.99998e-01,0.00000e+00,9.92847e-01,9.99840e-01
2.084617757e+00,0.00000e+00,9.99997e-01,0.00000e+00,9.92988e-01,9.99737e-01
2.095040845e+00,0.00000e+00,9.99997e-01,0.00000e+00,9.93126e-01,9.99596e-01
2.105516050e+00,0.00000e+00,9.99996e-01,0.00000e+00,9.93261e-01,9.99421e-01
2.116043630e+00,0.00000e+00,9.99996e-01,0.00000e+00,9.93394e-01,9.99282e-01
2.126623848e+00,0.00000e+00,9.99997e-01,0.00000e+00,9.93524e-01,9.99187e-01
2.137256967e+00,2.12130e-216,9.99997e-01,2.13680e-216,9.93651e-01,9.99089e-01
2.147943252e+00,7.04231e-102,9.99998e-01,7.09417e-102,9.93776e-01,9.98905e-01
2.158682968e+00,7.73443e-62,9.99993e-01,7.79176e-62,9.93899e-01,9.98734e-01
2.169476383e+00,7.29030e-31,9.99997e-01,7.34110e-31,9.94019e-01,9.99055e-01
2.180323765e+00,7.92602e-20,9.99998e-01,7.97826e-20,9.94137e-01,9.99310e-01
2.191225384e+00,6.60015e-11,9.99998e-01,6.64211e-11,9.94252e-01,9.99426e-01
2.202181511e+00,2.46422e-07,9.99998e-01,2.47928e-07,9.94365e-01,9.99555e-01
2.213192418e+00,2.01454e-04,9.99998e-01,2.02636e-04,9.94476e-01,9.99688e-01
2.224258381e+00,6.55664e-03,9.99998e-01,6.59363e-03,9.94585e-01,9.99802e-01
2.235379672e+00,4.13285e-02,9.99998e-01,4.15537e-02,9.94692e-01,9.99886e-01
2.246556571e+00,1.11323e-01,9.99999e-01,1.11913e-01,9.94796e-01,9.99936e-01
2.257789354e+00,2.64665e-01,9.99999e-01,2.66031e-01,9.94899e-01,9.99964e-01
2.269078300e+00,3.10108e-01,9.99999e-01,3.11672e-01,9.94999e-01,9.99981e-01
2.280423692e+00,3.20218e-01,9.99999e-01,3.21798e-01,9.95098e-01,9.99988e-01
2.291825810e+00,4.75279e-01,9.99999e-01,4.77576e-01,9.95194e-01,9.99993e-01
2.303284939e+00,5.56267e-01,9.99999e-01,5.58901e-01,9.95289e-01,9.99995e-01
2.314801364e+00,5.92563e-01,9.99999e-01,5.95312e-01,9.95382e-01,9.99997e-01
2.326375371e+00,7.04857e-01,9.99999e-01,7.08062e-01,9.95473e-01,9.99999e-01
2.338007248e+00,6.84310e-01,9.99999e-01,6.87360e-01,9.95562e-01,9.99999e-01
2.349697284e+00,7.18456e-01,9.99999e-01,7.21595e-01,9.95650e-01,9.99999e-01
2.361445770e+00,7.67330e-01,9.99999e-01,7.70616e-01,9.95735e-01,9.99999e-01
2.373252999e+00,7.85915e-01,9.99999e-01,7.89214e-01,9.95819e-01,9.99999e-01
2.385119264e+00,8.97278e-01,9.99999e-01,9.00969e-01,9.95902e-01,9.99999e-01
2.397044861e+00,9.54394e-01,9.99999e-01,9.58243e-01,9.95983e-01,9.99999e-01
2.409030085e+00,9.24887e-01,9.99999e-01,9.28543e-01,9.96062e-01,9.99999e-01
2.421075235e+00,8.71173e-01,9.99999e-01,8.74548e-01,9.96139e-01,9.99999e-01
2.433180612e+00,4.83825e-01,9.99999e-01,4.85663e-01,9.96215e-01,9.99999e-01
2.445346515e+00,7.08018e-01,9.99999e-01,7.10654e-01,9.96290e-01,9.99999e-01
2.457573247e+00,9.97261e-02,9.99999e-01,1.00090e-01,9.96363e-01,9.99999e-01
2.469861113e+00,1.71407e-05,9.99999e-01,1.72020e-05,9.96435e-01,9.99999e-01
2.482210419e+00,7.79769e-19,9.99999e-01,7.82503e-19,9.96505e-01,9.99999e-01
2.494621471e+00,2.89251e-28,9.99999e-01,2.90245e-28,9.96574e-01,9.99999e-01
2.507094578e+00,2.65753e-27,9.99999e-01,2.66648e-27,9.96642e-01,9.99999e-01
2.519630051e+00,2.90076e-36,9.99999e-01,2.91034e-36,9.96708e-01,9.99999e-01
2.532228202e+00,2.25861e-48,9.99999e-01,2.26592e-48,9.96773e-01,9.99999e-01
2.544889343e+00,2.54895e-47,9.99999e-01,2.55703e-47,9.96836e-01,9.99999e-01
2.557613789e+00,3.31956e-56,9.99999e-01,3.32989e-56,9.96899e-01,9.99999e-01
2.570401858e+00,5.17503e-112,9.99999e-01,5.19081e-112,9.96960e-01,9.99999e-01
2.583253867e+00,5.60959e-249,9.99999e-01,5.62635e-249,9.97020e-01,9.99999e-01
2.596170137e+00,1.78314e-302,9.99999e-01,1.78837e-302,9.97079e-01,9.99999e-01
2.609150988e+00,0.00000e+00,9.99999e-01,0.00000e+00,9.97136e-01,9.99999e-01
2.622196742e+00,0.00000e+00,9.99999e-01,0.00000e+00,9.97193e-01,9.99999e-01
2.635307726e+00,0.00000e+00,9.99999e-01,0.00000e+00,9.97248e-01,9.99999e-01
2.648484265e+00,0.00000e+00,9.99999e-01,0.00000e+00,9.97302e-01,9.99999e-01
2.661726686e+00,0.00000e+00,9.99999e-01,0.00000e+00,9.97355e-01,9.99999e-01
2.675035320e+00,0.00000e+00,9.99999e-01,0.00000e+00,9.97408e-01,9.99999e-01
2.688410496e+00,0.00000e+00,9.99999e-01,0.00000e+00,9.97459e-01,9.99999e-01
2.701852549e+00,0.00000e+00,9.99999e-01,0.00000e+00,9.97509e-01,9.99999e-01
2.715361811e+00,0.00000e+00,9.99999e-01,0.00000e+00,9.97558e-01,9.99999e-01
2.728938620e+00,0.00000e+00,9.99999e-01,0.00000e+00,9.97606e-01,9.99999e-01
2.742583314e+00,0.00000e+00,9.99999e-01,0.00000e+00,9.97653e-01,9.99999e-01
2.756296230e+00,0.00000e+00,9.99999e-01,0.00000e+00,9.97700e-01,9.99999e-01
2.770077711e+00,0.00000e+00,9.99999e-01,0.00000e+00,9.97745e-01,9.99999e-01
2.783928100e+00,0.00000e+00,9.99999e-01,0.00000e+00,9.97789e-01,9.99999e-01
2.797847740e+00,0.00000e+00,9.99999e-01,0.00000e+00,9.97833e-01,9.99999e-01
2.811836979e+00,0.00000e+00,9.99999e-01,0.00000e+00,9.97876e-01,9.99999e-01
2.825896164e+00,0.00000e+00,9.99999e-01,0.00000e+00,9.97918e-01,9.99999e-01
2.840025645e+00,0.00000e+00,9.99999e-01,0.00000e+00,9.97959e-01,9.99999e-01
2.854225773e+00,0.00000e+00,9.99999e-01,0.00000e+00,9.97999e-01,9.99999e-01
2.868496902e+00,0.00000e+00,9.99999e-01,0.00000e+00,9.98038e-01,9.99999e-01
2.882839386e+00,0.00000e+00,9.99999e-01,0.00000e+00,9.98077e-01,9.99999e-01
2.897253583e+00,0.00000e+00,9.99999e-01,0.00000e+00,9.98115e-01,9.99999e-01
2.911739851e+00,0.00000e+00,9.99999e-01,0.00000e+00,9.98152e-01,9.99999e-01
2.926298550e+00,0.00000e+00,9.99999e-01,0.00000e+00,9.98189e-01,9.99999e-01
2.940930043e+00,0.00000e+00,9.99999e-01,0.00000e+00,9.98224e-01,9.99999e-01
2.955634693e+00,0.00000e+00,9.99999e-01,0.00000e+00,9.98259e-01,9.99999e-01
2.970412867e+00,6.32267e-264,9.99999e-01,6.33347e-264,9.98294e-01,9.99999e-01
2.985264931e+00,9.17005e-169,9.99999e-01,9.18541e-169,9.98327e-01,9.99999e-01
3.000191256e+00,4.05876e-132,9.99999e-01,4.06542e-132,9.98360e-01,9.99999e-01
3.015192212e+00,6.57359e-141,9.99999e-01,6.58417e-141,9.98393e-01,9.99999e-01
3.030268173e+00,4.46824e-114,9.99999e-01,4.47529e-114,9.98424e-01,9.99999e-01
3.045419514e+00,4.66824e-70,9.99999e-01,4.67546e-70,9.98456e-01,9.99999e-01
3.060646612e+00,5.78297e-33,9.99999e-01,5.79173e-33,9.98486e-01,9.99999e-01
3.075949845e+00,2.34737e-26,9.99999e-01,4.35895e-26,9.98516e-01,5.39318e-01
3.091329594e+00,1.82306e-25,9.99999e-01,7.97630e-25,9.98545e-01,2.28892e-01
3.106786242e+00,1.36686e-26,9.99999e-01,7.50053e-25,9.98574e-01,1.82495e-02
3.122320173e+00,1.05760e-22,9.99999e-01,7.13266e-18,9.98602e-01,1.48483e-05
3.137931774e+00,3.90316e-19,9.99999e-01,7.62186e-17,9.98630e-01,5.12802e-03
3.153621433e+00,1.39996e-18,9.99999e-01,5.45666e-18,9.98657e-01,2.56904e-01
3.169389540e+00,4.23144e-26,9.99999e-01,1.05132e-23,9.98683e-01,4.03020e-03
3.185236488e+00,3.65681e-23,9.99999e-01,3.10090e-19,9.98709e-01,1.18080e-04
3.201162670e+00,3.02494e-22,9.99999e-01,2.37638e-15,9.98735e-01,1.27453e-07
3.217168483e+00,3.10852e-24,9.99999e-01,2.74132e-14,9.98759e-01,1.13536e-10
3.233254326e+00,7.78006e-28,9.99999e-01,8.95843e-13,9.98784e-01,8.69518e-16
3.249420598e+00,1.14982e-32,9.99999e-01,6.25762e-08,9.98808e-01,1.83966e-25
3.265667701e+00,2.74634e-46,9.99999e-01,1.90327e-06,9.98831e-01,1.44465e-40
3.281996039e+00,8.08291e-68,9.99999e-01,3.26998e-05,9.98854e-01,2.47468e-63
3.298406019e+00,1.44812e-94,9.99999e-01,2.72830e-04,9.98877e-01,5.31374e-91
3.314898049e+00,3.95044e-131,9.99999e-01,3.99150e-04,9.98899e-01,9.90801e-128
3.331472540e+00,8.17536e-108,9.99999e-01,5.08613e-04,9.98921e-01,1.60912e-104
3.348129902e+00,2.64177e-78,9.99999e-01,2.32140e-03,9.98942e-01,1.13921e-75
3.364870552e+00,4.92011e-54,9.99999e-01,3.65820e-03,9.98963e-01,1.34635e-51
3.381694905e+00,2.72971e-34,9.99999e-01,6.04477e-03,9.98984e-01,4.52040e-32
3.398603379e+00,4.32778e-21,9.99999e-01,2.46079e-02,9.99004e-01,1.76044e-19
3.415596396e+00,4.48496e-13,9.99999e-01,3.38985e-02,9.99023e-01,1.32435e-11
3.432674378e+00,4.27880e-09,9.99999e-01,1.48806e-02,9.99043e-01,2.87818e-07
3.449837750e+00,1.13607e-06,9.99999e-01,9.64472e-04,9.99061e-01,1.17902e-03
3.467086939e+00,5.08635e-06,9.99999e-01,1.67146e-05,9.99080e-01,3.04586e-01
3.484422373e+00,1.82192e-07,9.99999e-01,2.21333e-07,9.99098e-01,8.23902e-01
3.501844485e+00,5.27085e-10,9.99999e-01,8.76028e-10,9.99116e-01,6.02207e-01
3.519353708e+00,7.19008e-12,9.99999e-01,7.19967e-12,9.99133e-01,9.99533e-01
3.536950476e+00,1.17124e-13,9.99999e-01,1.17329e-13,9.99150e-01,9.99101e-01
3.554635228e+00,2.90100e-14,9.99999e-01,2.90936e-14,9.99167e-01,9.97955e-01
3.572408405e+00,1.38980e-11,9.99999e-01,1.39571e-11,9.99184e-01,9.96575e-01
3.590270447e+00,4.28589e-11,9.99999e-01,4.29804e-11,9.99200e-01,9.97970e-01
3.608221799e+00,2.13859e-08,9.99999e-01,2.14282e-08,9.99215e-01,9.98809e-01
3.626262908e+00,5.55375e-05,9.99999e-01,5.56096e-05,9.99231e-01,9.99471e-01
3.644394222e+00,5.42709e-04,9.99999e-01,5.43433e-04,9.99246e-01,9.99418e-01
3.662616193e+00,1.46453e-02,9.99999e-01,1.46726e-02,9.99261e-01,9.98875e-01
3.680929274e+00,1.50067e-01,9.99999e-01,1.50642e-01,9.99276e-01,9.96905e-01
3.699333921e+00,4.45656e-01,9.99999e-01,4.48687e-01,9.99290e-01,9.93949e-01
3.717830590e+00,3.43127e-01,9.99999e-01,3.47268e-01,9.99304e-01,9.88763e-01
3.736419743e+00,3.58308e-02,9.99999e-01,3.64734e-02,9.99318e-01,9.83049e-01
3.755101842e+00,9.57908e-05,9.99999e-01,9.73971e-05,9.99331e-01,9.84164e-01
3.773877351e+00,1.39558e-09,9.99998e-01,1.41205e-09,9.99344e-01,9.88981e-01
3.792746738e+00,1.39061e-21,9.99998e-01,1.40209e-21,9.99357e-01,9.92447e-01
3.811710472e+00,1.54286e-14,9.99997e-01,1.55498e-14,9.99370e-01,9.92830e-01
3.830769024e+00,3.34896e-14,9.99996e-01,3.37771e-14,9.99382e-01,9.92100e-01
3.849922869e+00,1.32805e-19,9.99994e-01,1.34161e-19,9.99394e-01,9.90492e-01
3.869172484e+00,1.15366e-12,9.99992e-01,1.16953e-12,9.99406e-01,9.87022e-01
3.888518346e+00,2.28798e-06,9.99986e-01,2.33098e-06,9.99418e-01,9.82128e-01
3.907960938e+00,1.83712e-04,9.99983e-01,1.88378e-04,9.99429e-01,9.75792e-01
3.927500742e+00,1.22159e-04,9.99972e-01,1.26114e-04,9.99441e-01,9.69191e-01
3.947138246e+00,9.14397e-07,9.99961e-01,9.48699e-07,9.99452e-01,9.64385e-01
3.966873937e+00,5.07278e-10,9.99955e-01,5.30166e-10,9.99463e-01,9.57358e-01
3.986708307e+00,1.17906e-14,9.99928e-01,1.24666e-14,9.99473e-01,9.46302e-01
4.006641849e+00,1.23392e-25,9.99906e-01,1.32431e-25,9.99484e-01,9.32256e-01
4.026675058e+00,2.53622e-122,9.99922e-01,2.76956e-122,9.99494e-01,9.16241e-01
4.046808433e+00,6.44402e-238,9.99919e-01,7.16993e-238,9.99504e-01,8.99238e-01
4.067042475e+00,0.00000e+00,9.99885e-01,0.00000e+00,9.99513e-01,8.82369e-01
4.087377688e+00,0.00000e+00,9.99865e-01,0.00000e+00,9.99523e-01,8.66914e-01
4.107814576e+00,0.00000e+00,9.99842e-01,0.00000e+00,9.99532e-01,8.54493e-01
4.128353649e+00,0.00000e+00,9.99841e-01,0.00000e+00,9.99542e-01,8.46362e-01
4.148995417e+00,0.00000e+00,9.99890e-01,0.00000e+00,9.99551e-01,8.42581e-01
4.169740394e+00,0.00000e+00,9.99898e-01,0.00000e+00,9.99560e-01,8.43288e-01
4.190589096e+00,0.00000e+00,9.99905e-01,0.00000e+00,9.99568e-01,8.46768e-01
4.211542042e+00,0.00000e+00,9.99912e-01,0.00000e+00,9.99577e-01,8.47700e-01
4.232599752e+00,0.00000e+00,9.99946e-01,0.00000e+00,9.99585e-01,8.42041e-01
4.253762751e+00,0.00000e+00,9.99962e-01,0.00000e+00,9.99593e-01,8.24574e-01
4.275031564e+00,0.00000e+00,9.99938e-01,0.00000e+00,9.99601e-01,7.92774e-01
4.296406722e+00,0.00000e+00,9.99405e-01,0.00000e+00,9.99609e-01,7.82688e-01
4.317888756e+00,0.00000e+00,9.99883e-01,0.00000e+00,9.99617e-01,8.09862e-01
4.339478200e+00,0.00000e+00,9.99930e-01,0.00000e+00,9.99624e-01,8.47950e-01
4.361175591e+00,0.00000e+00,9.99943e-01,0.00000e+00,9.99632e-01,8.71098e-01
4.382981469e+00,0.00000e+00,9.99940e-01,0.00000e+00,9.99639e-01,8.82935e-01
4.404896376e+00,0.00000e+00,9.99916e-01,0.00000e+00,9.99646e-01,8.89759e-01
4.426920858e+00,0.00000e+00,9.99916e-01,0.00000e+00,9.99653e-01,8.95608e-01
4.449055462e+00,0.00000e+00,9.99941e-01,0.00000e+00,9.99660e-01,9.02187e-01
4.471300739e+00,0.00000e+00,9.99938e-01,0.00000e+00,9.99667e-01,9.10160e-01
4.493657243e+00,0.00000e+00,9.99947e-01,0.00000e+00,9.99673e-01,9.19446e-01
4.516125529e+00,0.00000e+00,9.99949e-01,0.00000e+00,9.99680e-01,9.29301e-01
4.538706157e+00,0.00000e+00,9.99940e-01,0.00000e+00,9.99686e-01,9.39467e-01
4.561399688e+00,0.00000e+00,9.99958e-01,0.00000e+00,9.99692e-01,9.49283e-01
4.584206686e+00,0.00000e+00,9.99966e-01,0.00000e+00,9.99698e-01,9.58282e-01
4.607127720e+00,0.00000e+00,9.99967e-01,0.00000e+00,9.99704e-01,9.66312e-01
4.630163358e+00,0.00000e+00,9.99979e-01,0.00000e+00,9.99710e-01,9.73266e-01
4.653314175e+00,0.00000e+00,9.99980e-01,0.00000e+00,9.99716e-01,9.78935e-01
4.676580746e+00,0.00000e+00,9.99981e-01,0.00000e+00,9.99721e-01,9.83515e-01
4.699963650e+00,0.00000e+00,9.99989e-01,0.00000e+00,9.99727e-01,9.87202e-01
4.723463468e+00,0.00000e+00,9.99987e-01,0.00000e+00,9.99732e-01,9.90102e-01
4.747080785e+00,0.00000e+00,9.99993e-01,0.00000e+00,9.99737e-01,9.92308e-01
4.770816189e+00,0.00000e+00,9.99993e-01,0.00000e+00,9.99743e-01,9.94050e-01
4.794670270e+00,0.00000e+00,9.99993e-01,0.00000e+00,9.99748e-01,9.95412e-01
4.818643622e+00,0.00000e+00,9.99996e-01,0.00000e+00,9.99753e-01,9.96491e-01
4.842736840e+00,0.00000e+00,9.99996e-01,0.00000e+00,9.99757e-01,9.97302e-01
4.866950524e+00,0.00000e+00,9.99998e-01,0.00000e+00,9.99762e-01,9.97903e-01
4.891285276e+00,0.00000e+00,9.99998e-01,0.00000e+00,9.99767e-01,9.98395e-01
4.915741703e+00,0.00000e+00,9.99998e-01,0.00000e+00,9.99771e-01,9.98770e-01
4.940320411e+00,0.00000e+00,9.99998e-01,0.00000e+00,9.99776e-01,9.99050e-01
4.965022013e+00,0.00000e+00,9.99998e-01,0.00000e+00,9.99780e-01,9.99270e-01
4.989847123e+00,0.00000e+00,9.99999e-01,0.00000e+00,9.99785e-01,9.99457e-01
5.014796359e+00,1.11254e-290,9.99999e-01,1.11320e-290,9.99789e-01,9.99613e-01
5.039870341e+00,2.48109e-283,9.99999e-01,2.48227e-283,9.99793e-01,9.99730e-01
5.065069693e+00,9.61038e-286,9.99999e-01,9.61404e-286,9.99797e-01,9.99820e-01
5.090395041e+00,1.48410e-276,9.99999e-01,1.48454e-276,9.99801e-01,9.99899e-01
5.115847016e+00,9.86798e-237,9.99999e-01,9.87046e-237,9.99805e-01,9.99942e-01
5.141426251e+00,4.96714e-236,9.99999e-01,4.96839e-236,9.99809e-01,9.99938e-01
5.167133383e+00,5.15771e-277,9.99999e-01,5.15879e-277,9.99813e-01,9.99976e-01
5.192969049e+00,0.00000e+00,9.99999e-01,0.00000e+00,9.99816e-01,9.99980e-01
5.218933895e+00,0.00000e+00,9.99999e-01,0.00000e+00,9.99820e-01,9.99954e-01
5.245028564e+00,0.00000e+00,9.99999e-01,0.00000e+00,9.99823e-01,9.99959e-01
5.271253707e+00,0.00000e+00,9.99999e-01,0.00000e+00,9.99827e-01,9.99970e-01
5.297609976e+00,0.00000e+00,9.99999e-01,0.00000e+00,9.99830e-01,9.99967e-01
5.324098025e+00,0.00000e+00,9.99999e-01,0.00000e+00,9.99834e-01,9.99984e-01
5.350718516e+00,0.00000e+00,9.99999e-01,0.00000e+00,9.99837e-01,9.99800e-01
5.377472108e+00,0.00000e+00,9.99999e-01,0.00000e+00,9.99840e-01,9.99826e-01
5.404359469e+00,2.29823e-295,9.99999e-01,2.29859e-295,9.99843e-01,9.99999e-01
5.431381266e+00,2.20750e-190,9.99999e-01,2.20784e-190,9.99846e-01,9.99999e-01
5.458538172e+00,3.76285e-139,9.99999e-01,3.76341e-139,9.99849e-01,9.99999e-01
5.485830863e+00,1.25454e-89,9.99999e-01,1.25472e-89,9.99852e-01,9.99999e-01
5.513260018e+00,2.26563e-66,9.99999e-01,2.26595e-66,9.99855e-01,9.99999e-01
5.540826318e+00,1.34809e-44,9.99999e-01,1.34828e-44,9.99858e-01,9.99999e-01
5.568530449e+00,5.42156e-34,9.99999e-01,5.47306e-34,9.99861e-01,9.90726e-01
5.596373101e+00,1.50513e-25,9.99999e-01,1.52635e-25,9.99864e-01,9.86233e-01
5.624354967e+00,2.22649e-22,9.99999e-01,2.26865e-22,9.99866e-01,9.81549e-01
5.652476742e+00,2.67043e-19,9.99999e-01,2.73844e-19,9.99869e-01,9.75292e-01
5.680739126e+00,3.18059e-17,9.99999e-01,3.28784e-17,9.99871e-01,9.67503e-01
5.709142821e+00,4.90106e-16,9.99999e-01,5.12059e-16,9.99874e-01,9.57247e-01
5.737688535e+00,1.81539e-16,9.99999e-01,1.92537e-16,9.99876e-01,9.42993e-01
5.766376978e+00,2.32735e-15,9.99999e-01,2.51520e-15,9.99879e-01,9.25427e-01
5.795208863e+00,1.94305e-11,9.99999e-01,2.15306e-11,9.99881e-01,9.02566e-01
5.824184907e+00,3.29556e-08,9.99999e-01,3.78253e-08,9.99884e-01,8.71359e-01
5.853305832e+00,1.90498e-08,9.99999e-01,2.28516e-08,9.99886e-01,8.33725e-01
5.882572361e+00,7.18447e-10,9.99999e-01,9.13890e-10,9.99888e-01,7.86228e-01
5.911985223e+00,9.76335e-09,9.99999e-01,1.34145e-08,9.99890e-01,7.27899e-01
5.941545149e+00,1.68698e-05,9.99999e-01,2.54962e-05,9.99892e-01,6.61730e-01
5.971252874e+00,1.29091e-03,9.99999e-01,2.22891e-03,9.99894e-01,5.79225e-01
6.001109139e+00,6.77593e-03,9.99999e-01,1.39372e-02,9.99897e-01,4.86224e-01
6.031114685e+00,2.53612e-03,9.99999e-01,6.47614e-03,9.99899e-01,3.91649e-01
6.061270258e+00,2.28461e-04,9.99999e-01,7.72949e-04,9.99901e-01,2.95600e-01
6.091576609e+00,9.92821e-06,9.99999e-01,4.97690e-05,9.99903e-01,1.99505e-01
6.122034492e+00,1.66626e-07,9.99999e-01,1.39991e-06,9.99904e-01,1.19038e-01
6.152644665e+00,2.33314e-09,9.99999e-01,3.71085e-08,9.99906e-01,6.28792e-02
6.183407888e+00,8.51763e-11,9.99999e-01,3.10414e-09,9.99908e-01,2.74421e-02
6.214324928e+00,1.29906e-11,9.99999e-01,1.38847e-09,9.99910e-01,9.35688e-03
6.245396552e+00,1.07188e-10,9.99999e-01,4.61974e-08,9.99912e-01,2.32042e-03
6.276623535e+00,3.08144e-10,9.99999e-01,8.04939e-07,9.99913e-01,3.82849e-04
6.308006653e+00,5.49593e-12,9.99999e-01,1.45974e-07,9.99915e-01,3.76531e-05
6.339546686e+00,1.26319e-15,9.99999e-01,6.49990e-10,9.99917e-01,1.94356e-06
6.371244419e+00,2.13092e-18,9.99999e-01,4.66363e-11,9.99918e-01,4.56960e-08
6.403100641e+00,1.28436e-17,9.99999e-01,2.16655e-08,9.99920e-01,5.92859e-10
6.435116145e+00,2.75405e-16,9.99999e-01,9.45109e-05,9.99922e-01,2.91423e-12
6.467291725e+00,1.85617e-18,9.99999e-01,1.02341e-02,9.99923e-01,1.81385e-16
6.499628184e+00,1.44268e-21,9.99999e-01,1.44552e-01,9.99925e-01,9.98108e-21
6.532126325e+00,5.76392e-26,9.99999e-01,3.47287e-01,9.99926e-01,1.65982e-25
6.564786956e+00,7.83679e-33,9.99999e-01,4.81522e-01,9.99927e-01,1.62762e-32
6.597610891e+00,7.46102e-40,9.99999e-01,5.49369e-01,9.99929e-01,1.35820e-39
6.630598946e+00,7.78711e-50,9.99999e-01,5.93634e-01,9.99930e-01,1.31186e-49
6.663751940e+00,1.98418e-60,9.99999e-01,5.93158e-01,9.99932e-01,3.34534e-60
6.697070700e+00,3.98563e-74,9.99999e-01,5.11280e-01,9.99933e-01,7.79590e-74
6.730556054e+00,1.58398e-88,9.99999e-01,3.88079e-01,9.99934e-01,4.08186e-88
6.764208834e+00,5.37226e-106,9.99999e-01,2.30285e-01,9.99936e-01,2.33301e-105
6.798029878e+00,1.09889e-129,9.99999e-01,1.07783e-01,9.99937e-01,1.01960e-128
6.832020027e+00,1.62808e-157,9.99999e-01,2.90295e-02,9.99938e-01,5.60870e-156
6.866180128e+00,5.43580e-194,9.99999e-01,4.41543e-03,9.99939e-01,1.23116e-191
6.900511028e+00,3.41612e-240,9.99999e-01,2.04736e-04,9.99940e-01,1.66864e-236
6.935013583e+00,6.31400e-302,9.99999e-01,1.90137e-06,9.99942e-01,3.32094e-296
6.969688651e+00,0.00000e+00,9.99999e-01,4.07541e-09,9.99943e-01,0.00000e+00
7.004537095e+00,0.00000e+00,9.99999e-01,3.13448e-13,9.99944e-01,0.00000e+00
7.039559780e+00,0.00000e+00,9.99999e-01,5.44282e-17,9.99945e-01,0.00000e+00
7.074757579e+00,0.00000e+00,9.99999e-01,1.92813e-22,9.99946e-01,0.00000e+00
7.110131367e+00,0.00000e+00,9.99999e-01,3.39121e-26,9.99947e-01,0.00000e+00
7.145682024e+00,0.00000e+00,9.99999e-01,1.30065e-30,9.99948e-01,0.00000e+00
7.181410434e+00,0.00000e+00,9.99999e-01,1.87977e-33,9.99949e-01,0.00000e+00
7.217317486e+00,0.00000e+00,9.99999e-01,6.39323e-35,9.99950e-01,0.00000e+00
7.253404073e+00,0.00000e+00,9.99999e-01,7.26185e-35,9.99951e-01,0.00000e+00
7.289671094e+00,0.00000e+00,9.99999e-01,6.97716e-28,9.99952e-01,0.00000e+00
7.326119449e+00,0.00000e+00,9.99999e-01,7.41620e-26,9.99953e-01,0.00000e+00
7.362750046e+00,0.00000e+00,9.99999e-01,2.39256e-28,9.99954e-01,0.00000e+00
7.399563797e+00,0.00000e+00,9.99999e-01,1.92064e-28,9.99955e-01,0.00000e+00
7.436561616e+00,0.00000e+00,9.99999e-01,7.71405e-24,9.99956e-01,0.00000e+00
7.473744424e+00,0.00000e+00,9.99999e-01,2.07345e-16,9.99956e-01,0.00000e+00
7.511113146e+00,0.00000e+00,9.99999e-01,8.99409e-12,9.99957e-01,0.00000e+00
7.548668712e+00,0.00000e+00,9.99999e-01,8.38148e-08,9.99958e-01,0.00000e+00
7.586412055e+00,0.00000e+00,9.99999e-01,4.40831e-06,9.99959e-01,0.00000e+00
7.624344115e+00,0.00000e+00,9.99999e-01,8.20945e-06,9.99960e-01,0.00000e+00
7.662465836e+00,0.00000e+00,9.99999e-01,5.60837e-07,9.99960e-01,0.00000e+00
7.700778165e+00,0.00000e+00,9.99999e-01,1.63939e-09,9.99961e-01,0.00000e+00
7.739282056e+00,0.00000e+00,9.99999e-01,1.63509e-14,9.99962e-01,0.00000e+00
7.777978466e+00,0.00000e+00,9.99999e-01,3.43863e-19,9.99963e-01,0.00000e+00
7.816868359e+00,0.00000e+00,9.99999e-01,5.49439e-25,9.99963e-01,0.00000e+00
7.855952700e+00,0.00000e+00,9.99999e-01,8.63435e-26,9.99964e-01,0.00000e+00
7.895232464e+00,0.00000e+00,9.99999e-01,7.43756e-22,9.99965e-01,0.00000e+00
7.934708626e+00,0.00000e+00,9.99999e-01,1.18062e-19,9.99965e-01,0.00000e+00
7.974382169e+00,0.00000e+00,9.99999e-01,4.40218e-22,9.99966e-01,0.00000e+00
8.014254080e+00,2.41697e-320,9.99999e-01,1.95533e-26,9.99967e-01,1.23632e-294
8.054325351e+00,1.02653e-255,9.99999e-01,1.98072e-26,9.99967e-01,5.18278e-230
8.094596977e+00,2.76521e-201,9.99999e-01,1.12117e-25,9.99968e-01,2.46644e-176
8.135069962e+00,1.74746e-161,9.99999e-01,2.24796e-23,9.99969e-01,7.77374e-139
8.175745312e+00,1.16042e-127,9.99999e-01,7.27266e-20,9.99969e-01,1.59564e-108
8.216624039e+00,4.96231e-101,9.99999e-01,4.48144e-17,9.99970e-01,1.10734e-84
8.257707159e+00,2.10367e-79,9.99999e-01,5.86691e-14,9.99970e-01,3.58576e-66
8.298995695e+00,2.70979e-62,9.99999e-01,3.06829e-12,9.99971e-01,8.83186e-51
8.340490673e+00,4.97366e-49,9.99999e-01,3.26741e-11,9.99972e-01,1.52224e-38
8.382193126e+00,4.54210e-39,9.99999e-01,1.50960e-10,9.99972e-01,3.00889e-29
8.424104092e+00,9.88786e-31,9.99999e-01,3.95927e-09,9.99973e-01,2.49745e-22
8.466224613e+00,1.05030e-23,9.99999e-01,2.65884e-07,9.99973e-01,3.95032e-17
8.508555736e+00,1.08263e-16,9.99999e-01,5.90560e-05,9.99974e-01,1.83327e-12
8.551098514e+00,3.74550e-12,9.99999e-01,1.93998e-03,9.99974e-01,1.93074e-09
8.593854007e+00,5.31724e-10,9.99999e-01,3.64556e-03,9.99975e-01,1.45859e-07
8.636823277e+00,7.75321e-09,9.99999e-01,1.26329e-03,9.99975e-01,6.13748e-06
8.680007393e+00,5.24009e-08,9.99999e-01,4.73836e-04,9.99976e-01,1.10591e-04
8.723407430e+00,2.81582e-07,9.99999e-01,2.75821e-04,9.99976e-01,1.02091e-03
8.767024467e+00,7.81739e-08,9.99999e-01,1.58630e-05,9.99977e-01,4.92818e-03
8.810859590e+00,5.12022e-17,9.99999e-01,3.08596e-15,9.99977e-01,1.65923e-02
8.854913888e+00,1.05101e-49,9.99999e-01,2.45675e-48,9.99977e-01,4.27812e-02
8.899188457e+00,1.37308e-242,9.99999e-01,1.55382e-241,9.99978e-01,8.83699e-02
8.943684399e+00,0.00000e+00,9.99999e-01,0.00000e+00,9.99978e-01,1.61944e-01
8.988402821e+00,0.00000e+00,9.99999e-01,0.00000e+00,9.99979e-01,2.47397e-01
9.033344836e+00,0.00000e+00,9.99999e-01,0.00000e+00,9.99979e-01,3.41711e-01
9.078511560e+00,0.00000e+00,9.99999e-01,0.00000e+00,9.99979e-01,4.38836e-01
9.123904118e+00,0.00000e+00,9.99999e-01,0.00000e+00,9.99980e-01,5.31052e-01
9.169523638e+00,0.00000e+00,9.99999e-01,0.00000e+00,9.99980e-01,6.15511e-01
9.215371256e+00,0.00000e+00,9.99999e-01,0.00000e+00,9.99981e-01,6.88731e-01
9.261448113e+00,0.00000e+00,9.99999e-01,0.00000e+00,9.99981e-01,7.51320e-01
9.307755353e+00,0.00000e+00,9.99999e-01,0.00000e+00,9.99981e-01,7.98674e-01
9.354294130e+00,0.00000e+00,9.99999e-01,0.00000e+00,9.99982e-01,8.41360e-01
9.401065601e+00,0.00000e+00,9.99999e-01,0.00000e+00,9.99982e-01,8.75948e-01
9.448070929e+00,0.00000e+00,9.99999e-01,0.00000e+00,9.99982e-01,9.01090e-01
9.495311283e+00,0.00000e+00,9.99999e-01,0.00000e+00,9.99983e-01,9.21372e-01
9.542787840e+00,0.00000e+00,9.99999e-01,0.00000e+00,9.99983e-01,9.39026e-01
9.590501779e+00,0.00000e+00,9.99999e-01,0.00000e+00,9.99983e-01,9.52910e-01
9.638454288e+00,0.00000e+00,9.99999e-01,0.00000e+00,9.99984e-01,9.62786e-01
9.686646559e+00,0.00000e+00,9.99999e-01,0.00000e+00,9.99984e-01,9.70624e-01
9.735079792e+00,0.00000e+00,9.99999e-01,0.00000e+00,9.99984e-01,9.76830e-01
9.783755191e+00,0.00000e+00,9.99999e-01,0.00000e+00,9.99984e-01,9.81736e-01
9.832673967e+00,0.00000e+00,9.99999e-01,0.00000e+00,9.99985e-01,9.85612e-01
9.881837337e+00,0.00000e+00,9.99999e-01,0.00000e+00,9.99985e-01,9.88668e-01
9.931246523e+00,0.00000e+00,9.99999e-01,0.00000e+00,9.99985e-01,9.91283e-01
9.980902756e+00,0.00000e+00,9.99999e-01,0.00000e+00,9.99986e-01,9.99999e-01
1.003080727e+01,0.00000e+00,9.99999e-01,0.00000e+00,9.99986e-01,9.99999e-01
1.008096131e+01,0.00000e+00,9.99999e-01,0.00000e+00,9.99986e-01,9.99999e-01
1.013136611e+01,0.00000e+00,9.99999e-01,0.00000e+00,9.99986e-01,9.99999e-01
1.018202294e+01,0.00000e+00,9.99999e-01,0.00000e+00,9.99987e-01,9.99999e-01
1.023293306e+01,0.00000e+00,9.99999e-01,0.00000e+00,9.99987e-01,9.99999e-01
1.028409772e+01,0.00000e+00,9.99999e-01,0.00000e+00,9.99987e-01,9.99999e-01
1.033551821e+01,0.00000e+00,9.99999e-01,0.00000e+00,9.99987e-01,9.99999e-01
1.038719580e+01,0.00000e+00,9.99999e-01,0.00000e+00,9.99988e-01,9.99999e-01
1.043913178e+01,0.00000e+00,9.99999e-01,0.00000e+00,9.99988e-01,9.99999e-01
1.049132744e+01,0.00000e+00,9.99999e-01,0.00000e+00,9.99988e-01,9.99999e-01
1.054378408e+01,0.00000e+00,9.99999e-01,0.00000e+00,9.99988e-01,9.99999e-01
1.059650300e+01,0.00000e+00,9.99999e-01,0.00000e+00,9.99988e-01,9.99999e-01
1.064948551e+01,0.00000e+00,9.99999e-01,0.00000e+00,9.99989e-01,9.99999e-01
1.070273294e+01,0.00000e+00,9.99999e-01,0.00000e+00,9.99989e-01,9.99999e-01
1.075624661e+01,0.00000e+00,9.99999e-01,0.00000e+00,9.99989e-01,9.99999e-01
1.081002784e+01,0.00000e+00,9.99999e-01,0.00000e+00,9.99989e-01,9.99999e-01
1.086407798e+01,0.00000e+00,9.99999e-01,0.00000e+00,9.99989e-01,9.99999e-01
1.091839837e+01,0.00000e+00,9.99999e-01,0.00000e+00,9.99990e-01,9.99999e-01
1.097299036e+01,0.00000e+00,9.99999e-01,0.00000e+00,9.99990e-01,9.99999e-01
1.102785531e+01,0.00000e+00,9.99999e-01,0.00000e+00,9.99990e-01,9.99999e-01
1.108299459e+01,0.00000e+00,9.99999e-01,0.00000e+00,9.99990e-01,9.99999e-01
1.113840956e+01,0.00000e+00,9.99999e-01,0.00000e+00,9.99990e-01,9.99999e-01
1.119410161e+01,0.00000e+00,9.99999e-01,0.00000e+00,9.99991e-01,9.99999e-01
1.125007212e+01,0.00000e+00,9.99999e-01,0.00000e+00,9.99991e-01,9.99999e-01
1.130632248e+01,0.00000e+00,9.99999e-01,0.00000e+00,9.99991e-01,9.99999e-01
1.136285409e+01,0.00000e+00,9.99999e-01,0.00000e+00,9.99991e-01,9.99999e-01
1.141966836e+01,0.00000e+00,9.99999e-01,0.00000e+00,9.99991e-01,9.99999e-01
1.147676670e+01,0.00000e+00,9.99999e-01,0.00000e+00,9.99991e-01,9.99999e-01
1.153415054e+01,0.00000e+00,9.99999e-01,0.00000e+00,9.99991e-01,9.99999e-01
1.159182129e+01,0.00000e+00,9.99999e-01,0.00000e+00,9.99992e-01,9.99999e-01
1.164978039e+01,0.00000e+00,9.99999e-01,0.00000e+00,9.99992e-01,9.99999e-01
1.170802930e+01,0.00000e+00,9.99999e-01,0.00000e+00,9.99992e-01,9.99999e-01
1.176656944e+01,0.00000e+00,9.99999e-01,0.00000e+00,9.99992e-01,9.99999e-01
1.182540229e+01,0.00000e+00,9.99999e-01,0.00000e+00,9.99992e-01,9.99999e-01
1.188452930e+01,0.00000e+00,9.99999e-01,0.00000e+00,9.99992e-01,9.99999e-01
1.194395195e+01,0.00000e+00,9.99999e-01,0.00000e+00,9.99992e-01,9.99999e-01
1.200367171e+01,0.00000e+00,9.99999e-01,0.00000e+00,9.99993e-01,9.99999e-01
1.206369007e+01,0.00000e+00,9.99999e-01,0.00000e+00,9.99993e-01,9.99999e-01
1.212400852e+01,0.00000e+00,9.99999e-01,0.00000e+00,9.99993e-01,9.99999e-01
1.218462856e+01,0.00000e+00,9.99999e-01,0.00000e+00,9.99993e-01,9.99999e-01
1.224555170e+01,0.00000e+00,9.99999e-01,0.00000e+00,9.99993e-01,9.99999e-01
1.230677946e+01,0.00000e+00,9.99999e-01,0.00000e+00,9.99993e-01,9.99999e-01
1.236831336e+01,0.00000e+00,9.99999e-01,0.00000e+00,9.99993e-01,9.99999e-01
1.243015492e+01,0.00000e+00,9.99999e-01,0.00000e+00,9.99993e-01,9.99999e-01
1.249230570e+01,0.00000e+00,9.99999e-01,0.00000e+00,9.99994e-01,9.99999e-01
1.255476723e+01,0.00000e+00,9.99999e-01,0.00000e+00,9.99994e-01,9.99999e-01
1.261754106e+01,0.00000e+00,9.99999e-01,0.00000e+00,9.99994e-01,9.99999e-01
1.268062877e+01,0.00000e+00,9.99999e-01,0.00000e+00,9.99994e-01,9.99999e-01
1.274403191e+01,0.00000e+00,9.99999e-01,0.00000e+00,9.99994e-01,9.99999e-01
1.280775207e+01,0.00000e+00,9.99999e-01,0.00000e+00,9.99994e-01,9.99999e-01
1.287179083e+01,0.00000e+00,9.99999e-01,0.00000e+00,9.99994e-01,9.99999e-01
1.293614979e+01,0.00000e+00,9.99999e-01,0.00000e+00,9.99994e-01,9.99999e-01
1.300083054e+01,0.00000e+00,9.99999e-01,0.00000e+00,9.99994e-01,9.99999e-01
1.306583469e+01,0.00000e+00,9.99999e-01,0.00000e+00,9.99994e-01,9.99999e-01
1.313116386e+01,0.00000e+00,9.99999e-01,0.00000e+00,9.99995e-01,9.99999e-01
1.319681968e+01,0.00000e+00,9.99999e-01,0.00000e+00,9.99995e-01,9.99999e-01
1.326280378e+01,0.00000e+00,9.99999e-01,0.00000e+00,9.99995e-01,9.99999e-01
1.332911780e+01,0.00000e+00,9.99999e-01,0.00000e+00,9.99995e-01,9.99999e-01
1.339576339e+01,0.00000e+00,9.99999e-01,0.00000e+00,9.99995e-01,9.97691e-01
1.346274221e+01,0.00000e+00,9.99999e-01,0.00000e+00,9.99995e-01,9.97454e-01
1.353005592e+01,0.00000e+00,9.99999e-01,0.00000e+00,9.99995e-01,9.97192e-01
1.359770620e+01,0.00000e+00,9.99999e-01,0.00000e+00,9.99995e-01,9.96942e-01
1.366569473e+01,0.00000e+00,9.99999e-01,0.00000e+00,9.99995e-01,9.96668e-01
1.373402320e+01,0.00000e+00,9.99999e-01,0.00000e+00,9.99995e-01,9.96326e-01
1.380269332e+01,0.00000e+00,9.99999e-01,0.00000e+00,9.99995e-01,9.95999e-01
1.387170678e+01,0.00000e+00,9.99999e-01,0.00000e+00,9.99995e-01,9.95641e-01
1.394106532e+01,0.00000e+00,9.99999e-01,0.00000e+00,9.99995e-01,9.95253e-01
1.401077064e+01,0.00000e+00,9.99999e-01,0.00000e+00,9.99996e-01,9.94829e-01
1.408082450e+01,0.00000e+00,9.99999e-01,0.00000e+00,9.99996e-01,9.94369e-01
1.415122862e+01,0.00000e+00,9.99999e-01,0.00000e+00,9.99996e-01,9.93867e-01
1.422198476e+01,0.00000e+00,9.99999e-01,0.00000e+00,9.99996e-01,9.93322e-01
1.429309469e+01,0.00000e+00,9.99999e-01,0.00000e+00,9.99996e-01,9.92726e-01
1.436456016e+01,0.00000e+00,9.99999e-01,0.00000e+00,9.99996e-01,9.92080e-01
1.443638296e+01,0.00000e+00,9.99999e-01,0.00000e+00,9.99996e-01,9.91375e-01
1.450856487e+01,0.00000e+00,9.99999e-01,0.00000e+00,9.99996e-01,9.90609e-01
1.458110770e+01,0.00000e+00,9.99999e-01,0.00000e+00,9.99996e-01,9.89773e-01
1.465401324e+01,0.00000e+00,9.99999e-01,0.00000e+00,9.99996e-01,9.88867e-01
1.472728330e+01,0.00000e+00,9.99999e-01,0.00000e+00,9.99996e-01,9.88025e-01
1.480091972e+01,0.00000e+00,9.99999e-01,0.00000e+00,9.99996e-01,9.86961e-01
1.487492432e+01,0.00000e+00,9.99999e-01,0.00000e+00,9.99996e-01,9.85808e-01
1.494929894e+01,0.00000e+00,9.99999e-01,0.00000e+00,9.99996e-01,9.84550e-01
1.502404544e+01,0.00000e+00,9.99999e-01,0.00000e+00,9.99996e-01,9.83188e-01
1.509916566e+01,0.00000e+00,9.99999e-01,0.00000e+00,9.99996e-01,9.81921e-01
1.517466149e+01,0.00000e+00,9.99999e-01,0.00000e+00,9.99996e-01,9.80562e-01
1.525053480e+01,0.00000e+00,9.99999e-01,0.00000e+00,9.99997e-01,9.78842e-01
1.532678747e+01,0.00000e+00,9.99999e-01,0.00000e+00,9.99997e-01,9.76983e-01
1.540342141e+01,0.00000e+00,9.99999e-01,0.00000e+00,9.99997e-01,9.73286e-01
1.548043852e+01,0.00000e+00,9.99999e-01,0.00000e+00,9.99997e-01,9.71300e-01
1.555784071e+01,0.00000e+00,9.99999e-01,0.00000e+00,9.99997e-01,9.68898e-01
1.563562991e+01,0.00000e+00,9.99999e-01,0.00000e+00,9.99997e-01,9.66303e-01
1.571380806e+01,0.00000e+00,9.99999e-01,0.00000e+00,9.99997e-01,9.63893e-01
1.579237710e+01,0.00000e+00,9.99999e-01,0.00000e+00,9.99997e-01,9.61307e-01
1.587133899e+01,0.00000e+00,9.99999e-01,0.00000e+00,9.99997e-01,9.58539e-01
1.595069568e+01,0.00000e+00,9.99999e-01,0.00000e+00,9.99997e-01,9.55575e-01
1.603044916e+01,0.00000e+00,9.99999e-01,0.00000e+00,9.99997e-01,9.51856e-01
1.611060141e+01,0.00000e+00,9.99999e-01,0.00000e+00,9.99997e-01,9.47844e-01
1.619115441e+01,0.00000e+00,9.99999e-01,0.00000e+00,9.99997e-01,9.44122e-01
1.627211019e+01,0.00000e+00,9.99999e-01,0.00000e+00,9.99997e-01,9.40144e-01
1.635347074e+01,0.00000e+00,9.99999e-01,0.00000e+00,9.99997e-01,9.35887e-01
1.643523809e+01,0.00000e+00,9.99999e-01,0.00000e+00,9.99997e-01,9.31334e-01
1.651741428e+01,0.00000e+00,9.99999e-01,0.00000e+00,9.99997e-01,9.26464e-01
1.660000135e+01,0.00000e+00,9.99999e-01,0.00000e+00,9.99997e-01,9.21281e-01
1.668300136e+01,0.00000e+00,9.99999e-01,0.00000e+00,9.99997e-01,9.15719e-01
1.676641637e+01,0.00000e+00,9.99999e-01,0.00000e+00,9.99997e-01,9.09785e-01
1.685024845e+01,0.00000e+00,9.99999e-01,0.00000e+00,9.99997e-01,9.03449e-01
1.693449969e+01,0.00000e+00,9.99999e-01,0.00000e+00,9.99997e-01,8.96696e-01
1.701917219e+01,0.00000e+00,9.99999e-01,0.00000e+00,9.99997e-01,8.89494e-01
1.710426805e+01,0.00000e+00,9.99999e-01,0.00000e+00,9.99997e-01,8.81822e-01
1.718978939e+01,0.00000e+00,9.99999e-01,0.00000e+00,9.99997e-01,8.75040e-01
1.727573834e+01,0.00000e+00,9.99999e-01,0.00000e+00,9.99998e-01,8.67883e-01
1.736211703e+01,0.00000e+00,9.99999e-01,0.00000e+00,9.99998e-01,8.58830e-01
1.744892761e+01,0.00000e+00,9.99999e-01,0.00000e+00,9.99998e-01,8.49186e-01
1.753617225e+01,0.00000e+00,9.99999e-01,0.00000e+00,9.99998e-01,8.38959e-01
1.762385311e+01,0.00000e+00,9.99999e-01,0.00000e+00,9.99998e-01,8.28110e-01
1.771197238e+01,0.00000e+00,9.99999e-01,0.00000e+00,9.99998e-01,8.16603e-01
1.780053224e+01,0.00000e+00,9.99999e-01,0.00000e+00,9.99998e-01,8.06494e-01
1.788953490e+01,0.00000e+00,9.99999e-01,0.00000e+00,9.99998e-01,7.95885e-01
1.797898258e+01,0.00000e+00,9.99999e-01,0.00000e+00,9.99998e-01,7.82501e-01
1.806887749e+01,0.00000e+00,9.99999e-01,0.00000e+00,9.99998e-01,7.68378e-01
1.815922188e+01,0.00000e+00,9.99999e-01,0.00000e+00,9.99998e-01,7.56022e-01
1.825001799e+01,0.00000e+00,9.99999e-01,0.00000e+00,9.99998e-01,7.43098e-01
1.834126808e+01,0.00000e+00,9.99999e-01,0.00000e+00,9.99998e-01,7.26890e-01
1.843297442e+01,0.00000e+00,9.99999e-01,0.00000e+00,9.99998e-01,7.09879e-01
1.852513929e+01,0.00000e+00,9.99999e-01,0.00000e+00,9.99998e-01,6.95081e-01
1.861776499e+01,0.00000e+00,9.99999e-01,0.00000e+00,9.99998e-01,6.79651e-01
1.871085381e+01,0.00000e+00,9.99999e-01,0.00000e+00,9.99998e-01,6.60425e-01
1.880440808e+01,0.00000e+00,9.99999e-01,0.00000e+00,9.99998e-01,6.43793e-01
1.889843012e+01,0.00000e+00,9.99999e-01,0.00000e+00,9.99998e-01,6.26533e-01
1.899292227e+01,0.00000e+00,9.99999e-01,0.00000e+00,9.99998e-01,6.05157e-01
1.908788688e+01,0.00000e+00,9.99999e-01,0.00000e+00,9.99998e-01,5.86767e-01
1.918332632e+01,0.00000e+00,9.99999e-01,0.00000e+00,9.99998e-01,5.67777e-01
1.927924295e+01,0.00000e+00,9.99999e-01,0.00000e+00,9.99998e-01,5.48379e-01
1.937563916e+01,0.00000e+00,9.99999e-01,0.00000e+00,9.99998e-01,5.28416e-01
1.947251736e+01,0.00000e+00,9.99999e-01,0.00000e+00,9.99998e-01,5.08119e-01
1.956987994e+01,0.00000e+00,9.99999e-01,0.00000e+00,9.99998e-01,4.87365e-01
1.966772934e+01,0.00000e+00,9.99999e-01,0.00000e+00,9.99998e-01,4.62017e-01
1.976606799e+01,0.00000e+00,9.99999e-01,0.00000e+00,9.99998e-01,4.40638e-01
1.986489833e+01,0.00000e+00,9.99999e-01,0.00000e+00,9.99998e-01,4.18958e-01
1.996422282e+01,0.00000e+00,9.99999e-01,0.00000e+00,9.99998e-01,3.97246e-01
