#,Wave/freq,Total,N2,O2,CO2,H2O,Rayleigh,CIA
4.000000000e-01,8.94225e-23,9.99999e-01,9.99999e-01,9.99999e-01,9.99902e-01,8.94312e-23,9.99999e-01
4.020000000e-01,2.44015e-22,9.99999e-01,9.99999e-01,9.99999e-01,9.99939e-01,2.44030e-22,9.99999e-01
4.040100000e-01,6.52129e-22,9.99999e-01,9.99999e-01,9.99999e-01,9.99973e-01,6.52145e-22,9.99999e-01
4.060300500e-01,1.70927e-21,9.99999e-01,9.99999e-01,9.99999e-01,9.99993e-01,1.70928e-21,9.99999e-01
4.080602003e-01,4.39558e-21,9.99999e-01,9.99999e-01,9.99999e-01,9.99997e-01,4.39559e-21,9.99999e-01
4.101005013e-01,1.10948e-20,9.99999e-01,9.99999e-01,9.99999e-01,9.99999e-01,1.10948e-20,9.99999e-01
4.121510038e-01,2.74963e-20,9.99999e-01,9.99999e-01,9.99999e-01,9.99995e-01,2.74964e-20,9.99999e-01
4.142117588e-01,6.69325e-20,9.99999e-01,9.99999e-01,9.99999e-01,9.99972e-01,6.69343e-20,9.99999e-01
4.162828176e-01,1.60080e-19,9.99999e-01,9.99999e-01,9.99999e-01,9.99878e-01,1.60100e-19,9.99999e-01
4.183642317e-01,3.76373e-19,9.99999e-01,9.99999e-01,9.99999e-01,9.99927e-01,3.76400e-19,9.99999e-01
4.204560528e-01,8.70076e-19,9.99999e-01,9.99999e-01,9.99999e-01,9.99955e-01,8.70115e-19,9.99999e-01
4.225583331e-01,1.97837e-18,9.99999e-01,9.99999e-01,9.99999e-01,9.99983e-01,1.97840e-18,9.99999e-01
4.246711247e-01,4.42589e-18,9.99999e-01,9.99999e-01,9.99999e-01,9.99986e-01,4.42595e-18,9.99999e-01
4.267944804e-01,9.74501e-18,9.99999e-01,9.99999e-01,9.99999e-01,9.99980e-01,9.74520e-18,9.99999e-01
4.289284528e-01,2.11250e-17,9.99999e-01,9.99999e-01,9.99999e-01,9.99984e-01,2.11254e-17,9.99999e-01
4.310730950e-01,4.51001e-17,9.99999e-01,9.99999e-01,9.99999e-01,9.99993e-01,4.51004e-17,9.99999e-01
4.332284605e-01,9.48528e-17,9.99999e-01,9.99999e-01,9.99999e-01,9.99997e-01,9.48530e-17,9.99999e-01
4.353946028e-01,1.96582e-16,9.99999e-01,9.99999e-01,9.99999e-01,9.99998e-01,1.96582e-16,9.99999e-01
4.375715758e-01,4.01587e-16,9.99999e-01,9.99999e-01,9.99999e-01,9.99987e-01,4.01592e-16,9.99999e-01
4.397594337e-01,8.08821e-16,9.99999e-01,9.99999e-01,9.99999e-01,9.99892e-01,8.08907e-16,9.99999e-01
4.419582309e-01,1.60608e-15,9.99999e-01,9.99999e-01,9.99999e-01,9.99454e-01,1.60696e-15,9.99999e-01
4.441680220e-01,3.14805e-15,9.99999e-01,9.99999e-01,9.99999e-01,9.99580e-01,3.14937e-15,9.99999e-01
4.463888621e-01,6.08806e-15,9.99999e-01,9.99999e-01,9.99999e-01,9.99561e-01,6.09073e-15,9.99999e-01
4.486208064e-01,1.16236e-14,9.99999e-01,9.99999e-01,9.99999e-01,9.99728e-01,1.16267e-14,9.99999e-01
4.508639105e-01,2.19101e-14,9.99999e-01,9.99999e-01,9.99999e-01,9.99872e-01,2.19129e-14,9.99999e-01
4.531182300e-01,4.07833e-14,9.99999e-01,9.99999e-01,9.99999e-01,9.99949e-01,4.07853e-14,9.99999e-01
4.553838212e-01,7.49834e-14,9.99999e-01,9.99999e-01,9.99999e-01,9.99965e-01,7.49859e-14,9.99999e-01
4.576607403e-01,1.36215e-13,9.99999e-01,9.99999e-01,9.99999e-01,9.99983e-01,1.36217e-13,9.99999e-01
4.599490440e-01,2.44544e-13,9.99999e-01,9.99999e-01,9.99999e-01,9.99988e-01,2.44547e-13,9.99999e-01
4.622487892e-01,4.33983e-13,9.99999e-01,9.99999e-01,9.99999e-01,9.99997e-01,4.33984e-13,9.99999e-01
4.645600332e-01,7.61483e-13,9.99999e-01,9.99999e-01,9.99999e-01,9.99991e-01,7.61489e-13,9.99999e-01
4.668828333e-01,1.32122e-12,9.99999e-01,9.99999e-01,9.99999e-01,9.99870e-01,1.32139e-12,9.99999e-01
4.692172475e-01,2.26752e-12,9.99999e-01,9.99999e-01,9.99999e-01,9.99724e-01,2.26814e-12,9.99999e-01
4.715633337e-01,3.85120e-12,9.99999e-01,9.99999e-01,9.99999e-01,9.99819e-01,3.85189e-12,9.99999e-01
4.739211504e-01,6.47234e-12,9.99999e-01,9.99999e-01,9.99999e-01,9.99828e-01,6.47345e-12,9.99999e-01
4.762907561e-01,1.07673e-11,9.99999e-01,9.99999e-01,9.99999e-01,9.99910e-01,1.07682e-11,9.99999e-01
4.786722099e-01,1.77325e-11,9.99999e-01,9.99999e-01,9.99999e-01,9.99963e-01,1.77331e-11,9.99999e-01
4.810655710e-01,2.89164e-11,9.99999e-01,9.99999e-01,9.99999e-01,9.99988e-01,2.89167e-11,9.99999e-01
4.834708988e-01,4.66951e-11,9.99999e-01,9.99999e-01,9.99999e-01,9.99892e-01,4.67000e-11,9.99999e-01
4.858882533e-01,7.46947e-11,9.99999e-01,9.99999e-01,9.99999e-01,9.99805e-01,7.47092e-11,9.99999e-01
4.883176946e-01,1.18394e-10,9.99999e-01,9.99999e-01,9.99999e-01,9.99836e-01,1.18413e-10,9.99999e-01
4.907592831e-01,1.85956e-10,9.99999e-01,9.99999e-01,9.99999e-01,9.99852e-01,1.85984e-10,9.99999e-01
4.932130795e-01,2.89489e-10,9.99999e-01,9.99999e-01,9.99999e-01,9.99895e-01,2.89519e-10,9.99999e-01
4.956791449e-01,4.46744e-10,9.99999e-01,9.99999e-01,9.99999e-01,9.99944e-01,4.46768e-10,9.99999e-01
4.981575406e-01,6.83354e-10,9.99999e-01,9.99999e-01,9.99999e-01,9.99722e-01,6.83544e-10,9.99999e-01
5.006483283e-01,1.03630e-09,9.99999e-01,9.99999e-01,9.99999e-01,9.99278e-01,1.03706e-09,9.99994e-01
5.031515699e-01,1.55477e-09,9.99999e-01,9.99999e-01,9.99999e-01,9.96369e-01,1.56050e-09,9.99961e-01
5.056673278e-01,2.32470e-09,9.99999e-01,9.99999e-01,9.99999e-01,9.98086e-01,2.32926e-09,9.99955e-01
5.081956644e-01,3.44093e-09,9.99999e-01,9.99999e-01,9.99999e-01,9.97587e-01,3.44934e-09,9.99973e-01
5.107366428e-01,5.06031e-09,9.99999e-01,9.99999e-01,9.99999e-01,9.98371e-01,5.06859e-09,9.99994e-01
5.132903260e-01,7.38468e-09,9.99999e-01,9.99999e-01,9.99999e-01,9.99069e-01,7.39156e-09,9.99998e-01
5.158567776e-01,1.06949e-08,9.99999e-01,9.99999e-01,9.99999e-01,9.99607e-01,1.06991e-08,9.99999e-01
5.184360615e-01,1.53716e-08,9.99999e-01,9.99999e-01,9.99999e-01,9.99842e-01,1.53741e-08,9.99999e-01
5.210282418e-01,2.19328e-08,9.99999e-01,9.99999e-01,9.99999e-01,9.99940e-01,2.19341e-08,9.99999e-01
5.236333830e-01,3.10669e-08,9.99999e-01,9.99999e-01,9.99999e-01,9.99762e-01,3.10743e-08,9.99997e-01
5.262515499e-01,4.37149e-08,9.99999e-01,9.99999e-01,9.99999e-01,9.99851e-01,4.37214e-08,9.99997e-01
5.288828077e-01,6.10941e-08,9.99999e-01,9.99999e-01,9.99999e-01,9.99863e-01,6.11025e-08,9.99998e-01
5.315272217e-01,8.48204e-08,9.99999e-01,9.99999e-01,9.99999e-01,9.99880e-01,8.48305e-08,9.99999e-01
5.341848578e-01,1.17003e-07,9.99999e-01,9.99999e-01,9.99999e-01,9.99921e-01,1.17012e-07,9.99999e-01
5.368557821e-01,1.60336e-07,9.99999e-01,9.99999e-01,9.99999e-01,9.99722e-01,1.60380e-07,9.99998e-01
5.395400610e-01,2.18236e-07,9.99999e-01,9.99999e-01,9.99999e-01,9.98997e-01,2.18457e-07,9.99990e-01
5.422377613e-01,2.95367e-07,9.99999e-01,9.99999e-01,9.99999e-01,9.98717e-01,2.95753e-07,9.99975e-01
5.449489501e-01,3.97524e-07,9.99999e-01,9.99999e-01,9.99999e-01,9.98801e-01,3.98011e-07,9.99975e-01
5.476736949e-01,5.31924e-07,9.99999e-01,9.99999e-01,9.99999e-01,9.98944e-01,5.32492e-07,9.99987e-01
5.504120634e-01,7.07782e-07,9.99999e-01,9.99999e-01,9.99999e-01,9.99233e-01,7.08327e-07,9.99996e-01
5.531641237e-01,9.36568e-07,9.99999e-01,9.99999e-01,9.99999e-01,9.99614e-01,9.36929e-07,9.99999e-01
5.559299443e-01,1.23225e-06,9.99999e-01,9.99999e-01,9.99999e-01,9.99813e-01,1.23248e-06,9.99999e-01
5.587095940e-01,1.61232e-06,9.99999e-01,9.99999e-01,9.99999e-01,9.99882e-01,1.61251e-06,9.99999e-01
5.615031420e-01,2.09827e-06,9.99999e-01,9.99999e-01,9.99999e-01,9.99869e-01,2.09855e-06,9.99999e-01
5.643106577e-01,2.71650e-06,9.99999e-01,9.99999e-01,9.99999e-01,9.99850e-01,2.71691e-06,9.99998e-01
5.671322110e-01,3.49316e-06,9.99999e-01,9.99999e-01,9.99999e-01,9.98183e-01,3.49958e-06,9.99983e-01
5.699678720e-01,4.47651e-06,9.99999e-01,9.99999e-01,9.99999e-01,9.98103e-01,4.48523e-06,9.99950e-01
5.728177114e-01,5.70877e-06,9.99999e-01,9.99999e-01,9.99999e-01,9.98009e-01,5.72038e-06,9.99958e-01
5.756818000e-01,7.24730e-06,9.99999e-01,9.99999e-01,9.99999e-01,9.98175e-01,7.26071e-06,9.99975e-01
5.785602090e-01,9.15787e-06,9.99999e-01,9.99999e-01,9.99999e-01,9.98412e-01,9.17249e-06,9.99992e-01
5.814530100e-01,1.15158e-05,9.99999e-01,9.99999e-01,9.99999e-01,9.98402e-01,1.15343e-05,9.99996e-01
5.843602750e-01,1.44109e-05,9.99999e-01,9.99999e-01,9.99999e-01,9.98086e-01,1.44387e-05,9.99988e-01
5.872820764e-01,1.76985e-05,9.99999e-01,9.99999e-01,9.99999e-01,9.83665e-01,1.79945e-05,9.99884e-01
5.902184868e-01,2.18823e-05,9.99999e-01,9.99999e-01,9.99999e-01,9.80318e-01,2.23287e-05,9.99685e-01
5.931695792e-01,2.71958e-05,9.99999e-01,9.99999e-01,9.99999e-01,9.86049e-01,2.75889e-05,9.99697e-01
5.961354271e-01,3.34219e-05,9.99999e-01,9.99999e-01,9.99999e-01,9.84724e-01,3.39462e-05,9.99825e-01
5.991161043e-01,4.11313e-05,9.99999e-01,9.99999e-01,9.99999e-01,9.88840e-01,4.15977e-05,9.99945e-01
6.021116848e-01,5.04473e-05,9.99999e-01,9.99999e-01,9.99999e-01,9.93658e-01,5.07695e-05,9.99993e-01
6.051222432e-01,6.15220e-05,9.99999e-01,9.99999e-01,9.99999e-01,9.96787e-01,6.17203e-05,9.99999e-01
6.081478544e-01,7.46405e-05,9.99999e-01,9.99999e-01,9.99999e-01,9.98612e-01,7.47442e-05,9.99999e-01
6.111885937e-01,9.01218e-05,9.99999e-01,9.99999e-01,9.99999e-01,9.99413e-01,9.01747e-05,9.99999e-01
6.142445367e-01,1.08360e-04,9.99999e-01,9.99999e-01,9.99999e-01,9.99737e-01,1.08388e-04,9.99999e-01
6.173157594e-01,1.29789e-04,9.99999e-01,9.99999e-01,9.99999e-01,9.99854e-01,1.29808e-04,9.99999e-01
6.204023382e-01,1.54888e-04,9.99999e-01,9.99999e-01,9.99999e-01,9.99876e-01,1.54908e-04,9.99999e-01
6.235043498e-01,1.84115e-04,9.99999e-01,9.99999e-01,9.99999e-01,9.99453e-01,1.84216e-04,9.99998e-01
6.266218716e-01,2.17693e-04,9.99999e-01,9.99999e-01,9.99999e-01,9.97140e-01,2.18322e-04,9.99979e-01
6.297549810e-01,2.57594e-04,9.99999e-01,9.99999e-01,9.99999e-01,9.98950e-01,2.57875e-04,9.99959e-01
6.329037559e-01,3.02956e-04,9.99999e-01,9.99999e-01,9.99999e-01,9.97930e-01,3.03594e-04,9.99967e-01
6.360682746e-01,3.55631e-04,9.99999e-01,9.99999e-01,9.99999e-01,9.98232e-01,3.56267e-04,9.99980e-01
6.392486160e-01,4.15804e-04,9.99999e-01,9.99999e-01,9.99999e-01,9.97712e-01,4.16761e-04,9.99991e-01
6.424448591e-01,4.84516e-04,9.99999e-01,9.99999e-01,9.99999e-01,9.96922e-01,4.86018e-04,9.99984e-01
6.456570834e-01,5.56996e-04,9.99999e-01,9.99999e-01,9.99999e-01,9.85801e-01,5.65066e-04,9.99913e-01
6.488853688e-01,6.48108e-04,9.99999e-01,9.99999e-01,9.99999e-01,9.89668e-01,6.55018e-04,9.99779e-01
6.521297956e-01,7.48974e-04,9.99999e-01,9.99999e-01,9.99999e-01,9.89475e-01,7.57077e-04,9.99817e-01
6.553904446e-01,8.63238e-04,9.99999e-01,9.99999e-01,9.99999e-01,9.89473e-01,8.72539e-04,9.99864e-01
6.586673968e-01,9.93735e-04,9.99999e-01,9.99999e-01,9.99999e-01,9.91009e-01,1.00279e-03,9.99954e-01
6.619607338e-01,1.14355e-03,9.99999e-01,9.99999e-01,9.99999e-01,9.94978e-01,1.14933e-03,9.99989e-01
6.652705375e-01,1.30977e-03,9.99999e-01,9.99999e-01,9.99999e-01,9.96983e-01,1.31374e-03,9.99994e-01
6.685968902e-01,1.49578e-03,9.99999e-01,9.99999e-01,9.99999e-01,9.98717e-01,1.49770e-03,9.99998e-01
6.719398746e-01,1.70191e-03,9.99999e-01,9.99999e-01,9.99999e-01,9.99350e-01,1.70301e-03,9.99999e-01
6.752995740e-01,1.93090e-03,9.99999e-01,9.99999e-01,9.99999e-01,9.99656e-01,1.93156e-03,9.99999e-01
6.786760719e-01,2.18421e-03,9.99999e-01,9.99999e-01,9.99999e-01,9.99486e-01,2.18534e-03,9.99998e-01
6.820694522e-01,2.46427e-03,9.99999e-01,9.99999e-01,9.99999e-01,9.99126e-01,2.46643e-03,9.99994e-01
6.854797995e-01,2.77389e-03,9.99999e-01,9.99999e-01,9.99999e-01,9.98872e-01,2.77704e-03,9.99989e-01
6.889071985e-01,3.11079e-03,9.99999e-01,9.99999e-01,9.99999e-01,9.97247e-01,3.11945e-03,9.99975e-01
6.923517345e-01,3.34276e-03,9.99999e-01,9.99999e-01,9.99999e-01,9.56361e-01,3.49604e-03,9.99786e-01
6.958134932e-01,3.81917e-03,9.99999e-01,9.99999e-01,9.99999e-01,9.77409e-01,3.90928e-03,9.99527e-01
6.992925606e-01,4.26472e-03,9.99999e-01,9.99999e-01,9.99999e-01,9.78173e-01,4.36173e-03,9.99574e-01
7.027890234e-01,4.72462e-03,9.99999e-01,9.99999e-01,9.99999e-01,9.73255e-01,4.85603e-03,9.99674e-01
7.063029686e-01,5.27230e-03,9.99999e-01,9.99999e-01,9.99999e-01,9.77433e-01,5.39489e-03,9.99837e-01
7.098344834e-01,5.85095e-03,9.99999e-01,9.99999e-01,9.99999e-01,9.78330e-01,5.98111e-03,9.99903e-01
7.133836558e-01,6.42491e-03,9.99999e-01,9.99999e-01,9.99999e-01,9.71075e-01,6.61753e-03,9.99809e-01
7.169505741e-01,5.79347e-03,9.99999e-01,9.99999e-01,9.99999e-01,7.94044e-01,7.30706e-03,9.98505e-01
7.205353270e-01,7.17851e-03,9.99999e-01,9.99999e-01,9.99999e-01,8.93800e-01,8.05265e-03,9.97365e-01
7.241380036e-01,7.64808e-03,9.99999e-01,9.99999e-01,9.99999e-01,8.65445e-01,8.85731e-03,9.97724e-01
7.277586936e-01,8.52070e-03,9.99999e-01,9.99999e-01,9.99999e-01,8.77881e-01,9.72406e-03,9.98139e-01
7.313974871e-01,9.26830e-03,9.99999e-01,9.99999e-01,9.99999e-01,8.70533e-01,1.06560e-02,9.99127e-01
7.350544745e-01,1.07991e-02,9.99999e-01,9.99999e-01,9.99999e-01,9.26760e-01,1.16561e-02,9.99696e-01
7.387297469e-01,1.20316e-02,9.99999e-01,9.99999e-01,9.99999e-01,9.45452e-01,1.27275e-02,9.99860e-01
7.424233956e-01,1.34975e-02,9.99999e-01,9.99999e-01,9.99999e-01,9.72935e-01,1.38733e-02,9.99975e-01
7.461355126e-01,1.48472e-02,9.99999e-01,9.99999e-01,9.99999e-01,9.83489e-01,1.50965e-02,9.99995e-01
7.498661902e-01,1.62737e-02,9.99999e-01,9.99999e-01,9.99999e-01,9.92293e-01,1.64001e-02,9.99997e-01
7.536155211e-01,1.77197e-02,9.99999e-01,9.99999e-01,9.99999e-01,9.96204e-01,1.77872e-02,9.99998e-01
7.573835987e-01,1.92231e-02,9.99999e-01,9.99999e-01,9.99999e-01,9.98045e-01,1.92607e-02,9.99999e-01
7.611705167e-01,2.07983e-02,9.99999e-01,9.99999e-01,9.99999e-01,9.98784e-01,2.08236e-02,9.99999e-01
7.649763693e-01,2.24614e-02,9.99999e-01,9.99999e-01,9.99999e-01,9.99237e-01,2.24785e-02,9.99999e-01
7.688012511e-01,2.42155e-02,9.99999e-01,9.99999e-01,9.99999e-01,9.99468e-01,2.42284e-02,9.99999e-01
7.726452574e-01,2.60644e-02,9.99999e-01,9.99999e-01,9.99999e-01,9.99562e-01,2.60758e-02,9.99999e-01
7.765084837e-01,2.80059e-02,9.99999e-01,9.99999e-01,9.99999e-01,9.99375e-01,2.80234e-02,9.99998e-01
7.803910261e-01,2.63726e-02,9.99999e-01,9.99999e-01,8.79052e-01,9.97299e-01,3.00737e-02,9.99996e-01
7.842929812e-01,1.64916e-02,9.99999e-01,9.99999e-01,5.15773e-01,9.90606e-01,3.22289e-02,9.99982e-01
7.882144461e-01,1.69279e-02,9.99999e-01,9.99999e-01,4.99124e-01,9.80844e-01,3.44915e-02,9.99867e-01
7.921555184e-01,2.34778e-02,9.99999e-01,9.99999e-01,6.43157e-01,9.89492e-01,3.68634e-02,9.99769e-01
7.961162960e-01,2.86204e-02,9.99999e-01,9.99999e-01,7.40812e-01,9.81366e-01,3.93468e-02,9.99780e-01
8.000968774e-01,3.48645e-02,9.99999e-01,9.99999e-01,8.49398e-01,9.78561e-01,4.19433e-02,9.99766e-01
8.040973618e-01,4.01528e-02,9.99999e-01,9.99999e-01,9.18878e-01,9.78543e-01,4.46549e-02,9.99821e-01
8.081178486e-01,4.34914e-02,9.99999e-01,9.99999e-01,9.61731e-01,9.52249e-01,4.74829e-02,9.99819e-01
8.121584379e-01,4.07232e-02,9.99999e-01,9.99999e-01,9.88101e-01,8.17378e-01,5.04288e-02,9.99317e-01
8.162192301e-01,4.19992e-02,9.99999e-01,9.99999e-01,9.97359e-01,7.89048e-01,5.34939e-02,9.97436e-01
8.203003262e-01,5.03090e-02,9.99999e-01,9.99999e-01,9.99962e-01,8.90300e-01,5.66792e-02,9.96998e-01
8.244018279e-01,5.11110e-02,9.99999e-01,9.99999e-01,9.99999e-01,8.54096e-01,5.99855e-02,9.97610e-01
8.285238370e-01,5.48552e-02,9.99999e-01,9.99999e-01,9.99999e-01,8.66663e-01,6.34137e-02,9.98122e-01
8.326664562e-01,5.79446e-02,9.99999e-01,9.99999e-01,9.99999e-01,8.65978e-01,6.69642e-02,9.99223e-01
8.368297885e-01,6.36828e-02,9.99999e-01,9.99999e-01,9.99999e-01,9.01702e-01,7.06375e-02,9.99822e-01
8.410139374e-01,6.99811e-02,9.99999e-01,9.99999e-01,9.99999e-01,9.40277e-01,7.44337e-02,9.99895e-01
8.452190071e-01,7.60162e-02,9.99999e-01,9.99999e-01,9.99999e-01,9.70236e-01,7.83529e-02,9.99937e-01
8.494451021e-01,8.09548e-02,9.99999e-01,9.99999e-01,9.99999e-01,9.82570e-01,8.23949e-02,9.99949e-01
8.536923276e-01,8.56636e-02,9.99999e-01,9.99999e-01,9.99999e-01,9.89680e-01,8.65593e-02,9.99969e-01
8.579607893e-01,9.02656e-02,9.99999e-01,9.99999e-01,9.99999e-01,9.93620e-01,9.08457e-02,9.99992e-01
8.622505932e-01,9.48675e-02,9.99999e-01,9.99999e-01,9.99999e-01,9.95949e-01,9.52534e-02,9.99998e-01
8.665618462e-01,8.36853e-02,9.99999e-01,9.99999e-01,8.40637e-01,9.97486e-01,9.97815e-02,9.99998e-01
8.708946554e-01,2.09570e-02,9.99999e-01,9.99999e-01,2.01195e-01,9.97118e-01,1.04429e-01,9.99997e-01
8.752491287e-01,2.77439e-02,9.99999e-01,9.99999e-01,2.54970e-01,9.96148e-01,1.09195e-01,9.99995e-01
8.796253743e-01,5.23439e-02,9.99999e-01,9.99999e-01,4.61039e-01,9.94659e-01,1.14078e-01,9.99987e-01
8.840235012e-01,7.82708e-02,9.99999e-01,9.99999e-01,6.61106e-01,9.93905e-01,1.19076e-01,9.99962e-01
8.884436187e-01,1.03097e-01,9.99999e-01,9.99999e-01,8.48242e-01,9.77828e-01,1.24187e-01,9.99894e-01
8.928858368e-01,9.62908e-02,9.99999e-01,9.99999e-01,9.35080e-01,7.94023e-01,1.29411e-01,9.99390e-01
8.973502660e-01,8.84964e-02,9.99999e-01,9.99999e-01,9.83879e-01,6.68642e-01,1.34745e-01,9.96882e-01
9.018370173e-01,1.13537e-01,9.99999e-01,9.99999e-01,9.98213e-01,8.15148e-01,1.40187e-01,9.95102e-01
9.063462024e-01,1.16214e-01,9.99999e-01,9.99999e-01,9.55565e-01,8.32874e-01,1.45734e-01,9.95696e-01
9.108779334e-01,1.02648e-01,9.99999e-01,9.99999e-01,8.99689e-01,7.52924e-01,1.51385e-01,9.95528e-01
9.154323231e-01,1.10744e-01,9.99999e-01,9.99999e-01,9.75629e-01,7.23401e-01,1.57137e-01,9.96302e-01
9.200094847e-01,9.87152e-02,9.99999e-01,9.99999e-01,7.47901e-01,7.77343e-01,1.62987e-01,9.97928e-01
9.246095321e-01,7.10680e-02,9.99999e-01,9.99999e-01,5.99046e-01,6.84376e-01,1.68934e-01,9.97613e-01
9.292325798e-01,1.35821e-02,9.99999e-01,9.99999e-01,6.75514e-01,1.04980e-01,1.74973e-01,9.88533e-01
9.338787427e-01,6.73719e-03,9.99999e-01,9.99999e-01,6.80796e-01,5.19577e-02,1.81102e-01,9.59169e-01
9.385481364e-01,4.21687e-02,9.99999e-01,9.99999e-01,7.50973e-01,2.98855e-01,1.87319e-01,9.55231e-01
9.432408771e-01,3.21895e-02,9.99999e-01,9.99999e-01,8.38010e-01,2.00489e-01,1.93620e-01,9.61257e-01
9.479570815e-01,1.87730e-02,9.99999e-01,9.99999e-01,9.13039e-01,1.04599e-01,2.00002e-01,9.68352e-01
9.526968669e-01,3.37235e-02,9.99999e-01,9.99999e-01,9.57210e-01,1.72275e-01,2.06462e-01,9.80576e-01
9.574603512e-01,3.85681e-02,9.99999e-01,9.99999e-01,9.81450e-01,1.85542e-01,2.12997e-01,9.90085e-01
9.622476530e-01,5.34632e-02,9.99999e-01,9.99999e-01,9.94178e-01,2.46249e-01,2.19604e-01,9.93133e-01
9.670588912e-01,9.89500e-02,9.99999e-01,9.99999e-01,9.98254e-01,4.39966e-01,2.26279e-01,9.95299e-01
9.718941857e-01,1.35884e-01,9.99999e-01,9.99999e-01,9.99878e-01,5.85221e-01,2.33019e-01,9.96537e-01
9.767536566e-01,1.53130e-01,9.99999e-01,9.99999e-01,9.99999e-01,6.40212e-01,2.39821e-01,9.97352e-01
9.816374249e-01,1.76703e-01,9.99999e-01,9.99999e-01,9.99999e-01,7.16977e-01,2.46681e-01,9.99082e-01
9.865456120e-01,2.05749e-01,9.99999e-01,9.99999e-01,9.99999e-01,8.11479e-01,2.53596e-01,9.99808e-01
9.914783401e-01,2.28865e-01,9.99999e-01,9.99999e-01,9.99999e-01,8.78395e-01,2.60563e-01,9.99946e-01
9.964357318e-01,2.49324e-01,9.99999e-01,9.99999e-01,9.99999e-01,9.31808e-01,2.67578e-01,9.99968e-01
1.001417910e+00,2.63234e-01,9.99999e-01,9.99999e-01,9.99999e-01,9.58523e-01,2.74637e-01,9.99952e-01
1.006425000e+00,2.74985e-01,9.99999e-01,9.99999e-01,9.99999e-01,9.76097e-01,2.81738e-01,9.99932e-01
1.011457125e+00,2.84562e-01,9.99999e-01,9.99999e-01,9.99999e-01,9.85124e-01,2.88876e-01,9.99937e-01
1.016514411e+00,2.93037e-01,9.99999e-01,9.99999e-01,9.99999e-01,9.89867e-01,2.96049e-01,9.99955e-01
1.021596983e+00,3.00708e-01,9.99999e-01,9.99999e-01,9.99728e-01,9.91914e-01,3.03254e-01,9.99956e-01
1.026704968e+00,3.02966e-01,9.99999e-01,9.99999e-01,9.81969e-01,9.93686e-01,3.10486e-01,9.99972e-01
1.031838492e+00,2.75956e-01,9.99999e-01,9.99999e-01,8.72221e-01,9.95414e-01,3.17742e-01,9.99991e-01
1.036997685e+00,9.53855e-03,9.99999e-01,9.99999e-01,2.94077e-02,9.97269e-01,3.25020e-01,9.99998e-01
1.042182673e+00,1.45044e-04,9.99999e-01,9.99999e-01,4.37492e-04,9.96737e-01,3.32316e-01,9.99998e-01
1.047393587e+00,4.21192e-04,9.99999e-01,9.99999e-01,1.24449e-03,9.95681e-01,3.39627e-01,9.99998e-01
1.052630555e+00,1.11560e-09,9.99999e-01,9.99999e-01,3.22720e-09,9.94072e-01,3.46949e-01,9.99997e-01
1.057893707e+00,4.20912e-09,9.99999e-01,9.99999e-01,1.19367e-08,9.90114e-01,3.54280e-01,9.99996e-01
1.063183176e+00,6.63249e-07,9.99999e-01,9.99999e-01,1.85010e-06,9.83802e-01,3.61616e-01,9.99991e-01
1.068499092e+00,1.32122e-05,9.99999e-01,9.99999e-01,3.63600e-05,9.73060e-01,3.68955e-01,9.99981e-01
1.073841587e+00,4.54134e-04,9.99999e-01,9.99999e-01,1.23230e-03,9.68558e-01,3.76294e-01,9.99959e-01
1.079210795e+00,5.77984e-03,9.99999e-01,9.99999e-01,1.55225e-02,9.59931e-01,3.83629e-01,9.99890e-01
1.084606849e+00,3.34757e-02,9.99999e-01,9.99999e-01,9.01788e-02,9.39992e-01,3.90958e-01,9.99737e-01
1.090029883e+00,1.03578e-01,9.99999e-01,9.99999e-01,2.81511e-01,9.14889e-01,3.98278e-01,9.99455e-01
1.095480033e+00,1.71682e-01,9.99999e-01,9.99999e-01,5.33320e-01,7.85328e-01,4.05587e-01,9.99016e-01
1.100957433e+00,1.68443e-01,9.99999e-01,9.99999e-01,7.36555e-01,5.46992e-01,4.12881e-01,9.98190e-01
1.106462220e+00,8.80912e-02,9.99999e-01,9.99999e-01,8.80980e-01,2.34771e-01,4.20159e-01,9.96932e-01
1.111994531e+00,2.15786e-02,9.99999e-01,9.99999e-01,9.54010e-01,5.27699e-02,4.27417e-01,9.91877e-01
1.117554504e+00,4.52886e-03,9.99999e-01,9.99999e-01,9.88611e-01,1.07914e-02,4.34654e-01,9.70985e-01
1.123142276e+00,1.96763e-02,9.99999e-01,9.99999e-01,9.99251e-01,4.77526e-02,4.41867e-01,9.32559e-01
1.128757988e+00,4.63078e-02,9.99999e-01,9.99999e-01,9.99999e-01,1.11798e-01,4.49053e-01,9.22403e-01
1.134401778e+00,2.20474e-02,9.99999e-01,9.99999e-01,9.99999e-01,5.17629e-02,4.56211e-01,9.33623e-01
1.140073787e+00,1.09480e-01,9.99999e-01,9.99999e-01,9.99999e-01,2.49613e-01,4.63338e-01,9.46602e-01
1.145774156e+00,3.25657e-02,9.99999e-01,9.99999e-01,9.99999e-01,7.27910e-02,4.70433e-01,9.51009e-01
1.151503026e+00,2.51580e-02,9.99999e-01,9.99999e-01,9.99999e-01,5.41829e-02,4.77492e-01,9.72405e-01
1.157260541e+00,3.33105e-02,9.99999e-01,9.99999e-01,9.99999e-01,6.93277e-02,4.84515e-01,9.91667e-01
1.163046844e+00,6.68969e-02,9.99999e-01,9.99999e-01,9.99999e-01,1.36431e-01,4.91500e-01,9.97631e-01
1.168862078e+00,1.17911e-01,9.99999e-01,9.99999e-01,9.99999e-01,2.36846e-01,4.98444e-01,9.98778e-01
1.174706389e+00,2.06217e-01,9.99999e-01,9.99999e-01,9.99999e-01,4.08731e-01,5.05347e-01,9.98381e-01
1.180579921e+00,2.94889e-01,9.99999e-01,9.99999e-01,9.99999e-01,5.77135e-01,5.12206e-01,9.97554e-01
1.186482820e+00,3.78022e-01,9.99999e-01,9.99999e-01,9.99960e-01,7.30193e-01,5.19019e-01,9.97489e-01
1.192415234e+00,4.11706e-01,9.99999e-01,9.99999e-01,9.40485e-01,8.31552e-01,5.25786e-01,9.98119e-01
1.198377311e+00,2.26569e-01,9.99999e-01,9.99999e-01,4.84887e-01,8.55973e-01,5.32505e-01,9.98223e-01
1.204369197e+00,1.47971e-45,9.99999e-01,9.99999e-01,2.99335e-45,8.63855e-01,5.39175e-01,9.98392e-01
1.210391043e+00,3.53552e-188,9.99999e-01,9.99999e-01,7.01254e-188,8.69040e-01,5.45794e-01,9.99021e-01
1.216442998e+00,1.13546e-162,9.99999e-01,9.99999e-01,2.21541e-162,8.87596e-01,5.52361e-01,9.99400e-01
1.222525213e+00,3.35826e-160,9.99999e-01,9.99999e-01,6.30739e-160,9.11065e-01,5.58875e-01,9.99627e-01
1.228637839e+00,2.54772e-123,9.99999e-01,9.99999e-01,4.70796e-123,9.37301e-01,5.65335e-01,9.99826e-01
1.234781029e+00,3.15574e-76,9.99999e-01,9.99999e-01,5.63580e-76,9.53102e-01,5.71740e-01,9.99950e-01
1.240954934e+00,3.14230e-50,9.99999e-01,9.99999e-01,5.53635e-50,9.70059e-01,5.78089e-01,9.99985e-01
1.247159708e+00,1.64437e-23,9.99999e-01,9.99999e-01,2.85349e-23,9.76611e-01,5.84380e-01,9.99990e-01
1.253395507e+00,5.04317e-16,9.99999e-01,9.99999e-01,8.66281e-16,9.79188e-01,5.90614e-01,9.99987e-01
1.259662485e+00,2.92692e-09,9.99999e-01,9.99999e-01,4.97282e-09,9.80190e-01,5.96790e-01,9.99981e-01
1.265960797e+00,2.14516e-05,9.99999e-01,9.99999e-01,3.62668e-05,9.68593e-01,6.02906e-01,9.99968e-01
1.272290601e+00,3.80893e-03,9.99999e-01,9.99999e-01,6.49184e-03,9.51038e-01,6.08962e-01,9.99945e-01
1.278652054e+00,3.86814e-03,9.99999e-01,9.99999e-01,6.67443e-03,9.05362e-01,6.14957e-01,9.99903e-01
1.285045314e+00,4.40426e-07,9.99999e-01,9.99999e-01,7.62498e-07,8.35638e-01,6.20891e-01,9.99819e-01
1.291470541e+00,1.71710e-21,9.99999e-01,9.99999e-01,3.24242e-21,7.31837e-01,6.26764e-01,9.99683e-01
1.297927893e+00,4.84005e-07,9.99999e-01,9.99999e-01,9.19556e-07,6.43330e-01,6.32575e-01,9.99409e-01
1.304417533e+00,3.91751e-05,9.99999e-01,9.99999e-01,8.89129e-05,5.97526e-01,6.38323e-01,9.98748e-01
1.310939621e+00,9.02802e-06,9.99999e-01,9.99999e-01,1.95902e-05,5.22201e-01,6.44008e-01,9.97433e-01
1.317494319e+00,2.01431e-64,9.99999e-01,9.99999e-01,4.43268e-64,5.29582e-01,6.49630e-01,9.95257e-01
1.324081790e+00,3.24184e-41,9.99999e-01,9.99999e-01,7.71671e-41,3.94133e-01,6.55189e-01,9.92268e-01
1.330702199e+00,7.22666e-25,9.99999e-01,9.99999e-01,3.18633e-24,8.09365e-02,6.60684e-01,9.86705e-01
1.337355710e+00,1.22237e-24,9.99999e-01,9.99999e-01,7.82991e-22,3.46950e-04,6.66115e-01,9.74554e-01
1.344042489e+00,3.30414e-26,9.99999e-01,9.99999e-01,4.99396e-22,3.19510e-06,6.71482e-01,9.25303e-01
1.350762701e+00,2.35906e-41,9.99999e-01,9.99999e-01,1.40559e-24,2.11695e-18,6.76785e-01,7.66593e-01
1.357516515e+00,4.06327e-40,9.99999e-01,9.99999e-01,2.08419e-14,2.10917e-27,6.82025e-01,4.58377e-01
1.364304097e+00,1.90635e-26,9.99999e-01,9.99999e-01,1.09231e-10,8.26217e-17,6.87200e-01,2.54840e-01
1.371125618e+00,1.69809e-15,9.99999e-01,9.99999e-01,8.81840e-06,2.36970e-10,6.92310e-01,2.75568e-01
1.377981246e+00,3.28093e-14,9.99999e-01,9.99999e-01,3.86082e-05,7.25670e-10,6.97357e-01,3.31259e-01
1.384871152e+00,7.75987e-17,9.99999e-01,9.99999e-01,2.53066e-03,4.79345e-14,7.02340e-01,3.57176e-01
1.391795508e+00,2.19547e-19,9.99999e-01,9.99999e-01,4.30555e-03,4.90659e-17,7.07259e-01,3.74800e-01
1.398754485e+00,5.32682e-15,9.99999e-01,9.99999e-01,2.97811e-02,3.41154e-13,7.12114e-01,4.44571e-01
1.405748258e+00,2.02462e-14,9.99999e-01,9.99999e-01,7.93447e-02,3.67246e-13,7.16906e-01,6.22570e-01
1.412776999e+00,1.30778e-13,9.99999e-01,9.99999e-01,1.97493e-01,6.91845e-13,7.21634e-01,8.05438e-01
1.419840884e+00,2.37034e-13,9.99998e-01,9.99999e-01,1.98652e-01,1.10681e-12,7.26300e-01,9.09490e-01
1.426940089e+00,1.16360e-09,9.99998e-01,9.99999e-01,5.31800e-03,1.02435e-08,7.30902e-01,9.30460e-01
1.434074789e+00,0.00000e+00,9.99998e-01,9.99999e-01,0.00000e+00,1.35546e-07,7.35442e-01,9.18464e-01
1.441245163e+00,0.00000e+00,9.99999e-01,9.99999e-01,0.00000e+00,2.35887e-06,7.39919e-01,9.11992e-01
1.448451389e+00,0.00000e+00,9.99998e-01,9.99999e-01,0.00000e+00,1.63535e-04,7.44334e-01,9.22504e-01
1.455693646e+00,0.00000e+00,9.99999e-01,9.99999e-01,0.00000e+00,2.66065e-03,7.48688e-01,9.39164e-01
1.462972114e+00,0.00000e+00,9.99999e-01,9.99999e-01,0.00000e+00,3.87210e-03,7.52981e-01,9.41896e-01
1.470286975e+00,1.55214e-314,9.99999e-01,9.99999e-01,1.45974e-312,1.74734e-03,7.57212e-01,9.42857e-01
1.477638409e+00,1.68072e-197,9.99999e-01,9.99999e-01,1.54223e-195,2.90357e-03,7.61383e-01,9.61055e-01
1.485026601e+00,1.49609e-109,9.99999e-01,9.99999e-01,8.15245e-108,6.51363e-03,7.65494e-01,9.81884e-01
1.492451734e+00,6.27210e-93,9.99999e-01,9.99999e-01,1.24491e-91,2.58777e-02,7.69546e-01,9.92042e-01
1.499913993e+00,3.68104e-39,9.99999e-01,9.99999e-01,2.23153e-38,7.69560e-02,7.73538e-01,9.96559e-01
1.507413563e+00,8.66534e-38,9.99999e-01,9.99999e-01,4.50351e-37,1.53087e-01,7.77471e-01,9.98383e-01
1.514950631e+00,2.49198e-39,9.99999e-01,9.99999e-01,7.12068e-39,3.01202e-01,7.81346e-01,9.99244e-01
1.522525384e+00,1.21037e-138,9.99999e-01,9.99999e-01,2.64928e-138,4.56228e-01,7.85164e-01,9.99721e-01
1.530138011e+00,0.00000e+00,9.99999e-01,9.99999e-01,0.00000e+00,5.59447e-01,7.88924e-01,9.99903e-01
1.537788701e+00,1.85119e-246,9.99999e-01,9.99999e-01,2.91991e-246,7.18171e-01,7.92627e-01,9.99956e-01
1.545477645e+00,3.36746e-50,9.99999e-01,9.99999e-01,4.88027e-50,8.10030e-01,7.96274e-01,9.99976e-01
1.553205033e+00,8.45167e-37,9.99999e-01,9.99999e-01,1.18578e-36,8.41250e-01,7.99865e-01,9.99986e-01
1.560971058e+00,9.01603e-37,9.99999e-01,9.99999e-01,1.19021e-36,8.98682e-01,8.03401e-01,9.99990e-01
1.568775913e+00,0.00000e+00,9.99999e-01,9.99999e-01,0.00000e+00,9.31686e-01,8.06882e-01,9.99991e-01
1.576619793e+00,0.00000e+00,9.99999e-01,9.99999e-01,0.00000e+00,9.46576e-01,8.10309e-01,9.99991e-01
1.584502892e+00,0.00000e+00,9.99999e-01,9.99999e-01,0.00000e+00,9.67150e-01,8.13683e-01,9.99988e-01
1.592425406e+00,0.00000e+00,9.99999e-01,9.99999e-01,0.00000e+00,9.69520e-01,8.17004e-01,9.99984e-01
1.600387533e+00,0.00000e+00,9.99999e-01,9.99999e-01,0.00000e+00,9.78865e-01,8.20272e-01,9.99984e-01
1.608389471e+00,0.00000e+00,9.99999e-01,9.99999e-01,0.00000e+00,9.78146e-01,8.23488e-01,9.99985e-01
1.616431418e+00,0.00000e+00,9.99999e-01,9.99999e-01,0.00000e+00,9.77618e-01,8.26653e-01,9.99985e-01
1.624513575e+00,0.00000e+00,9.99999e-01,9.99999e-01,0.00000e+00,9.76104e-01,8.29767e-01,9.99985e-01
1.632636143e+00,0.00000e+00,9.99999e-01,9.99999e-01,0.00000e+00,9.62776e-01,8.32831e-01,9.99978e-01
1.640799324e+00,1.57070e-289,9.99999e-01,9.99999e-01,1.92987e-289,9.50739e-01,8.35846e-01,9.99967e-01
1.649003321e+00,1.54807e-289,9.99999e-01,9.99999e-01,1.92807e-289,9.37570e-01,8.38812e-01,9.99955e-01
1.657248337e+00,3.23974e-223,9.99999e-01,9.99999e-01,4.02606e-223,9.18241e-01,8.41729e-01,9.99950e-01
1.665534579e+00,9.71004e-225,9.99999e-01,9.99999e-01,1.24224e-224,8.90625e-01,8.44598e-01,9.99948e-01
1.673862252e+00,1.99543e-142,9.99999e-01,9.99999e-01,2.50091e-142,8.53768e-01,8.47421e-01,9.99936e-01
1.682231563e+00,6.99378e-98,9.99999e-01,9.99999e-01,8.73654e-98,8.71801e-01,8.50197e-01,9.99907e-01
1.690642721e+00,2.45501e-53,9.99999e-01,9.99999e-01,3.21285e-53,7.85823e-01,8.52926e-01,9.99855e-01
1.699095934e+00,1.58399e-33,9.99999e-01,9.99999e-01,2.12268e-33,7.59745e-01,8.55611e-01,9.99776e-01
1.707591414e+00,2.58805e-16,9.99999e-01,9.99999e-01,3.45754e-16,7.43698e-01,8.58250e-01,9.99657e-01
1.716129371e+00,5.22134e-10,9.99999e-01,9.99999e-01,7.63433e-10,6.92892e-01,8.60845e-01,9.99461e-01
1.724710018e+00,3.22914e-06,9.99999e-01,9.99999e-01,5.15253e-06,5.83279e-01,8.63397e-01,9.99217e-01
1.733333568e+00,1.26388e-04,9.99999e-01,9.99999e-01,2.35778e-04,4.96669e-01,8.65906e-01,9.98857e-01
1.742000236e+00,2.60591e-03,9.99999e-01,9.99999e-01,7.59207e-03,3.40122e-01,8.68372e-01,9.98190e-01
1.750710237e+00,7.25059e-07,9.99999e-01,9.99999e-01,3.05195e-06,1.45630e-01,8.70796e-01,9.97098e-01
1.759463788e+00,1.12574e-136,9.99999e-01,9.99999e-01,8.07428e-136,3.06620e-02,8.73179e-01,9.95095e-01
1.768261107e+00,5.42634e-144,9.99999e-01,9.99999e-01,3.11500e-142,2.55989e-03,8.75521e-01,9.91558e-01
1.777102413e+00,1.48460e-141,9.99999e-01,9.99999e-01,9.89334e-139,7.15928e-05,8.77823e-01,9.86807e-01
1.785987925e+00,4.80309e-135,9.99999e-01,9.99999e-01,1.47432e-129,2.17395e-07,8.80085e-01,9.78838e-01
1.794917864e+00,2.17262e-130,9.99999e-01,9.99999e-01,1.26471e-123,6.09837e-09,8.82308e-01,9.58808e-01
1.803892454e+00,2.80375e-132,9.99999e-01,9.99999e-01,1.06445e-118,9.75939e-16,8.84493e-01,9.15483e-01
1.812911916e+00,7.47450e-133,9.99999e-01,9.99999e-01,5.39073e-114,6.19313e-21,8.86640e-01,8.05946e-01
1.821976476e+00,4.20512e-133,9.99999e-01,9.99999e-01,4.33687e-114,1.02874e-20,8.88750e-01,6.33136e-01
1.831086358e+00,5.26658e-112,9.99999e-01,9.99999e-01,4.12678e-91,1.08526e-22,8.90823e-01,3.96101e-01
1.840241790e+00,2.09210e-94,9.99999e-01,9.99999e-01,2.29352e-77,1.53063e-18,8.92859e-01,2.09574e-01
1.849442999e+00,5.76523e-70,9.99999e-01,9.99999e-01,1.77241e-53,1.62559e-17,8.94860e-01,1.52692e-01
1.858690214e+00,1.09474e-76,9.99999e-01,9.99999e-01,1.95418e-50,2.38891e-27,8.96826e-01,1.52960e-01
1.867983665e+00,8.79571e-78,9.99999e-01,9.99999e-01,6.06049e-51,2.72731e-28,8.98757e-01,1.77699e-01
1.877323583e+00,5.44961e-272,9.99999e-01,9.99999e-01,6.54473e-262,2.04231e-11,9.00654e-01,2.17499e-01
1.886710201e+00,0.00000e+00,9.99999e-01,9.99999e-01,0.00000e+00,1.00522e-09,9.02517e-01,2.63752e-01
1.896143752e+00,0.00000e+00,9.99999e-01,9.99999e-01,0.00000e+00,8.09247e-09,9.04348e-01,2.71078e-01
1.905624471e+00,0.00000e+00,9.99999e-01,9.99999e-01,0.00000e+00,7.29544e-17,9.06145e-01,3.04629e-01
1.915152593e+00,0.00000e+00,9.99999e-01,9.99999e-01,0.00000e+00,4.19088e-20,9.07911e-01,4.27670e-01
1.924728356e+00,0.00000e+00,9.99999e-01,9.99999e-01,0.00000e+00,2.45810e-22,9.09645e-01,6.18588e-01
1.934351998e+00,0.00000e+00,9.99999e-01,9.99999e-01,0.00000e+00,2.26870e-25,9.11348e-01,7.94643e-01
1.944023758e+00,0.00000e+00,9.99999e-01,9.99999e-01,0.00000e+00,8.34782e-14,9.13021e-01,9.22659e-01
1.953743877e+00,0.00000e+00,9.99999e-01,9.99999e-01,0.00000e+00,2.69584e-13,9.14663e-01,9.66888e-01
1.963512596e+00,0.00000e+00,9.99999e-01,9.99999e-01,0.00000e+00,3.59712e-09,9.16276e-01,9.83126e-01
1.973330159e+00,0.00000e+00,9.99999e-01,9.99999e-01,0.00000e+00,1.04243e-06,9.17860e-01,9.91138e-01
1.983196810e+00,0.00000e+00,9.99999e-01,9.99999e-01,0.00000e+00,5.29149e-04,9.19415e-01,9.95132e-01
1.993112794e+00,0.00000e+00,9.99999e-01,9.99999e-01,0.00000e+00,2.43434e-03,9.20943e-01,9.97343e-01
2.003078358e+00,0.00000e+00,9.99999e-01,9.99999e-01,0.00000e+00,1.99169e-02,9.22442e-01,9.98505e-01
2.013093750e+00,0.00000e+00,9.99999e-01,9.99999e-01,0.00000e+00,7.53594e-02,9.23914e-01,9.99107e-01
2.023159218e+00,0.00000e+00,9.99999e-01,9.99999e-01,0.00000e+00,2.15809e-01,9.25359e-01,9.99372e-01
2.033275015e+00,0.00000e+00,9.99999e-01,9.99999e-01,0.00000e+00,3.18457e-01,9.26778e-01,9.99492e-01
2.043441390e+00,0.00000e+00,9.99998e-01,9.99999e-01,0.00000e+00,4.86971e-01,9.28171e-01,9.99463e-01
2.053658597e+00,0.00000e+00,9.99997e-01,9.99999e-01,0.00000e+00,5.46307e-01,9.29539e-01,9.99264e-01
2.063926890e+00,0.00000e+00,9.99994e-01,9.99999e-01,0.00000e+00,6.60631e-01,9.30881e-01,9.98868e-01
2.074246524e+00,0.00000e+00,9.99989e-01,9.99999e-01,0.00000e+00,6.98888e-01,9.32199e-01,9.98188e-01
2.084617757e+00,0.00000e+00,9.99984e-01,9.99999e-01,0.00000e+00,7.90610e-01,9.33493e-01,9.97138e-01
2.095040845e+00,0.00000e+00,9.99976e-01,9.99999e-01,0.00000e+00,8.30612e-01,9.34763e-01,9.95734e-01
2.105516050e+00,0.00000e+00,9.99971e-01,9.99999e-01,0.00000e+00,8.53159e-01,9.36009e-01,9.94044e-01
2.116043630e+00,0.00000e+00,9.99973e-01,9.99999e-01,0.00000e+00,8.59075e-01,9.37233e-01,9.92663e-01
2.126623848e+00,0.00000e+00,9.99977e-01,9.99999e-01,0.00000e+00,9.11516e-01,9.38433e-01,9.91773e-01
2.137256967e+00,0.00000e+00,9.99980e-01,9.99999e-01,0.00000e+00,9.15575e-01,9.39612e-01,9.90850e-01
2.147943252e+00,0.00000e+00,9.99990e-01,9.99999e-01,0.00000e+00,9.18660e-01,9.40769e-01,9.88968e-01
2.158682968e+00,0.00000e+00,9.99935e-01,9.99999e-01,0.00000e+00,9.25284e-01,9.41904e-01,9.87227e-01
2.169476383e+00,3.90262e-282,9.99977e-01,9.99999e-01,4.44069e-282,9.20671e-01,9.43018e-01,9.90270e-01
2.180323765e+00,1.02777e-174,9.99987e-01,9.99999e-01,1.16713e-174,9.09836e-01,9.44112e-01,9.92769e-01
2.191225384e+00,5.43968e-87,9.99986e-01,9.99999e-01,6.15623e-87,8.91431e-01,9.45185e-01,9.93942e-01
2.202181511e+00,2.23797e-55,9.99988e-01,9.99999e-01,2.58717e-55,8.66778e-01,9.46238e-01,9.95317e-01
2.213192418e+00,1.02453e-27,9.99991e-01,9.99999e-01,1.17008e-27,8.66017e-01,9.47271e-01,9.96747e-01
2.224258381e+00,5.12769e-18,9.99993e-01,9.99999e-01,5.92914e-18,8.43128e-01,9.48285e-01,9.97920e-01
2.235379672e+00,2.11449e-12,9.99994e-01,9.99999e-01,2.43931e-12,8.65151e-01,9.49280e-01,9.98755e-01
2.246556571e+00,1.29071e-08,9.99996e-01,9.99999e-01,1.57865e-08,7.74463e-01,9.50257e-01,9.99210e-01
2.257789354e+00,3.82422e-06,9.99997e-01,9.99999e-01,4.74941e-06,8.20722e-01,9.51215e-01,9.99429e-01
2.269078300e+00,7.98196e-06,9.99998e-01,9.99999e-01,1.28188e-05,6.16071e-01,9.52155e-01,9.99524e-01
2.280423692e+00,3.33742e-05,9.99998e-01,9.99999e-01,4.77840e-05,6.67888e-01,9.53078e-01,9.99508e-01
2.291825810e+00,4.11262e-04,9.99999e-01,9.99999e-01,8.52740e-04,4.57049e-01,9.53983e-01,9.99425e-01
2.303284939e+00,1.80053e-03,9.99999e-01,9.99999e-01,3.59833e-03,4.96346e-01,9.54871e-01,9.99217e-01
2.314801364e+00,2.25301e-03,9.99999e-01,9.99999e-01,6.89066e-03,3.06308e-01,9.55742e-01,9.98898e-01
2.326375371e+00,1.10353e-02,9.99999e-01,9.99999e-01,3.62235e-02,2.93537e-01,9.56597e-01,9.98531e-01
2.338007248e+00,8.02425e-03,9.99999e-01,9.99999e-01,2.61081e-02,2.83156e-01,9.57436e-01,9.97995e-01
2.349697284e+00,5.73661e-03,9.99999e-01,9.99999e-01,4.41436e-02,1.10171e-01,9.58259e-01,9.97287e-01
2.361445770e+00,1.22217e-02,9.99999e-01,9.99999e-01,7.91011e-02,1.49630e-01,9.59066e-01,9.96252e-01
2.373252999e+00,1.13764e-02,9.99999e-01,9.99999e-01,1.05750e-01,8.62000e-02,9.59858e-01,9.94841e-01
2.385119264e+00,6.66574e-03,9.99999e-01,9.99999e-01,3.78611e-01,1.44634e-02,9.60635e-01,9.93075e-01
2.397044861e+00,4.56594e-02,9.99999e-01,9.99999e-01,6.60664e-01,6.98670e-02,9.61398e-01,9.89635e-01
2.409030085e+00,3.63177e-03,9.99999e-01,9.99999e-01,4.88866e-01,7.11945e-03,9.62146e-01,9.84958e-01
2.421075235e+00,5.32901e-03,9.99999e-01,9.99999e-01,3.16234e-01,1.27158e-02,9.62879e-01,9.78942e-01
2.433180612e+00,4.30946e-05,9.99999e-01,9.99999e-01,4.46787e-03,2.97119e-03,9.63599e-01,9.70970e-01
2.445346515e+00,2.32112e-05,9.99999e-01,9.99999e-01,6.50825e-02,1.96011e-04,9.64305e-01,9.59766e-01
2.457573247e+00,9.14534e-10,9.99999e-01,9.99999e-01,2.97013e-05,5.56994e-06,9.64998e-01,9.41558e-01
2.469861113e+00,4.77465e-41,9.99999e-01,9.99999e-01,5.95872e-34,2.92890e-09,9.65677e-01,9.15759e-01
2.482210419e+00,4.16980e-183,9.99999e-01,9.99999e-01,1.91543e-164,1.52269e-20,9.66343e-01,8.80173e-01
2.494621471e+00,2.67383e-285,9.99999e-01,9.99999e-01,1.10871e-258,9.01942e-29,9.66997e-01,8.29595e-01
2.507094578e+00,4.52244e-305,9.99999e-01,9.99999e-01,7.91512e-252,2.40062e-55,9.67638e-01,7.45381e-01
2.519630051e+00,0.00000e+00,9.99999e-01,9.99999e-01,0.00000e+00,2.02929e-86,9.68267e-01,6.03596e-01
2.532228202e+00,0.00000e+00,9.99999e-01,9.99999e-01,0.00000e+00,5.55943e-118,9.68884e-01,3.97686e-01
2.544889343e+00,0.00000e+00,9.99999e-01,9.99999e-01,0.00000e+00,2.95568e-155,9.69489e-01,1.58353e-01
2.557613789e+00,0.00000e+00,9.99999e-01,9.99999e-01,0.00000e+00,3.85912e-156,9.70083e-01,2.74052e-02
2.570401858e+00,0.00000e+00,9.99999e-01,9.99999e-01,0.00000e+00,5.11047e-261,9.70665e-01,1.18739e-03
2.583253867e+00,0.00000e+00,9.99999e-01,9.99999e-01,0.00000e+00,1.23320e-220,9.71236e-01,2.31533e-05
2.596170137e+00,0.00000e+00,9.99999e-01,9.99999e-01,0.00000e+00,5.72166e-187,9.71796e-01,1.44241e-06
2.609150988e+00,0.00000e+00,9.99999e-01,9.99999e-01,0.00000e+00,1.09570e-130,9.72345e-01,2.02577e-07
2.622196742e+00,0.00000e+00,9.99999e-01,9.99999e-01,0.00000e+00,1.04525e-109,9.72884e-01,1.46091e-07
2.635307726e+00,0.00000e+00,9.99999e-01,9.99999e-01,0.00000e+00,6.13227e-49,9.73412e-01,4.08205e-07
2.648484265e+00,0.00000e+00,9.99999e-01,9.99999e-01,0.00000e+00,2.68814e-59,9.73931e-01,5.64381e-07
2.661726686e+00,0.00000e+00,9.99999e-01,9.99999e-01,0.00000e+00,1.65778e-105,9.74439e-01,4.51741e-07
2.675035320e+00,0.00000e+00,9.99999e-01,9.99999e-01,0.00000e+00,0.00000e+00,9.74937e-01,5.13234e-07
2.688410496e+00,0.00000e+00,9.99999e-01,9.99999e-01,0.00000e+00,4.68982e-189,9.75426e-01,1.10663e-06
2.701852549e+00,0.00000e+00,9.99999e-01,9.99999e-01,0.00000e+00,7.06114e-165,9.75906e-01,1.70418e-06
2.715361811e+00,0.00000e+00,9.99999e-01,9.99999e-01,0.00000e+00,2.04579e-163,9.76376e-01,2.66921e-06
2.728938620e+00,0.00000e+00,9.99999e-01,9.99999e-01,0.00000e+00,3.09161e-116,9.76837e-01,9.43641e-06
2.742583314e+00,0.00000e+00,9.99999e-01,9.99999e-01,0.00000e+00,3.11971e-124,9.77289e-01,9.70394e-05
2.756296230e+00,0.00000e+00,9.99999e-01,9.99999e-01,0.00000e+00,1.94202e-128,9.77733e-01,1.51122e-03
2.770077711e+00,0.00000e+00,9.99999e-01,9.99999e-01,0.00000e+00,2.25534e-177,9.78168e-01,1.51362e-02
2.783928100e+00,0.00000e+00,9.99999e-01,9.99999e-01,0.00000e+00,3.99342e-177,9.78595e-01,5.37936e-02
2.797847740e+00,0.00000e+00,9.99999e-01,9.99999e-01,0.00000e+00,3.71152e-134,9.79013e-01,1.40893e-01
2.811836979e+00,0.00000e+00,9.99999e-01,9.99999e-01,0.00000e+00,2.21756e-143,9.79423e-01,3.00179e-01
2.825896164e+00,0.00000e+00,9.99999e-01,9.99999e-01,0.00000e+00,7.64588e-124,9.79825e-01,4.60052e-01
2.840025645e+00,0.00000e+00,9.99999e-01,9.99999e-01,0.00000e+00,8.09869e-94,9.80220e-01,5.71670e-01
2.854225773e+00,0.00000e+00,9.99999e-01,9.99999e-01,0.00000e+00,1.11906e-81,9.80607e-01,6.55080e-01
2.868496902e+00,0.00000e+00,9.99999e-01,9.99999e-01,0.00000e+00,5.86464e-77,9.80986e-01,7.52954e-01
2.882839386e+00,0.00000e+00,9.99999e-01,9.99999e-01,0.00000e+00,3.29094e-61,9.81358e-01,8.25854e-01
2.897253583e+00,0.00000e+00,9.99999e-01,9.99999e-01,0.00000e+00,3.33281e-52,9.81723e-01,8.67828e-01
2.911739851e+00,0.00000e+00,9.99999e-01,9.99999e-01,0.00000e+00,4.84129e-35,9.82081e-01,8.96098e-01
2.926298550e+00,0.00000e+00,9.99999e-01,9.99999e-01,0.00000e+00,3.29232e-24,9.82432e-01,9.22297e-01
2.940930043e+00,0.00000e+00,9.99999e-01,9.99999e-01,0.00000e+00,9.47643e-24,9.82776e-01,9.37253e-01
2.955634693e+00,0.00000e+00,9.99999e-01,9.99999e-01,0.00000e+00,7.05696e-24,9.83113e-01,9.43658e-01
2.970412867e+00,0.00000e+00,9.99999e-01,9.99999e-01,0.00000e+00,1.76755e-20,9.83444e-01,9.50522e-01
2.985264931e+00,0.00000e+00,9.99999e-01,9.99999e-01,0.00000e+00,3.65480e-16,9.83768e-01,9.53562e-01
3.000191256e+00,0.00000e+00,9.99999e-01,9.99999e-01,0.00000e+00,1.49119e-12,9.84086e-01,9.52403e-01
3.015192212e+00,0.00000e+00,9.99999e-01,9.99999e-01,0.00000e+00,5.18028e-12,9.84398e-01,9.45688e-01
3.030268173e+00,0.00000e+00,9.99999e-01,9.99999e-01,0.00000e+00,2.61888e-10,9.84704e-01,9.34154e-01
3.045419514e+00,0.00000e+00,9.99999e-01,9.99999e-01,0.00000e+00,1.22509e-11,9.85004e-01,9.24444e-01
3.060646612e+00,6.41727e-309,9.99999e-01,9.99999e-01,1.15288e-302,7.87553e-08,9.85298e-01,9.09880e-01
3.075949845e+00,3.07517e-248,9.99999e-01,9.99999e-01,1.30671e-239,1.50725e-07,9.85586e-01,2.14665e-03
3.091329594e+00,2.38550e-238,9.99999e-01,9.99999e-01,5.53603e-227,4.46900e-07,9.85868e-01,4.23494e-07
3.106786242e+00,2.14802e-247,9.99999e-01,9.99999e-01,2.89122e-225,1.84139e-06,9.86146e-01,6.53207e-18
3.122320173e+00,9.43432e-207,9.99999e-01,9.99999e-01,2.00962e-155,1.62137e-05,9.86417e-01,4.34198e-48
3.137931774e+00,5.40174e-180,9.99999e-01,9.99999e-01,1.02909e-153,1.82419e-05,9.86684e-01,5.27372e-23
3.153621433e+00,1.26265e-165,9.99999e-01,9.99999e-01,8.75255e-158,1.03909e-03,9.86945e-01,1.44906e-06
3.169389540e+00,1.94730e-238,9.99999e-01,9.99999e-01,7.66151e-213,1.90808e-03,9.87201e-01,2.55235e-24
3.185236488e+00,2.23791e-211,9.99999e-01,9.99999e-01,2.47617e-170,6.61247e-04,9.87453e-01,2.70219e-39
3.201162670e+00,3.64693e-208,9.99999e-01,9.99999e-01,1.41597e-135,6.13191e-07,9.87699e-01,3.31941e-68
3.217168483e+00,8.09385e-233,9.99999e-01,9.99999e-01,2.49013e-131,1.32052e-05,9.87940e-01,4.84435e-98
3.233254326e+00,1.23562e-259,9.99999e-01,9.99999e-01,2.18543e-109,6.33302e-04,9.88177e-01,2.24670e-148
3.249420598e+00,9.09171e-306,9.99999e-01,9.99999e-01,3.45582e-61,8.16257e-03,9.88409e-01,1.24229e-243
3.265667701e+00,0.00000e+00,9.99999e-01,9.99999e-01,2.79184e-53,5.89659e-04,9.88637e-01,0.00000e+00
3.281996039e+00,0.00000e+00,9.99999e-01,9.99999e-01,9.95161e-39,1.93619e-03,9.88860e-01,0.00000e+00
3.298406019e+00,0.00000e+00,9.99999e-01,9.99999e-01,3.66440e-34,1.23468e-04,9.89079e-01,0.00000e+00
3.314898049e+00,0.00000e+00,9.99999e-01,9.99999e-01,1.62275e-33,6.63012e-05,9.89293e-01,0.00000e+00
3.331472540e+00,0.00000e+00,9.99999e-01,9.99999e-01,1.88336e-31,2.72790e-04,9.89504e-01,0.00000e+00
3.348129902e+00,0.00000e+00,9.99999e-01,9.99999e-01,1.43379e-24,1.42675e-04,9.89710e-01,0.00000e+00
3.364870552e+00,0.00000e+00,9.99999e-01,9.99999e-01,4.62105e-24,6.84726e-04,9.89912e-01,0.00000e+00
3.381694905e+00,0.00000e+00,9.99999e-01,9.99999e-01,3.17954e-19,2.57222e-03,9.90110e-01,9.86266e-307
3.398603379e+00,6.10550e-200,9.99999e-01,9.99999e-01,2.08322e-15,7.67471e-03,9.90305e-01,2.09117e-183
3.415596396e+00,3.68476e-122,9.99999e-01,9.99999e-01,7.14898e-15,3.15925e-02,9.90495e-01,1.04381e-106
3.432674378e+00,7.46334e-82,9.99999e-01,9.99999e-01,6.46974e-17,3.55323e-02,9.90682e-01,1.55096e-64
3.449837750e+00,5.04356e-51,9.99999e-01,9.99999e-01,1.20952e-21,9.74682e-02,9.90865e-01,2.28367e-29
3.467086939e+00,8.15478e-47,9.99999e-01,9.99999e-01,3.24009e-41,2.00419e-01,9.91045e-01,8.91875e-06
3.484422373e+00,4.83116e-57,9.99999e-01,9.99999e-01,8.44827e-56,2.13359e-01,9.91221e-01,1.52557e-01
3.501844485e+00,1.45747e-84,9.99999e-01,9.99999e-01,4.06455e-82,4.10282e-01,9.91394e-01,7.00819e-03
3.519353708e+00,2.19858e-99,9.99999e-01,9.99999e-01,3.58763e-99,4.77336e-01,9.91563e-01,9.94633e-01
3.536950476e+00,6.61154e-126,9.99999e-01,9.99999e-01,1.10041e-125,5.08233e-01,9.91729e-01,9.90234e-01
3.554635228e+00,1.51256e-121,9.99999e-01,9.99999e-01,2.15688e-121,6.59747e-01,9.91892e-01,9.78925e-01
3.572408405e+00,6.43555e-100,9.99999e-01,9.99999e-01,8.80847e-100,6.68115e-01,9.92051e-01,9.65563e-01
3.590270447e+00,3.90508e-93,9.99999e-01,9.99999e-01,4.83720e-93,7.54263e-01,9.92208e-01,9.78835e-01
3.608221799e+00,3.51706e-65,9.99999e-01,9.99999e-01,4.21086e-65,8.03335e-01,9.92361e-01,9.86842e-01
3.626262908e+00,6.26875e-36,9.99999e-01,9.99999e-01,6.99134e-36,8.29337e-01,9.92511e-01,9.93143e-01
3.644394222e+00,2.55907e-28,9.99999e-01,9.99999e-01,2.85294e-28,8.93720e-01,9.92659e-01,9.92630e-01
3.662616193e+00,1.29473e-12,9.99999e-01,9.99999e-01,1.47145e-12,8.30288e-01,9.92803e-01,9.87354e-01
3.680929274e+00,1.45296e-06,9.99999e-01,9.99999e-01,1.84101e-06,7.40412e-01,9.92945e-01,9.68416e-01
3.699333921e+00,5.32751e-04,9.99999e-01,9.99999e-01,6.45975e-04,8.68451e-01,9.93083e-01,9.40610e-01
3.717830590e+00,1.71755e-04,9.99998e-01,9.99999e-01,2.11061e-04,8.95522e-01,9.93220e-01,8.93672e-01
3.736419743e+00,7.00495e-08,9.99998e-01,9.99999e-01,9.18158e-08,8.78980e-01,9.93353e-01,8.44169e-01
3.755101842e+00,1.10100e-30,9.99996e-01,9.99999e-01,1.42629e-30,8.70600e-01,9.93484e-01,8.54257e-01
3.773877351e+00,4.65696e-74,9.99994e-01,9.99999e-01,5.70817e-74,8.91999e-01,9.93612e-01,8.96001e-01
3.792746738e+00,1.58366e-192,9.99990e-01,9.99999e-01,1.88236e-192,8.71441e-01,9.93738e-01,9.27543e-01
3.811710472e+00,2.80336e-124,9.99981e-01,9.99999e-01,3.31982e-124,8.44525e-01,9.93861e-01,9.31155e-01
3.830769024e+00,2.89614e-124,9.99972e-01,9.99999e-01,3.51647e-124,8.33260e-01,9.93982e-01,9.24735e-01
3.849922869e+00,4.12230e-172,9.99949e-01,9.99999e-01,5.25656e-172,7.67493e-01,9.94101e-01,9.10428e-01
3.869172484e+00,1.46223e-105,9.99927e-01,9.99999e-01,1.95404e-105,7.39629e-01,9.94217e-01,8.79677e-01
3.888518346e+00,2.37790e-43,9.99873e-01,9.99999e-01,3.25500e-43,8.40704e-01,9.94331e-01,8.37730e-01
3.907960938e+00,1.25316e-34,9.99845e-01,9.99999e-01,1.85940e-34,8.24048e-01,9.94442e-01,7.86498e-01
3.927500742e+00,4.55726e-35,9.99733e-01,9.99999e-01,7.85140e-35,3.59806e-01,9.94552e-01,7.36314e-01
3.947138246e+00,1.54936e-51,9.99626e-01,9.99999e-01,3.88859e-51,4.77948e-01,9.94659e-01,7.01449e-01
3.966873937e+00,2.02512e-79,9.99572e-01,9.99999e-01,4.54570e-79,2.01210e-01,9.94764e-01,6.53044e-01
3.986708307e+00,2.80806e-125,9.99308e-01,9.99999e-01,5.83328e-125,7.20805e-01,9.94867e-01,5.82438e-01
4.006641849e+00,5.23604e-231,9.99089e-01,9.99999e-01,1.12717e-230,8.87240e-01,9.94969e-01,5.03151e-01
4.026675058e+00,0.00000e+00,9.99247e-01,9.99999e-01,0.00000e+00,8.70115e-01,9.95068e-01,4.24659e-01
4.046808433e+00,0.00000e+00,9.99211e-01,9.99999e-01,0.00000e+00,8.44658e-01,9.95165e-01,3.53236e-01
4.067042475e+00,0.00000e+00,9.98883e-01,9.99999e-01,0.00000e+00,8.23140e-01,9.95260e-01,2.93775e-01
4.087377688e+00,0.00000e+00,9.98688e-01,9.99999e-01,0.00000e+00,8.11596e-01,9.95353e-01,2.47194e-01
4.107814576e+00,0.00000e+00,9.98466e-01,9.99999e-01,0.00000e+00,7.49274e-01,9.95445e-01,2.14663e-01
4.128353649e+00,0.00000e+00,9.98453e-01,9.99999e-01,0.00000e+00,6.35956e-01,9.95535e-01,1.95553e-01
4.148995417e+00,0.00000e+00,9.98925e-01,9.99999e-01,0.00000e+00,5.71772e-01,9.95623e-01,1.87234e-01
4.169740394e+00,0.00000e+00,9.99010e-01,9.99999e-01,0.00000e+00,4.09037e-01,9.95709e-01,1.88781e-01
4.190589096e+00,0.00000e+00,9.99082e-01,9.99999e-01,0.00000e+00,3.40155e-01,9.95794e-01,1.96534e-01
4.211542042e+00,0.00000e+00,9.99150e-01,9.99999e-01,0.00000e+00,1.85007e-01,9.95876e-01,1.98654e-01
4.232599752e+00,0.00000e+00,9.99480e-01,9.99999e-01,0.00000e+00,1.54465e-01,9.95958e-01,1.86052e-01
4.253762751e+00,0.00000e+00,9.99637e-01,9.99999e-01,0.00000e+00,9.41388e-02,9.96037e-01,1.51559e-01
4.275031564e+00,0.00000e+00,9.99397e-01,9.99999e-01,0.00000e+00,3.85627e-02,9.96115e-01,1.03001e-01
4.296406722e+00,0.00000e+00,9.94207e-01,9.99999e-01,0.00000e+00,1.57187e-02,9.96192e-01,9.11554e-02
4.317888756e+00,0.00000e+00,9.98867e-01,9.99999e-01,0.00000e+00,2.37824e-02,9.96267e-01,1.27345e-01
4.339478200e+00,0.00000e+00,9.99327e-01,9.99999e-01,0.00000e+00,9.26774e-03,9.96341e-01,1.99159e-01
4.361175591e+00,0.00000e+00,9.99452e-01,9.99999e-01,0.00000e+00,5.71351e-03,9.96413e-01,2.59151e-01
4.382981469e+00,0.00000e+00,9.99423e-01,9.99999e-01,0.00000e+00,5.52498e-03,9.96484e-01,2.95683e-01
4.404896376e+00,0.00000e+00,9.99192e-01,9.99999e-01,0.00000e+00,5.06798e-03,9.96553e-01,3.18767e-01
4.426920858e+00,0.00000e+00,9.99183e-01,9.99999e-01,0.00000e+00,1.90765e-03,9.96621e-01,3.39812e-01
4.449055462e+00,0.00000e+00,9.99434e-01,9.99999e-01,0.00000e+00,4.04433e-03,9.96687e-01,3.65118e-01
4.471300739e+00,0.00000e+00,9.99406e-01,9.99999e-01,0.00000e+00,1.12644e-03,9.96753e-01,3.98111e-01
4.493657243e+00,0.00000e+00,9.99484e-01,9.99999e-01,0.00000e+00,3.45990e-03,9.96817e-01,4.39322e-01
4.516125529e+00,0.00000e+00,9.99514e-01,9.99999e-01,0.00000e+00,6.17048e-04,9.96880e-01,4.87495e-01
4.538706157e+00,0.00000e+00,9.99422e-01,9.99999e-01,0.00000e+00,3.66459e-03,9.96941e-01,5.42084e-01
4.561399688e+00,0.00000e+00,9.99593e-01,9.99999e-01,0.00000e+00,3.58322e-03,9.97001e-01,5.99798e-01
4.584206686e+00,0.00000e+00,9.99680e-01,9.99999e-01,0.00000e+00,5.68150e-03,9.97060e-01,6.57729e-01
4.607127720e+00,0.00000e+00,9.99685e-01,9.99999e-01,0.00000e+00,2.47090e-03,9.97118e-01,7.12840e-01
4.630163358e+00,0.00000e+00,9.99801e-01,9.99999e-01,0.00000e+00,3.53312e-05,9.97175e-01,7.63725e-01
4.653314175e+00,0.00000e+00,9.99813e-01,9.99999e-01,0.00000e+00,1.87960e-05,9.97231e-01,8.07938e-01
4.676580746e+00,0.00000e+00,9.99820e-01,9.99999e-01,0.00000e+00,1.54607e-06,9.97286e-01,8.44972e-01
4.699963650e+00,0.00000e+00,9.99902e-01,9.99999e-01,0.00000e+00,9.13941e-06,9.97339e-01,8.75185e-01
4.723463468e+00,0.00000e+00,9.99883e-01,9.99999e-01,0.00000e+00,3.21189e-07,9.97392e-01,8.99206e-01
4.747080785e+00,0.00000e+00,9.99939e-01,9.99999e-01,0.00000e+00,2.72045e-05,9.97443e-01,9.17337e-01
4.770816189e+00,0.00000e+00,9.99943e-01,9.99999e-01,0.00000e+00,1.44532e-06,9.97493e-01,9.30926e-01
4.794670270e+00,0.00000e+00,9.99941e-01,9.99999e-01,0.00000e+00,3.36878e-09,9.97543e-01,9.41075e-01
4.818643622e+00,0.00000e+00,9.99971e-01,9.99999e-01,0.00000e+00,7.08489e-10,9.97591e-01,9.48205e-01
4.842736840e+00,0.00000e+00,9.99974e-01,9.99999e-01,0.00000e+00,3.75784e-09,9.97639e-01,9.52214e-01
4.866950524e+00,0.00000e+00,9.99985e-01,9.99999e-01,0.00000e+00,2.45938e-08,9.97685e-01,9.53470e-01
4.891285276e+00,0.00000e+00,9.99987e-01,9.99999e-01,0.00000e+00,3.73149e-11,9.97731e-01,9.52023e-01
4.915741703e+00,0.00000e+00,9.99990e-01,9.99999e-01,0.00000e+00,1.76759e-10,9.97776e-01,9.49661e-01
4.940320411e+00,0.00000e+00,9.99992e-01,9.99999e-01,0.00000e+00,1.02334e-11,9.97820e-01,9.44044e-01
4.965022013e+00,0.00000e+00,9.99993e-01,9.99999e-01,0.00000e+00,8.28781e-16,9.97863e-01,9.37054e-01
4.989847123e+00,0.00000e+00,9.99996e-01,9.99999e-01,0.00000e+00,4.84382e-14,9.97905e-01,9.30103e-01
5.014796359e+00,0.00000e+00,9.99996e-01,9.99999e-01,0.00000e+00,2.19341e-22,9.97946e-01,9.19926e-01
5.039870341e+00,0.00000e+00,9.99998e-01,9.99999e-01,0.00000e+00,2.02266e-16,9.97987e-01,9.07855e-01
5.065069693e+00,0.00000e+00,9.99998e-01,9.99999e-01,0.00000e+00,2.74898e-16,9.98026e-01,8.89001e-01
5.090395041e+00,0.00000e+00,9.99999e-01,9.99999e-01,0.00000e+00,6.16851e-24,9.98065e-01,8.69707e-01
5.115847016e+00,0.00000e+00,9.99999e-01,9.99999e-01,0.00000e+00,2.76345e-24,9.98103e-01,8.44612e-01
5.141426251e+00,0.00000e+00,9.99998e-01,9.99999e-01,0.00000e+00,1.32743e-31,9.98141e-01,8.11299e-01
5.167133383e+00,0.00000e+00,9.99999e-01,9.99999e-01,0.00000e+00,1.98040e-36,9.98177e-01,7.80225e-01
5.192969049e+00,0.00000e+00,9.99999e-01,9.99999e-01,0.00000e+00,2.33854e-36,9.98213e-01,7.45283e-01
5.218933895e+00,0.00000e+00,9.99999e-01,9.99999e-01,0.00000e+00,1.06776e-57,9.98249e-01,7.01488e-01
5.245028564e+00,0.00000e+00,9.99999e-01,9.99999e-01,0.00000e+00,7.92947e-44,9.98283e-01,6.47907e-01
5.271253707e+00,0.00000e+00,9.99999e-01,9.99999e-01,0.00000e+00,2.52783e-45,9.98317e-01,5.81867e-01
5.297609976e+00,0.00000e+00,9.99999e-01,9.99999e-01,0.00000e+00,2.90931e-55,9.98350e-01,5.11497e-01
5.324098025e+00,0.00000e+00,9.99999e-01,9.99999e-01,0.00000e+00,1.42550e-55,9.98383e-01,4.37249e-01
5.350718516e+00,0.00000e+00,9.99999e-01,9.99999e-01,0.00000e+00,2.45026e-68,9.98415e-01,3.52208e-01
5.377472108e+00,0.00000e+00,9.99999e-01,9.99999e-01,0.00000e+00,2.63788e-71,9.98446e-01,2.85610e-01
5.404359469e+00,0.00000e+00,9.99999e-01,9.99999e-01,0.00000e+00,2.74219e-71,9.98477e-01,2.24098e-01
5.431381266e+00,0.00000e+00,9.99999e-01,9.99999e-01,0.00000e+00,8.31084e-133,9.98507e-01,1.79087e-01
5.458538172e+00,0.00000e+00,9.99999e-01,9.99999e-01,0.00000e+00,8.25571e-133,9.98536e-01,1.33111e-01
5.485830863e+00,0.00000e+00,9.99999e-01,9.99999e-01,0.00000e+00,8.85534e-143,9.98565e-01,8.92515e-02
5.513260018e+00,0.00000e+00,9.99999e-01,9.99999e-01,0.00000e+00,8.06723e-151,9.98593e-01,5.83362e-02
5.540826318e+00,0.00000e+00,9.99999e-01,9.99999e-01,0.00000e+00,9.49066e-158,9.98621e-01,3.49618e-02
5.568530449e+00,0.00000e+00,9.99999e-01,9.99999e-01,4.75341e-314,4.19521e-248,9.98648e-01,1.80362e-02
5.596373101e+00,0.00000e+00,9.99999e-01,9.99999e-01,3.98139e-231,9.11113e-237,9.98675e-01,9.34101e-03
5.624354967e+00,0.00000e+00,9.99999e-01,9.99999e-01,6.69296e-204,5.97229e-214,9.98701e-01,4.51691e-03
5.652476742e+00,0.00000e+00,9.99999e-01,9.99999e-01,2.62035e-172,4.02705e-233,9.98727e-01,1.97246e-03
5.680739126e+00,0.00000e+00,9.99999e-01,9.99999e-01,3.80080e-155,2.61544e-269,9.98752e-01,7.68211e-04
5.709142821e+00,0.00000e+00,9.99999e-01,9.99999e-01,5.30129e-148,1.02059e-293,9.98776e-01,2.75891e-04
5.737688535e+00,0.00000e+00,9.99999e-01,9.99999e-01,2.97084e-152,5.30377e-285,9.98801e-01,7.49650e-05
5.766376978e+00,0.00000e+00,9.99999e-01,9.99999e-01,3.34286e-132,8.54165e-216,9.98824e-01,1.61461e-05
5.795208863e+00,4.04360e-296,9.99999e-01,9.99999e-01,1.28777e-95,3.87329e-197,9.98847e-01,2.64944e-06
5.824184907e+00,5.06885e-314,9.99999e-01,9.99999e-01,1.53556e-69,6.02102e-240,9.98870e-01,3.66792e-07
5.853305832e+00,9.23683e-312,9.99999e-01,9.99999e-01,3.27204e-70,2.26877e-236,9.98892e-01,5.24017e-08
5.882572361e+00,0.00000e+00,9.99999e-01,9.99999e-01,1.76099e-81,9.25585e-291,9.98914e-01,8.10432e-09
5.911985223e+00,0.00000e+00,9.99999e-01,9.99999e-01,1.31253e-70,1.32602e-279,9.98936e-01,1.17938e-09
5.941545149e+00,0.00000e+00,9.99999e-01,9.99999e-01,1.02446e-35,2.01609e-287,9.98957e-01,1.60945e-10
5.971252874e+00,2.96452e-278,9.99999e-01,9.99999e-01,4.53105e-22,1.19133e-247,9.98977e-01,2.31826e-11
6.001109139e+00,1.99971e-195,9.99999e-01,9.99999e-01,1.54442e-18,1.36473e-166,9.98997e-01,3.44837e-12
6.031114685e+00,3.04150e-213,9.99999e-01,9.99999e-01,8.24210e-20,4.20494e-183,9.99017e-01,5.24962e-13
6.061270258e+00,9.14163e-219,9.99999e-01,9.99999e-01,1.13171e-25,4.79926e-182,9.99037e-01,5.06066e-14
6.091576609e+00,1.20518e-204,9.99999e-01,9.99999e-01,1.36241e-37,1.54640e-154,9.99056e-01,2.34736e-15
6.122034492e+00,2.41722e-159,9.99999e-01,9.99999e-01,1.13058e-48,1.18924e-96,9.99074e-01,5.41217e-17
6.152644665e+00,2.25352e-182,9.99999e-01,9.99999e-01,6.76844e-68,3.17711e-98,9.99092e-01,3.31351e-19
6.183407888e+00,1.23014e-162,9.99999e-01,9.99999e-01,1.59709e-78,8.66417e-65,9.99110e-01,2.67028e-22
6.214324928e+00,2.53511e-152,9.99999e-01,9.99999e-01,1.03669e-84,9.53471e-44,9.99128e-01,1.28110e-26
6.245396552e+00,1.86577e-123,9.99999e-01,9.99999e-01,3.97875e-63,2.52208e-30,9.99145e-01,1.52115e-32
6.276623535e+00,4.85900e-128,9.99999e-01,9.99999e-01,5.37748e-59,7.73994e-31,9.99162e-01,1.87623e-40
6.308006653e+00,1.14486e-138,9.99999e-01,9.99999e-01,3.94628e-60,1.10730e-30,9.99178e-01,9.80017e-51
6.339546686e+00,3.50315e-209,9.99999e-01,9.99999e-01,1.38001e-81,1.00831e-66,9.99195e-01,7.56397e-64
6.371244419e+00,7.98041e-317,9.99999e-01,9.99999e-01,6.58474e-93,1.42470e-146,9.99211e-01,2.55421e-80
6.403100641e+00,0.00000e+00,9.99999e-01,9.99999e-01,3.83762e-67,5.47766e-208,9.99226e-01,2.81417e-99
6.435116145e+00,0.00000e+00,9.99999e-01,9.99999e-01,1.48195e-29,0.00000e+00,9.99241e-01,3.55342e-122
6.467291725e+00,0.00000e+00,9.99999e-01,9.99999e-01,4.41866e-15,0.00000e+00,9.99256e-01,1.85974e-163
6.499628184e+00,0.00000e+00,9.99999e-01,9.99999e-01,4.47435e-07,0.00000e+00,9.99271e-01,4.36587e-205
6.532126325e+00,0.00000e+00,9.99999e-01,9.99999e-01,7.12510e-05,0.00000e+00,9.99285e-01,1.26098e-251
6.564786956e+00,0.00000e+00,9.99999e-01,9.99999e-01,9.12570e-04,0.00000e+00,9.99299e-01,1.00676e-319
6.597610891e+00,0.00000e+00,9.99999e-01,9.99999e-01,3.00206e-03,0.00000e+00,9.99313e-01,0.00000e+00
6.630598946e+00,0.00000e+00,9.99999e-01,9.99999e-01,6.19522e-03,0.00000e+00,9.99327e-01,0.00000e+00
6.663751940e+00,0.00000e+00,9.99999e-01,9.99999e-01,6.19937e-03,0.00000e+00,9.99340e-01,0.00000e+00
6.697070700e+00,0.00000e+00,9.99999e-01,9.99999e-01,1.73578e-03,0.00000e+00,9.99353e-01,0.00000e+00
6.730556054e+00,0.00000e+00,9.99999e-01,9.99999e-01,1.57999e-04,1.40903e-249,9.99366e-01,0.00000e+00
6.764208834e+00,0.00000e+00,9.99999e-01,9.99999e-01,3.22591e-06,1.40797e-249,9.99378e-01,0.00000e+00
6.798029878e+00,0.00000e+00,9.99999e-01,9.99999e-01,4.69145e-09,6.21447e-307,9.99391e-01,0.00000e+00
6.832020027e+00,0.00000e+00,9.99999e-01,9.99999e-01,1.03626e-12,6.21336e-307,9.99403e-01,0.00000e+00
6.866180128e+00,0.00000e+00,9.99999e-01,9.99999e-01,3.10426e-20,0.00000e+00,9.99414e-01,0.00000e+00
6.900511028e+00,0.00000e+00,9.99999e-01,9.99999e-01,1.17214e-28,9.09312e-201,9.99426e-01,0.00000e+00
6.935013583e+00,0.00000e+00,9.99999e-01,9.99999e-01,2.00992e-49,9.17934e-201,9.99437e-01,0.00000e+00
6.969688651e+00,0.00000e+00,9.99999e-01,9.99999e-01,1.19811e-70,4.53334e-253,9.99448e-01,0.00000e+00
7.004537095e+00,0.00000e+00,9.99999e-01,9.99999e-01,2.35507e-113,3.97541e-250,9.99459e-01,0.00000e+00
7.039559780e+00,0.00000e+00,9.99999e-01,9.99999e-01,6.30847e-147,4.27998e-271,9.99470e-01,0.00000e+00
7.074757579e+00,0.00000e+00,9.99999e-01,9.99999e-01,2.90677e-203,1.61547e-212,9.99480e-01,0.00000e+00
7.110131367e+00,0.00000e+00,9.99999e-01,9.99999e-01,3.93377e-237,9.33527e-211,9.99491e-01,0.00000e+00
7.145682024e+00,0.00000e+00,9.99999e-01,9.99999e-01,5.31843e-284,2.44616e-236,9.99501e-01,0.00000e+00
7.181410434e+00,0.00000e+00,9.99999e-01,9.99999e-01,4.83486e-310,1.12935e-301,9.99510e-01,0.00000e+00
7.217317486e+00,0.00000e+00,9.99999e-01,9.99999e-01,0.00000e+00,6.74402e-222,9.99520e-01,0.00000e+00
7.253404073e+00,0.00000e+00,9.99999e-01,9.99999e-01,2.22824e-321,6.66335e-222,9.99530e-01,0.00000e+00
7.289671094e+00,0.00000e+00,9.99999e-01,9.99999e-01,2.92149e-254,5.64004e-194,9.99539e-01,0.00000e+00
7.326119449e+00,0.00000e+00,9.99999e-01,9.99999e-01,2.52560e-240,1.87875e-193,9.99548e-01,0.00000e+00
7.362750046e+00,0.00000e+00,9.99999e-01,9.99999e-01,3.91329e-261,2.21737e-140,9.99557e-01,0.00000e+00
7.399563797e+00,0.00000e+00,9.99999e-01,9.99999e-01,4.15827e-259,2.92810e-115,9.99566e-01,0.00000e+00
7.436561616e+00,0.00000e+00,9.99999e-01,9.99999e-01,2.27248e-215,7.48042e-125,9.99574e-01,0.00000e+00
7.473744424e+00,0.00000e+00,9.99999e-01,9.99999e-01,8.03802e-141,1.82920e-117,9.99583e-01,0.00000e+00
7.511113146e+00,0.00000e+00,9.99999e-01,9.99999e-01,3.77040e-98,4.50826e-102,9.99591e-01,0.00000e+00
7.548668712e+00,0.00000e+00,9.99999e-01,9.99999e-01,7.75824e-59,3.90682e-106,9.99599e-01,0.00000e+00
7.586412055e+00,0.00000e+00,9.99999e-01,9.99999e-01,7.37415e-50,3.60463e-193,9.99607e-01,0.00000e+00
7.624344115e+00,0.00000e+00,9.99999e-01,9.99999e-01,3.07333e-49,7.89109e-94,9.99614e-01,0.00000e+00
7.662465836e+00,0.00000e+00,9.99999e-01,9.99999e-01,1.47338e-55,7.49620e-58,9.99622e-01,0.00000e+00
7.700778165e+00,0.00000e+00,9.99999e-01,9.99999e-01,1.12871e-74,3.73666e-58,9.99630e-01,0.00000e+00
7.739282056e+00,0.00000e+00,9.99999e-01,9.99999e-01,3.52705e-125,2.77279e-96,9.99637e-01,0.00000e+00
7.777978466e+00,0.00000e+00,9.99999e-01,9.99999e-01,2.52289e-168,9.05941e-66,9.99644e-01,0.00000e+00
7.816868359e+00,0.00000e+00,9.99999e-01,9.99999e-01,2.48412e-228,7.38763e-54,9.99651e-01,0.00000e+00
7.855952700e+00,0.00000e+00,9.99999e-01,9.99999e-01,1.46172e-233,3.35909e-54,9.99658e-01,0.00000e+00
7.895232464e+00,0.00000e+00,9.99999e-01,9.99999e-01,6.10779e-196,9.53102e-54,9.99665e-01,0.00000e+00
7.934708626e+00,0.00000e+00,9.99999e-01,9.99999e-01,3.43701e-181,4.41565e-32,9.99671e-01,0.00000e+00
7.974382169e+00,0.00000e+00,9.99999e-01,9.99999e-01,1.29994e-198,1.18855e-24,9.99678e-01,0.00000e+00
8.014254080e+00,0.00000e+00,9.99999e-01,9.99999e-01,2.09297e-240,3.11129e-25,9.99684e-01,0.00000e+00
8.054325351e+00,0.00000e+00,9.99999e-01,9.99999e-01,1.98928e-246,9.90913e-24,9.99690e-01,0.00000e+00
8.094596977e+00,0.00000e+00,9.99999e-01,9.99999e-01,2.27518e-235,1.86513e-19,9.99696e-01,0.00000e+00
8.135069962e+00,0.00000e+00,9.99999e-01,9.99999e-01,7.56425e-213,5.60810e-19,9.99702e-01,0.00000e+00
8.175745312e+00,0.00000e+00,9.99999e-01,9.99999e-01,9.41364e-176,1.20314e-19,9.99708e-01,0.00000e+00
8.216624039e+00,0.00000e+00,9.99999e-01,9.99999e-01,1.02992e-151,4.13774e-16,9.99714e-01,0.00000e+00
8.257707159e+00,0.00000e+00,9.99999e-01,9.99999e-01,1.76178e-119,1.31619e-10,9.99720e-01,0.00000e+00
8.298995695e+00,0.00000e+00,9.99999e-01,9.99999e-01,1.27091e-108,1.79875e-09,9.99725e-01,0.00000e+00
8.340490673e+00,0.00000e+00,9.99999e-01,9.99999e-01,2.83854e-100,6.80572e-11,9.99730e-01,0.00000e+00
8.382193126e+00,0.00000e+00,9.99999e-01,9.99999e-01,5.72672e-93,3.85397e-08,9.99736e-01,1.12751e-279
8.424104092e+00,5.15859e-292,9.99999e-01,9.99999e-01,7.26464e-74,6.98991e-09,9.99741e-01,5.27471e-212
8.466224613e+00,2.50707e-225,9.99999e-01,9.99999e-01,2.10673e-57,1.18312e-08,9.99746e-01,3.72229e-161
8.508555736e+00,7.56940e-153,9.99999e-01,9.99999e-01,1.36163e-32,1.02829e-07,9.99751e-01,1.62557e-115
8.551098514e+00,2.80612e-113,9.99999e-01,9.99999e-01,5.47188e-24,1.89741e-05,9.99756e-01,5.91070e-86
8.593854007e+00,3.24938e-93,9.99999e-01,9.99999e-01,1.20876e-23,8.69980e-04,9.99761e-01,1.38331e-67
8.636823277e+00,4.28036e-81,9.99999e-01,9.99999e-01,1.66603e-27,1.42986e-03,9.99765e-01,1.05820e-51
8.680007393e+00,3.61216e-73,9.99999e-01,9.99999e-01,3.28632e-31,5.22678e-05,9.99770e-01,2.02267e-39
8.723407430e+00,6.49686e-67,9.99999e-01,9.99999e-01,3.70591e-34,2.03092e-04,9.99775e-01,5.57807e-30
8.767024467e+00,5.04338e-64,9.99999e-01,9.99999e-01,9.53158e-38,5.64904e-05,9.99779e-01,2.71199e-23
8.810859590e+00,4.58738e-149,9.99999e-01,9.99999e-01,2.02403e-129,5.19601e-04,9.99783e-01,3.88730e-18
8.854913888e+00,0.00000e+00,9.99999e-01,9.99999e-01,0.00000e+00,1.58716e-02,9.99788e-01,8.21271e-14
8.899188457e+00,0.00000e+00,9.99999e-01,9.99999e-01,0.00000e+00,1.02069e-02,9.99792e-01,8.87482e-11
8.943684399e+00,0.00000e+00,9.99999e-01,9.99999e-01,0.00000e+00,1.92809e-03,9.99796e-01,1.84859e-08
8.988402821e+00,0.00000e+00,9.99999e-01,9.99999e-01,0.00000e+00,1.24786e-03,9.99800e-01,1.16601e-06
9.033344836e+00,0.00000e+00,9.99999e-01,9.99999e-01,0.00000e+00,5.85676e-04,9.99804e-01,2.74502e-05
9.078511560e+00,0.00000e+00,9.99999e-01,9.99999e-01,0.00000e+00,2.72339e-03,9.99808e-01,3.17052e-04
9.123904118e+00,0.00000e+00,9.99999e-01,9.99999e-01,0.00000e+00,1.35651e-02,9.99811e-01,2.04778e-03
9.169523638e+00,0.00000e+00,9.99999e-01,9.99999e-01,0.00000e+00,9.96327e-03,9.99815e-01,8.67335e-03
9.215371256e+00,0.00000e+00,9.99999e-01,9.99999e-01,0.00000e+00,5.75294e-02,9.99819e-01,2.60379e-02
9.261448113e+00,0.00000e+00,9.99999e-01,9.99999e-01,0.00000e+00,4.47709e-02,9.99822e-01,6.09629e-02
9.307755353e+00,0.00000e+00,9.99999e-01,9.99999e-01,0.00000e+00,1.14396e-02,9.99826e-01,1.10836e-01
9.354294130e+00,0.00000e+00,9.99999e-01,9.99999e-01,0.00000e+00,6.36457e-03,9.99829e-01,1.84433e-01
9.401065601e+00,0.00000e+00,9.99999e-01,9.99999e-01,0.00000e+00,3.06562e-04,9.99833e-01,2.73497e-01
9.448070929e+00,0.00000e+00,9.99999e-01,9.99999e-01,0.00000e+00,3.32246e-03,9.99836e-01,3.60698e-01
9.495311283e+00,0.00000e+00,9.99999e-01,9.99999e-01,0.00000e+00,3.71716e-02,9.99839e-01,4.48409e-01
9.542787840e+00,0.00000e+00,9.99999e-01,9.99999e-01,0.00000e+00,8.43960e-02,9.99842e-01,5.39851e-01
9.590501779e+00,0.00000e+00,9.99999e-01,9.99999e-01,0.00000e+00,2.03824e-02,9.99845e-01,6.23161e-01
9.638454288e+00,0.00000e+00,9.99999e-01,9.99999e-01,0.00000e+00,2.01894e-02,9.99848e-01,6.89253e-01
9.686646559e+00,0.00000e+00,9.99999e-01,9.99999e-01,0.00000e+00,2.40836e-02,9.99851e-01,7.46115e-01
9.735079792e+00,0.00000e+00,9.99999e-01,9.99999e-01,0.00000e+00,6.47665e-02,9.99854e-01,7.94062e-01
9.783755191e+00,0.00000e+00,9.99999e-01,9.99999e-01,0.00000e+00,3.82258e-02,9.99857e-01,8.33898e-01
9.832673967e+00,0.00000e+00,9.99999e-01,9.99999e-01,0.00000e+00,1.43172e-03,9.99860e-01,8.66615e-01
9.881837337e+00,0.00000e+00,9.99999e-01,9.99999e-01,0.00000e+00,1.56787e-05,9.99863e-01,8.95470e-01
9.931246523e+00,0.00000e+00,9.99999e-01,9.99999e-01,0.00000e+00,1.08328e-02,9.99865e-01,9.18464e-01
9.980902756e+00,0.00000e+00,9.99999e-01,9.99999e-01,0.00000e+00,3.74124e-02,9.99868e-01,9.98367e-01
1.003080727e+01,0.00000e+00,9.99999e-01,9.99999e-01,0.00000e+00,3.73032e-02,9.99871e-01,9.98290e-01
1.008096131e+01,0.00000e+00,9.99999e-01,9.99999e-01,0.00000e+00,5.79548e-02,9.99873e-01,9.98210e-01
1.013136611e+01,0.00000e+00,9.99999e-01,9.99999e-01,0.00000e+00,1.16176e-01,9.99876e-01,9.98123e-01
1.018202294e+01,0.00000e+00,9.99999e-01,9.99999e-01,0.00000e+00,1.41872e-01,9.99878e-01,9.98033e-01
1.023293306e+01,0.00000e+00,9.99999e-01,9.99999e-01,0.00000e+00,4.00523e-02,9.99880e-01,9.97935e-01
1.028409772e+01,0.00000e+00,9.99999e-01,9.99999e-01,0.00000e+00,2.97107e-03,9.99883e-01,9.97832e-01
1.033551821e+01,0.00000e+00,9.99999e-01,9.99999e-01,0.00000e+00,1.33455e-03,9.99885e-01,9.97722e-01
1.038719580e+01,0.00000e+00,9.99999e-01,9.99999e-01,0.00000e+00,1.14173e-04,9.99887e-01,9.97608e-01
1.043913178e+01,0.00000e+00,9.99999e-01,9.99999e-01,0.00000e+00,1.04523e-04,9.99890e-01,9.97484e-01
1.049132744e+01,0.00000e+00,9.99999e-01,9.99999e-01,0.00000e+00,4.10782e-03,9.99892e-01,9.97351e-01
1.054378408e+01,0.00000e+00,9.99999e-01,9.99999e-01,0.00000e+00,1.03361e-02,9.99894e-01,9.97213e-01
1.059650300e+01,0.00000e+00,9.99999e-01,9.99999e-01,0.00000e+00,8.03775e-03,9.99896e-01,9.97068e-01
1.064948551e+01,0.00000e+00,9.99999e-01,9.99999e-01,0.00000e+00,5.10214e-03,9.99898e-01,9.96917e-01
1.070273294e+01,0.00000e+00,9.99999e-01,9.99999e-01,0.00000e+00,7.94766e-04,9.99900e-01,9.96752e-01
1.075624661e+01,0.00000e+00,9.99999e-01,9.99999e-01,0.00000e+00,8.95709e-04,9.99902e-01,9.96585e-01
1.081002784e+01,0.00000e+00,9.99999e-01,9.99999e-01,0.00000e+00,1.20349e-03,9.99904e-01,9.96409e-01
1.086407798e+01,0.00000e+00,9.99999e-01,9.99999e-01,0.00000e+00,2.81090e-05,9.99906e-01,9.96232e-01
1.091839837e+01,0.00000e+00,9.99999e-01,9.99999e-01,0.00000e+00,5.49828e-07,9.99908e-01,9.96028e-01
1.097299036e+01,0.00000e+00,9.99999e-01,9.99999e-01,0.00000e+00,5.74746e-11,9.99909e-01,9.95823e-01
1.102785531e+01,0.00000e+00,9.99999e-01,9.99999e-01,0.00000e+00,1.52059e-12,9.99911e-01,9.95602e-01
1.108299459e+01,0.00000e+00,9.99999e-01,9.99999e-01,0.00000e+00,1.09804e-05,9.99913e-01,9.95377e-01
1.113840956e+01,0.00000e+00,9.99999e-01,9.99999e-01,0.00000e+00,6.17913e-04,9.99915e-01,9.95137e-01
1.119410161e+01,0.00000e+00,9.99999e-01,9.99999e-01,0.00000e+00,2.38337e-03,9.99916e-01,9.94888e-01
1.125007212e+01,0.00000e+00,9.99999e-01,9.99999e-01,0.00000e+00,3.09855e-04,9.99918e-01,9.94625e-01
1.130632248e+01,0.00000e+00,9.99999e-01,9.99999e-01,0.00000e+00,1.92049e-04,9.99919e-01,9.94338e-01
1.136285409e+01,0.00000e+00,9.99999e-01,9.99999e-01,0.00000e+00,1.11039e-03,9.99921e-01,9.94049e-01
1.141966836e+01,0.00000e+00,9.99999e-01,9.99999e-01,0.00000e+00,1.83412e-03,9.99923e-01,9.93744e-01
1.147676670e+01,0.00000e+00,9.99999e-01,9.99999e-01,0.00000e+00,4.74124e-04,9.99924e-01,9.93438e-01
1.153415054e+01,0.00000e+00,9.99999e-01,9.99999e-01,0.00000e+00,2.49831e-05,9.99926e-01,9.93106e-01
1.159182129e+01,0.00000e+00,9.99999e-01,9.99999e-01,0.00000e+00,7.24737e-08,9.99927e-01,9.92767e-01
1.164978039e+01,0.00000e+00,9.99999e-01,9.99999e-01,0.00000e+00,2.14169e-10,9.99928e-01,9.92407e-01
1.170802930e+01,0.00000e+00,9.99999e-01,9.99999e-01,0.00000e+00,1.14243e-13,9.99930e-01,9.92025e-01
1.176656944e+01,0.00000e+00,9.99999e-01,9.99999e-01,0.00000e+00,1.69866e-08,9.99931e-01,9.91635e-01
1.182540229e+01,0.00000e+00,9.99999e-01,9.99999e-01,0.00000e+00,2.78820e-06,9.99933e-01,9.91195e-01
1.188452930e+01,0.00000e+00,9.99999e-01,9.99999e-01,0.00000e+00,3.32811e-06,9.99934e-01,9.90752e-01
1.194395195e+01,0.00000e+00,9.99999e-01,9.99999e-01,0.00000e+00,1.08703e-05,9.99935e-01,9.90255e-01
1.200367171e+01,0.00000e+00,9.99999e-01,9.99999e-01,0.00000e+00,1.09151e-04,9.99936e-01,9.89737e-01
1.206369007e+01,0.00000e+00,9.99999e-01,9.99999e-01,0.00000e+00,1.15943e-05,9.99938e-01,9.89197e-01
1.212400852e+01,0.00000e+00,9.99999e-01,9.99999e-01,0.00000e+00,1.04589e-04,9.99939e-01,9.88618e-01
1.218462856e+01,0.00000e+00,9.99999e-01,9.99999e-01,0.00000e+00,8.93230e-05,9.99940e-01,9.88035e-01
1.224555170e+01,0.00000e+00,9.99999e-01,9.99999e-01,0.00000e+00,9.45365e-07,9.99941e-01,9.87447e-01
1.230677946e+01,0.00000e+00,9.99999e-01,9.99999e-01,0.00000e+00,8.08620e-11,9.99942e-01,9.86856e-01
1.236831336e+01,0.00000e+00,9.99999e-01,9.99999e-01,0.00000e+00,1.13697e-12,9.99943e-01,9.86238e-01
1.243015492e+01,0.00000e+00,9.99999e-01,9.99999e-01,0.00000e+00,6.26900e-22,9.99945e-01,9.85587e-01
1.249230570e+01,0.00000e+00,9.99999e-01,9.99999e-01,0.00000e+00,1.24344e-20,9.99946e-01,9.84934e-01
1.255476723e+01,0.00000e+00,9.99999e-01,9.99999e-01,0.00000e+00,5.55677e-18,9.99947e-01,9.84231e-01
1.261754106e+01,0.00000e+00,9.99999e-01,9.99999e-01,0.00000e+00,4.08496e-09,9.99948e-01,9.83524e-01
1.268062877e+01,0.00000e+00,9.99999e-01,9.99999e-01,0.00000e+00,9.63393e-08,9.99949e-01,9.82765e-01
1.274403191e+01,0.00000e+00,9.99999e-01,9.99999e-01,0.00000e+00,8.03996e-08,9.99950e-01,9.81942e-01
1.280775207e+01,0.00000e+00,9.99999e-01,9.99999e-01,0.00000e+00,7.63573e-07,9.99951e-01,9.81117e-01
1.287179083e+01,0.00000e+00,9.99999e-01,9.99999e-01,0.00000e+00,3.44991e-08,9.99952e-01,9.80215e-01
1.293614979e+01,0.00000e+00,9.99999e-01,9.99999e-01,0.00000e+00,7.24955e-08,9.99953e-01,9.79300e-01
1.300083054e+01,0.00000e+00,9.99999e-01,9.99999e-01,0.00000e+00,3.86486e-10,9.99954e-01,9.78368e-01
1.306583469e+01,0.00000e+00,9.99999e-01,9.99999e-01,0.00000e+00,2.12039e-12,9.99954e-01,9.77401e-01
1.313116386e+01,0.00000e+00,9.99999e-01,9.99999e-01,0.00000e+00,5.26833e-13,9.99955e-01,9.76431e-01
1.319681968e+01,0.00000e+00,9.99999e-01,9.99999e-01,0.00000e+00,6.60317e-14,9.99956e-01,9.75379e-01
1.326280378e+01,0.00000e+00,9.99999e-01,9.99999e-01,0.00000e+00,1.16307e-20,9.99957e-01,9.74287e-01
1.332911780e+01,0.00000e+00,9.99999e-01,9.99999e-01,0.00000e+00,9.12310e-23,9.99958e-01,9.73185e-01
1.339576339e+01,0.00000e+00,9.99999e-01,9.99999e-01,0.00000e+00,2.00296e-23,9.99959e-01,9.50157e-01
1.346274221e+01,0.00000e+00,9.99999e-01,9.99999e-01,0.00000e+00,1.09758e-34,9.99959e-01,9.46669e-01
1.353005592e+01,0.00000e+00,9.99999e-01,9.99999e-01,0.00000e+00,2.33691e-18,9.99960e-01,9.42868e-01
1.359770620e+01,0.00000e+00,9.99999e-01,9.99999e-01,0.00000e+00,4.63586e-17,9.99961e-01,9.38996e-01
1.366569473e+01,0.00000e+00,9.99999e-01,9.99999e-01,0.00000e+00,1.26523e-16,9.99962e-01,9.34917e-01
1.373402320e+01,0.00000e+00,9.99999e-01,9.99999e-01,0.00000e+00,2.31792e-12,9.99962e-01,9.30184e-01
1.380269332e+01,0.00000e+00,9.99999e-01,9.99999e-01,0.00000e+00,1.10379e-11,9.99963e-01,9.25579e-01
1.387170678e+01,0.00000e+00,9.99999e-01,9.99999e-01,0.00000e+00,9.09222e-15,9.99964e-01,9.20712e-01
1.394106532e+01,0.00000e+00,9.99999e-01,9.99999e-01,0.00000e+00,1.54373e-17,9.99965e-01,9.15590e-01
1.401077064e+01,0.00000e+00,9.99999e-01,9.99999e-01,0.00000e+00,1.77287e-20,9.99965e-01,9.10163e-01
1.408082450e+01,0.00000e+00,9.99999e-01,9.99999e-01,0.00000e+00,6.60430e-21,9.99966e-01,9.04436e-01
1.415122862e+01,0.00000e+00,9.99999e-01,9.99999e-01,0.00000e+00,3.22863e-29,9.99967e-01,8.98263e-01
1.422198476e+01,0.00000e+00,9.99999e-01,9.99999e-01,0.00000e+00,1.80643e-39,9.99967e-01,8.91757e-01
1.429309469e+01,0.00000e+00,9.99999e-01,9.99999e-01,0.00000e+00,7.80076e-39,9.99968e-01,8.84779e-01
1.436456016e+01,0.00000e+00,9.99999e-01,9.99999e-01,0.00000e+00,1.12228e-47,9.99968e-01,8.77191e-01
1.443638296e+01,0.00000e+00,9.99999e-01,9.99999e-01,0.00000e+00,1.86479e-55,9.99969e-01,8.69146e-01
1.450856487e+01,0.00000e+00,9.99999e-01,9.99999e-01,0.00000e+00,1.10711e-36,9.99970e-01,8.60593e-01
1.458110770e+01,0.00000e+00,9.99999e-01,9.99999e-01,0.00000e+00,1.09200e-26,9.99970e-01,8.51421e-01
1.465401324e+01,0.00000e+00,9.99999e-01,9.99999e-01,0.00000e+00,1.54116e-24,9.99971e-01,8.41742e-01
1.472728330e+01,0.00000e+00,9.99999e-01,9.99999e-01,0.00000e+00,3.10671e-24,9.99971e-01,8.32613e-01
1.480091972e+01,0.00000e+00,9.99999e-01,9.99999e-01,0.00000e+00,2.59929e-26,9.99972e-01,8.21654e-01
1.487492432e+01,0.00000e+00,9.99999e-01,9.99999e-01,0.00000e+00,2.80786e-45,9.99972e-01,8.10097e-01
1.494929894e+01,0.00000e+00,9.99999e-01,9.99999e-01,0.00000e+00,1.90666e-35,9.99973e-01,7.97712e-01
1.502404544e+01,0.00000e+00,9.99999e-01,9.99999e-01,0.00000e+00,4.29608e-30,9.99973e-01,7.84487e-01
1.509916566e+01,0.00000e+00,9.99999e-01,9.99999e-01,0.00000e+00,3.36951e-29,9.99974e-01,7.72187e-01
1.517466149e+01,0.00000e+00,9.99999e-01,9.99999e-01,0.00000e+00,2.50964e-31,9.99974e-01,7.59275e-01
1.525053480e+01,0.00000e+00,9.99999e-01,9.99999e-01,0.00000e+00,4.37742e-29,9.99975e-01,7.43739e-01
1.532678747e+01,0.00000e+00,9.99999e-01,9.99999e-01,0.00000e+00,1.28131e-33,9.99975e-01,7.27472e-01
1.540342141e+01,0.00000e+00,9.99999e-01,9.99999e-01,0.00000e+00,5.23320e-43,9.99976e-01,6.98439e-01
1.548043852e+01,0.00000e+00,9.99999e-01,9.99999e-01,0.00000e+00,7.11870e-48,9.99976e-01,6.81979e-01
1.555784071e+01,0.00000e+00,9.99999e-01,9.99999e-01,0.00000e+00,5.34188e-60,9.99977e-01,6.63074e-01
1.563562991e+01,0.00000e+00,9.99999e-01,9.99999e-01,0.00000e+00,2.30001e-90,9.99977e-01,6.43352e-01
1.571380806e+01,0.00000e+00,9.99999e-01,9.99999e-01,0.00000e+00,2.31652e-91,9.99978e-01,6.25222e-01
1.579237710e+01,0.00000e+00,9.99999e-01,9.99999e-01,0.00000e+00,1.48597e-65,9.99978e-01,6.06470e-01
1.587133899e+01,0.00000e+00,9.99999e-01,9.99999e-01,0.00000e+00,9.86880e-58,9.99979e-01,5.87090e-01
1.595069568e+01,0.00000e+00,9.99999e-01,9.99999e-01,0.00000e+00,2.59012e-62,9.99979e-01,5.66570e-01
1.603044916e+01,0.00000e+00,9.99999e-01,9.99999e-01,0.00000e+00,1.87726e-86,9.99979e-01,5.42483e-01
1.611060141e+01,0.00000e+00,9.99999e-01,9.99999e-01,0.00000e+00,3.53691e-83,9.99980e-01,5.17760e-01
1.619115441e+01,0.00000e+00,9.99999e-01,9.99999e-01,0.00000e+00,2.75702e-81,9.99980e-01,4.95446e-01
1.627211019e+01,0.00000e+00,9.99999e-01,9.99999e-01,0.00000e+00,4.25532e-91,9.99980e-01,4.72729e-01
1.635347074e+01,0.00000e+00,9.99999e-01,9.99999e-01,0.00000e+00,9.45736e-84,9.99981e-01,4.49654e-01
1.643523809e+01,0.00000e+00,9.99999e-01,9.99999e-01,0.00000e+00,1.74613e-85,9.99981e-01,4.26200e-01
1.651741428e+01,0.00000e+00,9.99999e-01,9.99999e-01,0.00000e+00,9.14901e-90,9.99982e-01,4.02469e-01
1.660000135e+01,0.00000e+00,9.99999e-01,9.99999e-01,0.00000e+00,7.78745e-114,9.99982e-01,3.78689e-01
1.668300136e+01,0.00000e+00,9.99999e-01,9.99999e-01,0.00000e+00,1.49790e-116,9.99982e-01,3.54775e-01
1.676641637e+01,0.00000e+00,9.99999e-01,9.99999e-01,0.00000e+00,9.22509e-104,9.99983e-01,3.30972e-01
1.685024845e+01,0.00000e+00,9.99999e-01,9.99999e-01,0.00000e+00,2.17820e-106,9.99983e-01,3.07284e-01
1.693449969e+01,0.00000e+00,9.99999e-01,9.99999e-01,0.00000e+00,2.86055e-132,9.99983e-01,2.83856e-01
1.701917219e+01,0.00000e+00,9.99999e-01,9.99999e-01,0.00000e+00,1.45986e-141,9.99984e-01,2.60678e-01
1.710426805e+01,0.00000e+00,9.99999e-01,9.99999e-01,0.00000e+00,2.83202e-182,9.99984e-01,2.37976e-01
1.718978939e+01,0.00000e+00,9.99999e-01,9.99999e-01,0.00000e+00,2.31637e-199,9.99984e-01,2.19254e-01
1.727573834e+01,0.00000e+00,9.99999e-01,9.99999e-01,0.00000e+00,5.23084e-205,9.99984e-01,2.00898e-01
1.736211703e+01,0.00000e+00,9.99999e-01,9.99999e-01,0.00000e+00,1.39502e-218,9.99985e-01,1.79902e-01
1.744892761e+01,0.00000e+00,9.99999e-01,9.99999e-01,0.00000e+00,1.46085e-187,9.99985e-01,1.59825e-01
1.753617225e+01,0.00000e+00,9.99999e-01,9.99999e-01,0.00000e+00,1.43217e-149,9.99985e-01,1.40845e-01
1.762385311e+01,0.00000e+00,9.99999e-01,9.99999e-01,0.00000e+00,9.60236e-148,9.99986e-01,1.23014e-01
1.771197238e+01,0.00000e+00,9.99999e-01,9.99999e-01,0.00000e+00,8.11042e-157,9.99986e-01,1.06412e-01
1.780053224e+01,0.00000e+00,9.99999e-01,9.99999e-01,0.00000e+00,3.64076e-171,9.99986e-01,9.34417e-02
1.788953490e+01,0.00000e+00,9.99999e-01,9.99999e-01,0.00000e+00,1.09365e-184,9.99986e-01,8.13363e-02
1.797898258e+01,0.00000e+00,9.99999e-01,9.99999e-01,0.00000e+00,1.89013e-212,9.99987e-01,6.81847e-02
1.806887749e+01,0.00000e+00,9.99999e-01,9.99999e-01,0.00000e+00,4.24982e-216,9.99987e-01,5.64585e-02
1.815922188e+01,0.00000e+00,9.99999e-01,9.99999e-01,0.00000e+00,2.01989e-288,9.99987e-01,4.76722e-02
1.825001799e+01,0.00000e+00,9.99999e-01,9.99999e-01,0.00000e+00,2.66207e-215,9.99987e-01,3.98427e-02
1.834126808e+01,0.00000e+00,9.99999e-01,9.99999e-01,0.00000e+00,1.10949e-207,9.99988e-01,3.17650e-02
1.843297442e+01,0.00000e+00,9.99999e-01,9.99999e-01,0.00000e+00,1.08997e-209,9.99988e-01,2.49231e-02
1.852513929e+01,0.00000e+00,9.99999e-01,9.99999e-01,0.00000e+00,9.30447e-282,9.99988e-01,2.00606e-02
1.861776499e+01,0.00000e+00,9.99999e-01,9.99999e-01,0.00000e+00,0.00000e+00,9.99988e-01,1.59248e-02
1.871085381e+01,0.00000e+00,9.99999e-01,9.99999e-01,0.00000e+00,4.07295e-268,9.99988e-01,1.18912e-02
1.880440808e+01,0.00000e+00,9.99999e-01,9.99999e-01,0.00000e+00,5.56525e-229,9.99989e-01,9.16023e-03
1.889843012e+01,0.00000e+00,9.99999e-01,9.99999e-01,0.00000e+00,8.65845e-233,9.99989e-01,6.94219e-03
1.899292227e+01,0.00000e+00,9.99999e-01,9.99999e-01,0.00000e+00,1.85351e-316,9.99989e-01,4.88738e-03
1.908788688e+01,0.00000e+00,9.99999e-01,9.99999e-01,0.00000e+00,4.42954e-308,9.99989e-01,3.57273e-03
1.918332632e+01,0.00000e+00,9.99999e-01,9.99999e-01,0.00000e+00,3.56937e-309,9.99989e-01,2.56003e-03
1.927924295e+01,0.00000e+00,9.99999e-01,9.99999e-01,0.00000e+00,0.00000e+00,9.99990e-01,1.79953e-03
1.937563916e+01,0.00000e+00,9.99999e-01,9.99999e-01,0.00000e+00,0.00000e+00,9.99990e-01,1.23573e-03
1.947251736e+01,0.00000e+00,9.99999e-01,9.99999e-01,0.00000e+00,0.00000e+00,9.99990e-01,8.31388e-04
1.956987994e+01,0.00000e+00,9.99999e-01,9.99999e-01,0.00000e+00,0.00000e+00,9.99990e-01,5.45613e-04
1.966772934e+01,0.00000e+00,9.99999e-01,9.99999e-01,0.00000e+00,0.00000e+00,9.99990e-01,3.18813e-04
1.976606799e+01,0.00000e+00,9.99999e-01,9.99999e-01,0.00000e+00,0.00000e+00,9.99990e-01,1.97465e-04
1.986489833e+01,0.00000e+00,9.99999e-01,9.99999e-01,0.00000e+00,0.00000e+00,9.99991e-01,1.18676e-04
1.996422282e+01,0.00000e+00,9.99999e-01,9.99999e-01,0.00000e+00,0.00000e+00,9.99991e-01,6.94156e-05
