#,Wave/freq,Total,N2,O2,CO2,H2O,Rayleigh,CIA
4.000000000e-01,3.29077e-07,9.99999e-01,9.99999e-01,9.99999e-01,9.99970e-01,3.29087e-07,9.99999e-01
4.020000000e-01,4.42064e-07,9.99999e-01,9.99999e-01,9.99999e-01,9.99981e-01,4.42072e-07,9.99999e-01
4.040100000e-01,5.90211e-07,9.99999e-01,9.99999e-01,9.99999e-01,9.99991e-01,5.90215e-07,9.99999e-01
4.060300500e-01,7.83515e-07,9.99999e-01,9.99999e-01,9.99999e-01,9.99997e-01,7.83517e-07,9.99999e-01
4.080602003e-01,1.03432e-06,9.99999e-01,9.99999e-01,9.99999e-01,9.99998e-01,1.03432e-06,9.99999e-01
4.101005013e-01,1.35794e-06,9.99999e-01,9.99999e-01,9.99999e-01,9.99999e-01,1.35794e-06,9.99999e-01
4.121510038e-01,1.77325e-06,9.99999e-01,9.99999e-01,9.99999e-01,9.99998e-01,1.77326e-06,9.99999e-01
4.142117588e-01,2.30340e-06,9.99999e-01,9.99999e-01,9.99999e-01,9.99991e-01,2.30342e-06,9.99999e-01
4.162828176e-01,2.97656e-06,9.99999e-01,9.99999e-01,9.99999e-01,9.99963e-01,2.97666e-06,9.99999e-01
4.183642317e-01,3.82717e-06,9.99999e-01,9.99999e-01,9.99999e-01,9.99978e-01,3.82725e-06,9.99999e-01
4.204560528e-01,4.89647e-06,9.99999e-01,9.99999e-01,9.99999e-01,9.99986e-01,4.89653e-06,9.99999e-01
4.225583331e-01,6.23411e-06,9.99999e-01,9.99999e-01,9.99999e-01,9.99994e-01,6.23414e-06,9.99999e-01
4.246711247e-01,7.89934e-06,9.99999e-01,9.99999e-01,9.99999e-01,9.99995e-01,7.89937e-06,9.99999e-01
4.267944804e-01,9.96266e-06,9.99999e-01,9.99999e-01,9.99999e-01,9.99993e-01,9.96271e-06,9.99999e-01
4.289284528e-01,1.25075e-05,9.99999e-01,9.99999e-01,9.99999e-01,9.99995e-01,1.25075e-05,9.99999e-01
4.310730950e-01,1.56320e-05,9.99999e-01,9.99999e-01,9.99999e-01,9.99997e-01,1.56320e-05,9.99999e-01
4.332284605e-01,1.94511e-05,9.99999e-01,9.99999e-01,9.99999e-01,9.99999e-01,1.94511e-05,9.99999e-01
4.353946028e-01,2.40991e-05,9.99999e-01,9.99999e-01,9.99999e-01,9.99999e-01,2.40991e-05,9.99999e-01
4.375715758e-01,2.97314e-05,9.99999e-01,9.99999e-01,9.99999e-01,9.99996e-01,2.97315e-05,9.99999e-01
4.397594337e-01,3.65274e-05,9.99999e-01,9.99999e-01,9.99999e-01,9.99968e-01,3.65285e-05,9.99999e-01
4.419582309e-01,4.46903e-05,9.99999e-01,9.99999e-01,9.99999e-01,9.99842e-01,4.46973e-05,9.99999e-01
4.441680220e-01,5.44684e-05,9.99999e-01,9.99999e-01,9.99999e-01,9.99875e-01,5.44752e-05,9.99999e-01
4.463888621e-01,6.61247e-05,9.99999e-01,9.99999e-01,9.99999e-01,9.99870e-01,6.61332e-05,9.99999e-01
4.486208064e-01,7.99727e-05,9.99999e-01,9.99999e-01,9.99999e-01,9.99919e-01,7.99791e-05,9.99999e-01
4.508639105e-01,9.63578e-05,9.99999e-01,9.99999e-01,9.99999e-01,9.99961e-01,9.63614e-05,9.99999e-01
4.531182300e-01,1.15671e-04,9.99999e-01,9.99999e-01,9.99999e-01,9.99984e-01,1.15673e-04,9.99999e-01
4.553838212e-01,1.38353e-04,9.99999e-01,9.99999e-01,9.99999e-01,9.99989e-01,1.38354e-04,9.99999e-01
4.576607403e-01,1.64898e-04,9.99999e-01,9.99999e-01,9.99999e-01,9.99994e-01,1.64899e-04,9.99999e-01
4.599490440e-01,1.95855e-04,9.99999e-01,9.99999e-01,9.99999e-01,9.99996e-01,1.95856e-04,9.99999e-01
4.622487892e-01,2.31835e-04,9.99999e-01,9.99999e-01,9.99999e-01,9.99998e-01,2.31835e-04,9.99999e-01
4.645600332e-01,2.73511e-04,9.99999e-01,9.99999e-01,9.99999e-01,9.99997e-01,2.73512e-04,9.99999e-01
4.668828333e-01,3.21617e-04,9.99999e-01,9.99999e-01,9.99999e-01,9.99961e-01,3.21629e-04,9.99999e-01
4.692172475e-01,3.76971e-04,9.99999e-01,9.99999e-01,9.99999e-01,9.99918e-01,3.77002e-04,9.99999e-01
4.715633337e-01,4.40500e-04,9.99999e-01,9.99999e-01,9.99999e-01,9.99946e-01,4.40523e-04,9.99999e-01
4.739211504e-01,5.13141e-04,9.99999e-01,9.99999e-01,9.99999e-01,9.99948e-01,5.13167e-04,9.99999e-01
4.762907561e-01,5.95975e-04,9.99999e-01,9.99999e-01,9.99999e-01,9.99973e-01,5.95991e-04,9.99999e-01
4.786722099e-01,6.90131e-04,9.99999e-01,9.99999e-01,9.99999e-01,9.99988e-01,6.90139e-04,9.99999e-01
4.810655710e-01,7.96845e-04,9.99999e-01,9.99999e-01,9.99999e-01,9.99996e-01,7.96847e-04,9.99999e-01
4.834708988e-01,9.17418e-04,9.99999e-01,9.99999e-01,9.99999e-01,9.99969e-01,9.17446e-04,9.99999e-01
4.858882533e-01,1.05330e-03,9.99999e-01,9.99999e-01,9.99999e-01,9.99942e-01,1.05336e-03,9.99999e-01
4.883176946e-01,1.20606e-03,9.99999e-01,9.99999e-01,9.99999e-01,9.99951e-01,1.20611e-03,9.99999e-01
4.907592831e-01,1.37727e-03,9.99999e-01,9.99999e-01,9.99999e-01,9.99956e-01,1.37733e-03,9.99999e-01
4.932130795e-01,1.56869e-03,9.99999e-01,9.99999e-01,9.99999e-01,9.99968e-01,1.56873e-03,9.99999e-01
4.956791449e-01,1.78212e-03,9.99999e-01,9.99999e-01,9.99999e-01,9.99983e-01,1.78215e-03,9.99999e-01
4.981575406e-01,2.01934e-03,9.99999e-01,9.99999e-01,9.99999e-01,9.99918e-01,2.01951e-03,9.99999e-01
5.006483283e-01,2.28235e-03,9.99999e-01,9.99999e-01,9.99999e-01,9.99790e-01,2.28283e-03,9.99998e-01
5.031515699e-01,2.57147e-03,9.99999e-01,9.99999e-01,9.99999e-01,9.98933e-01,2.57424e-03,9.99988e-01
5.056673278e-01,2.89431e-03,9.99999e-01,9.99999e-01,9.99999e-01,9.99435e-01,2.89598e-03,9.99986e-01
5.081956644e-01,3.24802e-03,9.99999e-01,9.99999e-01,9.99999e-01,9.99288e-01,3.25036e-03,9.99991e-01
5.107366428e-01,3.63804e-03,9.99999e-01,9.99999e-01,9.99999e-01,9.99518e-01,3.63980e-03,9.99997e-01
5.132903260e-01,4.06567e-03,9.99999e-01,9.99999e-01,9.99999e-01,9.99724e-01,4.06679e-03,9.99999e-01
5.158567776e-01,4.53341e-03,9.99999e-01,9.99999e-01,9.99999e-01,9.99883e-01,4.53393e-03,9.99999e-01
5.184360615e-01,5.04366e-03,9.99999e-01,9.99999e-01,9.99999e-01,9.99953e-01,5.04389e-03,9.99999e-01
5.210282418e-01,5.59931e-03,9.99999e-01,9.99999e-01,9.99999e-01,9.99982e-01,5.59940e-03,9.99999e-01
5.236333830e-01,6.20285e-03,9.99999e-01,9.99999e-01,9.99999e-01,9.99930e-01,6.20328e-03,9.99999e-01
5.262515499e-01,6.85809e-03,9.99999e-01,9.99999e-01,9.99999e-01,9.99955e-01,6.85840e-03,9.99998e-01
5.288828077e-01,7.56737e-03,9.99999e-01,9.99999e-01,9.99999e-01,9.99959e-01,7.56768e-03,9.99999e-01
5.315272217e-01,8.33380e-03,9.99999e-01,9.99999e-01,9.99999e-01,9.99964e-01,8.33409e-03,9.99999e-01
5.341848578e-01,9.16045e-03,9.99999e-01,9.99999e-01,9.99999e-01,9.99976e-01,9.16065e-03,9.99999e-01
5.368557821e-01,1.00496e-02,9.99999e-01,9.99999e-01,9.99999e-01,9.99918e-01,1.00504e-02,9.99999e-01
5.395400610e-01,1.10032e-02,9.99999e-01,9.99999e-01,9.99999e-01,9.99709e-01,1.10064e-02,9.99997e-01
5.422377613e-01,1.20271e-02,9.99999e-01,9.99999e-01,9.99999e-01,9.99621e-01,1.20317e-02,9.99992e-01
5.449489501e-01,1.31247e-02,9.99999e-01,9.99999e-01,9.99999e-01,9.99649e-01,1.31294e-02,9.99992e-01
5.476736949e-01,1.42981e-02,9.99999e-01,9.99999e-01,9.99999e-01,9.99687e-01,1.43026e-02,9.99996e-01
5.504120634e-01,1.55508e-02,9.99999e-01,9.99999e-01,9.99999e-01,9.99773e-01,1.55543e-02,9.99998e-01
5.531641237e-01,1.68856e-02,9.99999e-01,9.99999e-01,9.99999e-01,9.99885e-01,1.68875e-02,9.99999e-01
5.559299443e-01,1.83042e-02,9.99999e-01,9.99999e-01,9.99999e-01,9.99944e-01,1.83053e-02,9.99999e-01
5.587095940e-01,1.98098e-02,9.99999e-01,9.99999e-01,9.99999e-01,9.99965e-01,1.98104e-02,9.99999e-01
5.615031420e-01,2.14051e-02,9.99999e-01,9.99999e-01,9.99999e-01,9.99961e-01,2.14060e-02,9.99999e-01
5.643106577e-01,2.30936e-02,9.99999e-01,9.99999e-01,9.99999e-01,9.99956e-01,2.30946e-02,9.99999e-01
5.671322110e-01,2.48661e-02,9.99999e-01,9.99999e-01,9.99999e-01,9.99477e-01,2.48791e-02,9.99994e-01
5.699678720e-01,2.67467e-02,9.99999e-01,9.99999e-01,9.99999e-01,9.99435e-01,2.67622e-02,9.99985e-01
5.728177114e-01,2.87292e-02,9.99999e-01,9.99999e-01,9.99999e-01,9.99415e-01,2.87463e-02,9.99987e-01
5.756818000e-01,3.08172e-02,9.99999e-01,9.99999e-01,9.99999e-01,9.99463e-01,3.08339e-02,9.99992e-01
5.785602090e-01,3.30119e-02,9.99999e-01,9.99999e-01,9.99999e-01,9.99531e-01,3.30274e-02,9.99997e-01
5.814530100e-01,3.53123e-02,9.99999e-01,9.99999e-01,9.99999e-01,9.99529e-01,3.53289e-02,9.99998e-01
5.843602750e-01,3.77194e-02,9.99999e-01,9.99999e-01,9.99999e-01,9.99442e-01,3.77405e-02,9.99996e-01
5.872820764e-01,4.00696e-02,9.99999e-01,9.99999e-01,9.99999e-01,9.95199e-01,4.02643e-02,9.99965e-01
5.902184868e-01,4.26471e-02,9.99999e-01,9.99999e-01,9.99999e-01,9.94152e-01,4.29019e-02,9.99907e-01
5.931695792e-01,4.54626e-02,9.99999e-01,9.99999e-01,9.99999e-01,9.95874e-01,4.56550e-02,9.99909e-01
5.961354271e-01,4.83028e-02,9.99999e-01,9.99999e-01,9.99999e-01,9.95471e-01,4.85251e-02,9.99945e-01
5.991161043e-01,5.13425e-02,9.99999e-01,9.99999e-01,9.99999e-01,9.96693e-01,5.15136e-02,9.99983e-01
6.021116848e-01,5.45189e-02,9.99999e-01,9.99999e-01,9.99999e-01,9.98121e-01,5.46216e-02,9.99997e-01
6.051222432e-01,5.77952e-02,9.99999e-01,9.99999e-01,9.99999e-01,9.99048e-01,5.78502e-02,9.99999e-01
6.081478544e-01,6.11750e-02,9.99999e-01,9.99999e-01,9.99999e-01,9.99589e-01,6.12001e-02,9.99999e-01
6.111885937e-01,6.46609e-02,9.99999e-01,9.99999e-01,9.99999e-01,9.99825e-01,6.46721e-02,9.99999e-01
6.142445367e-01,6.82613e-02,9.99999e-01,9.99999e-01,9.99999e-01,9.99922e-01,6.82666e-02,9.99999e-01
6.173157594e-01,7.19808e-02,9.99999e-01,9.99999e-01,9.99999e-01,9.99956e-01,7.19839e-02,9.99999e-01
6.204023382e-01,7.58215e-02,9.99999e-01,9.99999e-01,9.99999e-01,9.99963e-01,7.58242e-02,9.99999e-01
6.235043498e-01,7.97749e-02,9.99999e-01,9.99999e-01,9.99999e-01,9.99842e-01,7.97874e-02,9.99999e-01
6.266218716e-01,8.38023e-02,9.99999e-01,9.99999e-01,9.99999e-01,9.99158e-01,8.38733e-02,9.99993e-01
6.297549810e-01,8.80534e-02,9.99999e-01,9.99999e-01,9.99999e-01,9.99691e-01,8.80816e-02,9.99987e-01
6.329037559e-01,9.23542e-02,9.99999e-01,9.99999e-01,9.99999e-01,9.99388e-01,9.24115e-02,9.99990e-01
6.360682746e-01,9.68117e-02,9.99999e-01,9.99999e-01,9.99999e-01,9.99481e-01,9.68625e-02,9.99993e-01
6.392486160e-01,1.01365e-01,9.99999e-01,9.99999e-01,9.99999e-01,9.99326e-01,1.01434e-01,9.99997e-01
6.424448591e-01,1.06028e-01,9.99999e-01,9.99999e-01,9.99999e-01,9.99103e-01,1.06124e-01,9.99995e-01
6.456570834e-01,1.10468e-01,9.99999e-01,9.99999e-01,9.99999e-01,9.95842e-01,1.10931e-01,9.99976e-01
6.488853688e-01,1.15493e-01,9.99999e-01,9.99999e-01,9.99999e-01,9.96934e-01,1.15856e-01,9.99934e-01
6.521297956e-01,1.20510e-01,9.99999e-01,9.99999e-01,9.99999e-01,9.96874e-01,1.20895e-01,9.99945e-01
6.553904446e-01,1.25652e-01,9.99999e-01,9.99999e-01,9.99999e-01,9.96912e-01,1.26047e-01,9.99958e-01
6.586673968e-01,1.30959e-01,9.99999e-01,9.99999e-01,9.99999e-01,9.97335e-01,1.31310e-01,9.99986e-01
6.619607338e-01,1.36472e-01,9.99999e-01,9.99999e-01,9.99999e-01,9.98459e-01,1.36683e-01,9.99996e-01
6.652705375e-01,1.42036e-01,9.99999e-01,9.99999e-01,9.99999e-01,9.99106e-01,1.42163e-01,9.99998e-01
6.685968902e-01,1.47686e-01,9.99999e-01,9.99999e-01,9.99999e-01,9.99584e-01,1.47748e-01,9.99999e-01
6.719398746e-01,1.53406e-01,9.99999e-01,9.99999e-01,9.99999e-01,9.99807e-01,1.53435e-01,9.99999e-01
6.752995740e-01,1.59206e-01,9.99999e-01,9.99999e-01,9.99999e-01,9.99895e-01,1.59223e-01,9.99999e-01
6.786760719e-01,1.65083e-01,9.99999e-01,9.99999e-01,9.99999e-01,9.99850e-01,1.65108e-01,9.99999e-01
6.820694522e-01,1.71043e-01,9.99999e-01,9.99999e-01,9.99999e-01,9.99743e-01,1.71087e-01,9.99998e-01
6.854797995e-01,1.77100e-01,9.99999e-01,9.99999e-01,9.99999e-01,9.99669e-01,1.77159e-01,9.99996e-01
6.889071985e-01,1.83174e-01,9.99999e-01,9.99999e-01,9.99999e-01,9.99206e-01,1.83320e-01,9.99992e-01
6.923517345e-01,1.87097e-01,9.99999e-01,9.99999e-01,9.99999e-01,9.87027e-01,1.89568e-01,9.99936e-01
6.958134932e-01,1.94529e-01,9.99999e-01,9.99999e-01,9.99999e-01,9.93152e-01,1.95898e-01,9.99858e-01
6.992925606e-01,2.00983e-01,9.99999e-01,9.99999e-01,9.99999e-01,9.93571e-01,2.02308e-01,9.99875e-01
7.027890234e-01,2.07112e-01,9.99999e-01,9.99999e-01,9.99999e-01,9.92028e-01,2.08796e-01,9.99904e-01
7.063029686e-01,2.13904e-01,9.99999e-01,9.99999e-01,9.99999e-01,9.93298e-01,2.15357e-01,9.99952e-01
7.098344834e-01,2.20555e-01,9.99999e-01,9.99999e-01,9.99999e-01,9.93569e-01,2.21989e-01,9.99971e-01
7.133836558e-01,2.26732e-01,9.99999e-01,9.99999e-01,9.99999e-01,9.91503e-01,2.28688e-01,9.99943e-01
7.169505741e-01,2.19678e-01,9.99999e-01,9.99999e-01,9.99999e-01,9.33422e-01,2.35450e-01,9.99560e-01
7.205353270e-01,2.33972e-01,9.99999e-01,9.99999e-01,9.99999e-01,9.66484e-01,2.42273e-01,9.99224e-01
7.241380036e-01,2.38528e-01,9.99999e-01,9.99999e-01,9.99999e-01,9.57995e-01,2.49154e-01,9.99330e-01
7.277586936e-01,2.46221e-01,9.99999e-01,9.99999e-01,9.99999e-01,9.61997e-01,2.56087e-01,9.99452e-01
7.313974871e-01,2.52345e-01,9.99999e-01,9.99999e-01,9.99999e-01,9.59471e-01,2.63072e-01,9.99743e-01
7.350544745e-01,2.64052e-01,9.99999e-01,9.99999e-01,9.99999e-01,9.77684e-01,2.70103e-01,9.99910e-01
7.387297469e-01,2.72600e-01,9.99999e-01,9.99999e-01,9.99999e-01,9.83524e-01,2.77177e-01,9.99958e-01
7.424233956e-01,2.81986e-01,9.99999e-01,9.99999e-01,9.99999e-01,9.91895e-01,2.84292e-01,9.99991e-01
7.461355126e-01,2.90011e-01,9.99999e-01,9.99999e-01,9.99999e-01,9.95087e-01,2.91443e-01,9.99998e-01
7.498661902e-01,2.97943e-01,9.99999e-01,9.99999e-01,9.99999e-01,9.97706e-01,2.98628e-01,9.99999e-01
7.536155211e-01,3.05499e-01,9.99999e-01,9.99999e-01,9.99999e-01,9.98876e-01,3.05843e-01,9.99999e-01
7.573835987e-01,3.12903e-01,9.99999e-01,9.99999e-01,9.99999e-01,9.99421e-01,3.13084e-01,9.99999e-01
7.611705167e-01,3.20233e-01,9.99999e-01,9.99999e-01,9.99999e-01,9.99640e-01,3.20348e-01,9.99999e-01
7.649763693e-01,3.27559e-01,9.99999e-01,9.99999e-01,9.99999e-01,9.99774e-01,3.27633e-01,9.99999e-01
7.688012511e-01,3.34882e-01,9.99999e-01,9.99999e-01,9.99999e-01,9.99842e-01,3.34935e-01,9.99999e-01
7.726452574e-01,3.42206e-01,9.99999e-01,9.99999e-01,9.99999e-01,9.99870e-01,3.42250e-01,9.99999e-01
7.765084837e-01,3.49512e-01,9.99999e-01,9.99999e-01,9.99999e-01,9.99817e-01,3.49576e-01,9.99999e-01
7.803910261e-01,3.40724e-01,9.99999e-01,9.99999e-01,9.55371e-01,9.99213e-01,3.56909e-01,9.99998e-01
7.842929812e-01,2.93899e-01,9.99999e-01,9.99999e-01,8.08946e-01,9.97256e-01,3.64247e-01,9.99994e-01
7.882144461e-01,2.94959e-01,9.99999e-01,9.99999e-01,7.98100e-01,9.94323e-01,3.71586e-01,9.99964e-01
7.921555184e-01,3.30703e-01,9.99999e-01,9.99999e-01,8.75450e-01,9.96874e-01,3.78923e-01,9.99932e-01
7.961162960e-01,3.51204e-01,9.99999e-01,9.99999e-01,9.14254e-01,9.94518e-01,3.86257e-01,9.99935e-01
8.000968774e-01,3.72532e-01,9.99999e-01,9.99999e-01,9.52604e-01,9.93648e-01,3.93583e-01,9.99930e-01
8.040973618e-01,3.88419e-01,9.99999e-01,9.99999e-01,9.75094e-01,9.93652e-01,4.00899e-01,9.99945e-01
8.081178486e-01,3.97778e-01,9.99999e-01,9.99999e-01,9.88518e-01,9.85800e-01,4.08203e-01,9.99948e-01
8.121584379e-01,3.89953e-01,9.99999e-01,9.99999e-01,9.96422e-01,9.42043e-01,4.15492e-01,9.99798e-01
8.162192301e-01,3.93066e-01,9.99999e-01,9.99999e-01,9.99208e-01,9.31173e-01,4.22763e-01,9.99245e-01
8.203003262e-01,4.14828e-01,9.99999e-01,9.99999e-01,9.99986e-01,9.65547e-01,4.30014e-01,9.99116e-01
8.244018279e-01,4.15747e-01,9.99999e-01,9.99999e-01,9.99999e-01,9.51507e-01,4.37242e-01,9.99296e-01
8.285238370e-01,4.25762e-01,9.99999e-01,9.99999e-01,9.99999e-01,9.58491e-01,4.44445e-01,9.99447e-01
8.326664562e-01,4.32534e-01,9.99999e-01,9.99999e-01,9.99999e-01,9.57952e-01,4.51622e-01,9.99771e-01
8.368297885e-01,4.44866e-01,9.99999e-01,9.99999e-01,9.99999e-01,9.69745e-01,4.58769e-01,9.99947e-01
8.410139374e-01,4.57444e-01,9.99999e-01,9.99999e-01,9.99999e-01,9.81911e-01,4.65885e-01,9.99969e-01
8.452190071e-01,4.68742e-01,9.99999e-01,9.99999e-01,9.99999e-01,9.91085e-01,4.72967e-01,9.99981e-01
8.494451021e-01,4.77526e-01,9.99999e-01,9.99999e-01,9.99999e-01,9.94831e-01,4.80014e-01,9.99984e-01
8.536923276e-01,4.85526e-01,9.99999e-01,9.99999e-01,9.99999e-01,9.96934e-01,4.87023e-01,9.99989e-01
8.579607893e-01,4.93061e-01,9.99999e-01,9.99999e-01,9.99999e-01,9.98114e-01,4.93993e-01,9.99996e-01
8.622505932e-01,5.00322e-01,9.99999e-01,9.99999e-01,9.99999e-01,9.98800e-01,5.00923e-01,9.99999e-01
8.665618462e-01,4.62368e-01,9.99999e-01,9.99999e-01,9.11157e-01,9.99259e-01,5.07810e-01,9.99999e-01
8.708946554e-01,3.02063e-01,9.99999e-01,9.99999e-01,5.87399e-01,9.99153e-01,5.14653e-01,9.99999e-01
8.752491287e-01,3.37753e-01,9.99999e-01,9.99999e-01,6.48425e-01,9.98866e-01,5.21450e-01,9.99998e-01
8.796253743e-01,4.14950e-01,9.99999e-01,9.99999e-01,7.86776e-01,9.98434e-01,5.28200e-01,9.99996e-01
8.840235012e-01,4.71312e-01,9.99999e-01,9.99999e-01,8.82675e-01,9.98210e-01,5.34901e-01,9.99988e-01
8.884436187e-01,5.12178e-01,9.99999e-01,9.99999e-01,9.51842e-01,9.93551e-01,5.41553e-01,9.99968e-01
8.928858368e-01,5.01701e-01,9.99999e-01,9.99999e-01,9.80231e-01,9.33657e-01,5.48154e-01,9.99820e-01
8.973502660e-01,4.88179e-01,9.99999e-01,9.99999e-01,9.95144e-01,8.85057e-01,5.54702e-01,9.99082e-01
9.018370173e-01,5.26113e-01,9.99999e-01,9.99999e-01,9.99463e-01,9.39321e-01,5.61197e-01,9.98557e-01
9.063462024e-01,5.29932e-01,9.99999e-01,9.99999e-01,9.86619e-01,9.46878e-01,5.67637e-01,9.98732e-01
9.108779334e-01,5.10314e-01,9.99999e-01,9.99999e-01,9.69022e-01,9.18150e-01,5.74022e-01,9.98683e-01
9.154323231e-01,5.22261e-01,9.99999e-01,9.99999e-01,9.92602e-01,9.07400e-01,5.80350e-01,9.98911e-01
9.200094847e-01,4.92522e-01,9.99999e-01,9.99999e-01,9.01739e-01,9.26647e-01,5.86621e-01,9.99390e-01
9.246095321e-01,4.53560e-01,9.99999e-01,9.99999e-01,8.57504e-01,8.89603e-01,5.92834e-01,9.99297e-01
9.292325798e-01,2.47484e-01,9.99999e-01,9.99999e-01,8.87560e-01,4.59372e-01,5.98988e-01,9.97264e-01
9.338787427e-01,1.97724e-01,9.99999e-01,9.99999e-01,8.90232e-01,3.65461e-01,6.05083e-01,9.88742e-01
9.385481364e-01,3.70667e-01,9.99999e-01,9.99999e-01,9.17988e-01,6.65271e-01,6.11117e-01,9.86625e-01
9.432408771e-01,3.32786e-01,9.99999e-01,9.99999e-01,9.48819e-01,5.72835e-01,6.17091e-01,9.88450e-01
9.479570815e-01,2.80410e-01,9.99999e-01,9.99999e-01,9.73447e-01,4.65889e-01,6.23003e-01,9.90590e-01
9.526968669e-01,3.45428e-01,9.99999e-01,9.99999e-01,9.87098e-01,5.58866e-01,6.28854e-01,9.94249e-01
9.574603512e-01,3.66011e-01,9.99999e-01,9.99999e-01,9.94460e-01,5.81342e-01,6.34642e-01,9.97074e-01
9.622476530e-01,4.09208e-01,9.99999e-01,9.99999e-01,9.98267e-01,6.41335e-01,6.40368e-01,9.97976e-01
9.670588912e-01,4.99011e-01,9.99999e-01,9.99999e-01,9.99479e-01,7.73871e-01,6.46030e-01,9.98615e-01
9.718941857e-01,5.54158e-01,9.99999e-01,9.99999e-01,9.99962e-01,8.51314e-01,6.51630e-01,9.98980e-01
9.767536566e-01,5.74510e-01,9.99999e-01,9.99999e-01,9.99999e-01,8.74904e-01,6.57165e-01,9.99220e-01
9.816374249e-01,5.99857e-01,9.99999e-01,9.99999e-01,9.99999e-01,9.05500e-01,6.62638e-01,9.99729e-01
9.865456120e-01,6.27813e-01,9.99999e-01,9.99999e-01,9.99999e-01,9.39828e-01,6.68046e-01,9.99943e-01
9.914783401e-01,6.48043e-01,9.99999e-01,9.99999e-01,9.99999e-01,9.62373e-01,6.73390e-01,9.99983e-01
9.964357318e-01,6.64636e-01,9.99999e-01,9.99999e-01,9.99999e-01,9.79329e-01,6.78670e-01,9.99990e-01
1.001417910e+00,6.75369e-01,9.99999e-01,9.99999e-01,9.99999e-01,9.87558e-01,6.83887e-01,9.99985e-01
1.006425000e+00,6.84132e-01,9.99999e-01,9.99999e-01,9.99999e-01,9.92898e-01,6.89039e-01,9.99979e-01
1.011457125e+00,6.91046e-01,9.99999e-01,9.99999e-01,9.99999e-01,9.95580e-01,6.94127e-01,9.99981e-01
1.016514411e+00,6.97045e-01,9.99999e-01,9.99999e-01,9.99999e-01,9.97000e-01,6.99150e-01,9.99986e-01
1.021596983e+00,7.02372e-01,9.99999e-01,9.99999e-01,9.99932e-01,9.97610e-01,7.04110e-01,9.99986e-01
1.026704968e+00,7.03976e-01,9.99999e-01,9.99999e-01,9.94762e-01,9.98136e-01,7.09006e-01,9.99990e-01
1.031838492e+00,6.74564e-01,9.99999e-01,9.99999e-01,9.46220e-01,9.98643e-01,7.13839e-01,9.99997e-01
1.036997685e+00,8.05046e-02,9.99999e-01,9.99999e-01,1.12098e-01,9.99195e-01,7.18608e-01,9.99999e-01
1.042182673e+00,3.93974e-02,9.99999e-01,9.99999e-01,5.45125e-02,9.99042e-01,7.23314e-01,9.99999e-01
1.047393587e+00,5.78014e-02,9.99999e-01,9.99999e-01,7.94902e-02,9.98729e-01,7.27956e-01,9.99999e-01
1.052630555e+00,4.79524e-04,9.99999e-01,9.99999e-01,6.55409e-04,9.98257e-01,7.32536e-01,9.99999e-01
1.057893707e+00,1.42893e-03,9.99999e-01,9.99999e-01,1.94221e-03,9.97095e-01,7.37053e-01,9.99998e-01
1.063183176e+00,7.15680e-03,9.99999e-01,9.99999e-01,9.68271e-03,9.95220e-01,7.41509e-01,9.99997e-01
1.068499092e+00,2.74735e-02,9.99999e-01,9.99999e-01,3.70690e-02,9.92000e-01,7.45902e-01,9.99994e-01
1.073841587e+00,9.18398e-02,9.99999e-01,9.99999e-01,1.23357e-01,9.90655e-01,7.50234e-01,9.99987e-01
1.079210795e+00,1.98383e-01,9.99999e-01,9.99999e-01,2.65745e-01,9.88014e-01,7.54504e-01,9.99967e-01
1.084606849e+00,3.57528e-01,9.99999e-01,9.99999e-01,4.79382e-01,9.81930e-01,7.58714e-01,9.99922e-01
1.090029883e+00,5.07492e-01,9.99999e-01,9.99999e-01,6.82272e-01,9.74233e-01,7.62864e-01,9.99839e-01
1.095480033e+00,5.91887e-01,9.99999e-01,9.99999e-01,8.28041e-01,9.31266e-01,7.66953e-01,9.99710e-01
1.100957433e+00,5.88097e-01,9.99999e-01,9.99999e-01,9.13027e-01,8.34792e-01,7.70983e-01,9.99467e-01
1.106462220e+00,4.74247e-01,9.99999e-01,9.99999e-01,9.63036e-01,6.34867e-01,7.74954e-01,9.99096e-01
1.111994531e+00,2.96616e-01,9.99999e-01,9.99999e-01,9.86134e-01,3.86596e-01,7.78867e-01,9.97604e-01
1.117554504e+00,1.68549e-01,9.99999e-01,9.99999e-01,9.96588e-01,2.17772e-01,7.82721e-01,9.91381e-01
1.123142276e+00,2.57345e-01,9.99999e-01,9.99999e-01,9.99774e-01,3.34008e-01,7.86518e-01,9.79682e-01
1.128757988e+00,3.76614e-01,9.99999e-01,9.99999e-01,9.99999e-01,4.88022e-01,7.90257e-01,9.76533e-01
1.134401778e+00,1.92655e-01,9.99999e-01,9.99999e-01,9.99999e-01,2.47605e-01,7.93940e-01,9.80011e-01
1.140073787e+00,5.08403e-01,9.99999e-01,9.99999e-01,9.99999e-01,6.47808e-01,7.97567e-01,9.83996e-01
1.145774156e+00,3.23697e-01,9.99999e-01,9.99999e-01,9.99999e-01,4.10056e-01,8.01139e-01,9.85341e-01
1.151503026e+00,2.97635e-01,9.99999e-01,9.99999e-01,9.99999e-01,3.72946e-01,8.04655e-01,9.91806e-01
1.157260541e+00,3.47224e-01,9.99999e-01,9.99999e-01,9.99999e-01,4.30729e-01,8.08117e-01,9.97542e-01
1.163046844e+00,4.33798e-01,9.99999e-01,9.99999e-01,9.99999e-01,5.34919e-01,8.11525e-01,9.99302e-01
1.168862078e+00,5.25565e-01,9.99999e-01,9.99999e-01,9.99999e-01,6.45191e-01,8.14879e-01,9.99640e-01
1.174706389e+00,6.23962e-01,9.99999e-01,9.99999e-01,9.99999e-01,7.62984e-01,8.18181e-01,9.99523e-01
1.180579921e+00,6.95981e-01,9.99999e-01,9.99999e-01,9.99999e-01,8.47889e-01,8.21430e-01,9.99279e-01
1.186482820e+00,7.50599e-01,9.99999e-01,9.99999e-01,9.99991e-01,9.10905e-01,8.24628e-01,9.99260e-01
1.192415234e+00,7.69290e-01,9.99999e-01,9.99999e-01,9.81604e-01,9.47007e-01,8.27775e-01,9.99446e-01
1.198377311e+00,4.41434e-01,9.99999e-01,9.99999e-01,5.52313e-01,9.55199e-01,8.30871e-01,9.99477e-01
1.204369197e+00,5.56922e-15,9.99999e-01,9.99999e-01,6.85105e-15,9.57556e-01,8.33918e-01,9.99526e-01
1.210391043e+00,6.60363e-57,9.99999e-01,9.99999e-01,8.07661e-57,9.59353e-01,8.36915e-01,9.99711e-01
1.216442998e+00,2.07829e-49,9.99999e-01,9.99999e-01,2.52961e-49,9.65275e-01,8.39863e-01,9.99823e-01
1.222525213e+00,1.10730e-48,9.99999e-01,9.99999e-01,1.33274e-48,9.72869e-01,8.42763e-01,9.99890e-01
1.228637839e+00,1.06719e-37,9.99999e-01,9.99999e-01,1.27867e-37,9.81091e-01,8.45615e-01,9.99948e-01
1.234781029e+00,5.36627e-24,9.99999e-01,9.99999e-01,6.36388e-24,9.85916e-01,8.48421e-01,9.99984e-01
1.240954934e+00,3.91434e-16,9.99999e-01,9.99999e-01,4.62499e-16,9.91078e-01,8.51180e-01,9.99995e-01
1.247159708e+00,1.70369e-08,9.99999e-01,9.99999e-01,2.00344e-08,9.93043e-01,8.53894e-01,9.99996e-01
1.253395507e+00,1.27623e-05,9.99999e-01,9.99999e-01,1.49667e-05,9.93827e-01,8.56562e-01,9.99996e-01
1.259662485e+00,1.45280e-03,9.99999e-01,9.99999e-01,1.69858e-03,9.94143e-01,8.59185e-01,9.99994e-01
1.265960797e+00,2.18568e-02,9.99999e-01,9.99999e-01,2.55404e-02,9.90643e-01,8.61765e-01,9.99990e-01
1.272290601e+00,1.54351e-01,9.99999e-01,9.99999e-01,1.80738e-01,9.86281e-01,8.64301e-01,9.99983e-01
1.278652054e+00,1.48610e-01,9.99999e-01,9.99999e-01,1.75249e-01,9.71212e-01,8.66794e-01,9.99971e-01
1.285045314e+00,2.06242e-03,9.99999e-01,9.99999e-01,2.42757e-03,9.55091e-01,8.69245e-01,9.99946e-01
1.291470541e+00,2.56727e-07,9.99999e-01,9.99999e-01,3.11483e-07,9.11713e-01,8.71655e-01,9.99906e-01
1.297927893e+00,8.38429e-04,9.99999e-01,9.99999e-01,1.01550e-03,8.86389e-01,8.74023e-01,9.99825e-01
1.304417533e+00,4.21146e-02,9.99999e-01,9.99999e-01,5.49432e-02,8.56132e-01,8.76350e-01,9.99631e-01
1.310939621e+00,1.04507e-02,9.99999e-01,9.99999e-01,1.32095e-02,8.37462e-01,8.78638e-01,9.99244e-01
1.317494319e+00,5.55845e-20,9.99999e-01,9.99999e-01,7.04001e-20,8.24438e-01,8.80886e-01,9.98603e-01
1.324081790e+00,1.43697e-13,9.99999e-01,9.99999e-01,1.86274e-13,7.50278e-01,8.83096e-01,9.97720e-01
1.330702199e+00,3.21932e-08,9.99999e-01,9.99999e-01,5.97137e-08,3.53471e-01,8.85267e-01,9.96072e-01
1.337355710e+00,1.84932e-08,9.99999e-01,9.99999e-01,1.34302e-07,6.16250e-02,8.87401e-01,9.92450e-01
1.344042489e+00,2.72095e-09,9.99999e-01,9.99999e-01,4.71319e-08,2.52402e-03,8.89497e-01,9.77435e-01
1.350762701e+00,1.66314e-13,9.99999e-01,9.99999e-01,3.35186e-08,1.09302e-06,8.91557e-01,9.24835e-01
1.357516515e+00,2.76164e-13,9.99999e-01,9.99999e-01,2.04245e-05,2.41223e-09,8.93581e-01,7.95071e-01
1.364304097e+00,4.49626e-09,9.99999e-01,9.99999e-01,7.12811e-04,3.71781e-06,8.95569e-01,6.69043e-01
1.371125618e+00,7.29298e-06,9.99999e-01,9.99999e-01,2.35584e-02,2.52478e-04,8.97522e-01,6.84602e-01
1.377981246e+00,3.28948e-05,9.99999e-01,9.99999e-01,4.38469e-02,7.60059e-04,8.99441e-01,7.22668e-01
1.384871152e+00,1.61741e-06,9.99999e-01,9.99999e-01,1.62055e-01,1.07612e-05,9.01326e-01,7.36440e-01
1.391795508e+00,8.44030e-07,9.99999e-01,9.99999e-01,1.85819e-01,4.66354e-06,9.03177e-01,7.48569e-01
1.398754485e+00,1.27570e-05,9.99999e-01,9.99999e-01,3.52441e-01,4.52914e-05,9.04996e-01,7.87955e-01
1.405748258e+00,1.87080e-05,9.99999e-01,9.99999e-01,4.64712e-01,4.43282e-05,9.06782e-01,8.69952e-01
1.412776999e+00,2.47125e-05,9.99999e-01,9.99999e-01,6.15556e-01,4.15991e-05,9.08536e-01,9.38372e-01
1.419840884e+00,5.22981e-05,9.99999e-01,9.99999e-01,5.54236e-01,8.29767e-05,9.10259e-01,9.72494e-01
1.426940089e+00,2.27957e-04,9.99999e-01,9.99999e-01,3.95241e-02,6.92599e-04,9.11951e-01,9.79033e-01
1.434074789e+00,0.00000e+00,9.99999e-01,9.99999e-01,0.00000e+00,3.66817e-03,9.13613e-01,9.75306e-01
1.441245163e+00,0.00000e+00,9.99999e-01,9.99999e-01,0.00000e+00,1.15951e-02,9.15245e-01,9.73280e-01
1.448451389e+00,0.00000e+00,9.99999e-01,9.99999e-01,0.00000e+00,4.39769e-02,9.16847e-01,9.76565e-01
1.455693646e+00,0.00000e+00,9.99999e-01,9.99999e-01,0.00000e+00,1.20161e-01,9.18421e-01,9.81717e-01
1.462972114e+00,1.52180e-224,9.99999e-01,9.99999e-01,5.29508e-224,1.58085e-01,9.19966e-01,9.82555e-01
1.470286975e+00,4.69037e-94,9.99999e-01,9.99999e-01,1.78372e-93,1.17158e-01,9.21483e-01,9.82850e-01
1.477638409e+00,1.19593e-59,9.99999e-01,9.99999e-01,4.51527e-59,1.45599e-01,9.22973e-01,9.88389e-01
1.485026601e+00,8.75254e-34,9.99999e-01,9.99999e-01,2.83901e-33,2.03425e-01,9.24435e-01,9.94639e-01
1.492451734e+00,9.67033e-29,9.99999e-01,9.99999e-01,2.34170e-28,3.06036e-01,9.25871e-01,9.97653e-01
1.499913993e+00,4.55674e-13,9.99999e-01,9.99999e-01,7.78863e-13,4.47613e-01,9.27281e-01,9.98986e-01
1.507413563e+00,7.78366e-12,9.99999e-01,9.99999e-01,1.33481e-11,5.59172e-01,9.28664e-01,9.99524e-01
1.514950631e+00,3.76923e-13,9.99999e-01,9.99999e-01,5.13221e-13,6.93848e-01,9.30023e-01,9.99777e-01
1.522525384e+00,2.40351e-42,9.99999e-01,9.99999e-01,3.02597e-42,7.89435e-01,9.31357e-01,9.99917e-01
1.530138011e+00,8.88027e-100,9.99999e-01,9.99999e-01,1.04680e-99,8.40241e-01,9.32666e-01,9.99971e-01
1.537788701e+00,4.89767e-74,9.99999e-01,9.99999e-01,5.59998e-74,9.06564e-01,9.33951e-01,9.99986e-01
1.545477645e+00,2.40589e-16,9.99999e-01,9.99999e-01,2.68319e-16,9.39199e-01,9.35212e-01,9.99992e-01
1.553205033e+00,1.00482e-11,9.99999e-01,9.99999e-01,1.11342e-11,9.50296e-01,9.36450e-01,9.99995e-01
1.560971058e+00,3.57662e-12,9.99999e-01,9.99999e-01,3.89243e-12,9.68759e-01,9.37666e-01,9.99996e-01
1.568775913e+00,1.98651e-251,9.99999e-01,9.99999e-01,2.14613e-251,9.79352e-01,9.38858e-01,9.99997e-01
1.576619793e+00,0.00000e+00,9.99999e-01,9.99999e-01,0.00000e+00,9.83895e-01,9.40029e-01,9.99997e-01
1.584502892e+00,1.62548e-321,9.99999e-01,9.99999e-01,1.73911e-321,9.90196e-01,9.41178e-01,9.99996e-01
1.592425406e+00,3.88775e-224,9.99999e-01,9.99999e-01,4.14814e-224,9.90922e-01,9.42306e-01,9.99995e-01
1.600387533e+00,0.00000e+00,9.99999e-01,9.99999e-01,0.00000e+00,9.93736e-01,9.43412e-01,9.99995e-01
1.608389471e+00,0.00000e+00,9.99999e-01,9.99999e-01,0.00000e+00,9.93518e-01,9.44499e-01,9.99995e-01
1.616431418e+00,0.00000e+00,9.99999e-01,9.99999e-01,0.00000e+00,9.93385e-01,9.45564e-01,9.99995e-01
1.624513575e+00,1.20057e-284,9.99999e-01,9.99999e-01,1.27407e-284,9.92925e-01,9.46610e-01,9.99995e-01
1.632636143e+00,1.76247e-211,9.99999e-01,9.99999e-01,1.86973e-211,9.88925e-01,9.47637e-01,9.99993e-01
1.640799324e+00,1.05519e-86,9.99999e-01,9.99999e-01,1.12105e-86,9.85262e-01,9.48644e-01,9.99989e-01
1.649003321e+00,1.05263e-86,9.99999e-01,9.99999e-01,1.12281e-86,9.81170e-01,9.49633e-01,9.99986e-01
1.657248337e+00,3.34891e-67,9.99999e-01,9.99999e-01,3.56996e-67,9.75301e-01,9.50602e-01,9.99985e-01
1.665534579e+00,1.19430e-67,9.99999e-01,9.99999e-01,1.28402e-67,9.66512e-01,9.51554e-01,9.99984e-01
1.673862252e+00,1.92149e-43,9.99999e-01,9.99999e-01,2.05461e-43,9.54349e-01,9.52488e-01,9.99981e-01
1.682231563e+00,2.40636e-30,9.99999e-01,9.99999e-01,2.56911e-30,9.60205e-01,9.53404e-01,9.99972e-01
1.690642721e+00,2.90995e-17,9.99999e-01,9.99999e-01,3.15002e-17,9.31282e-01,9.54303e-01,9.99957e-01
1.699095934e+00,3.57381e-11,9.99999e-01,9.99999e-01,3.90222e-11,9.20619e-01,9.55185e-01,9.99934e-01
1.707591414e+00,3.50257e-06,9.99999e-01,9.99999e-01,3.83685e-06,9.15703e-01,9.56051e-01,9.99898e-01
1.716129371e+00,7.29995e-04,9.99999e-01,9.99999e-01,8.23301e-04,8.96204e-01,9.56900e-01,9.99852e-01
1.724710018e+00,1.57602e-02,9.99999e-01,9.99999e-01,1.86871e-02,8.48161e-01,9.57733e-01,9.99785e-01
1.733333568e+00,5.91452e-02,9.99999e-01,9.99999e-01,7.42315e-02,8.07474e-01,9.58550e-01,9.99663e-01
1.742000236e+00,1.53894e-01,9.99999e-01,9.99999e-01,2.15368e-01,7.22788e-01,9.59352e-01,9.99467e-01
1.750710237e+00,2.06671e-03,9.99999e-01,9.99999e-01,3.18446e-03,5.46850e-01,9.60139e-01,9.99145e-01
1.759463788e+00,1.04271e-41,9.99999e-01,9.99999e-01,1.89862e-41,3.22472e-01,9.60910e-01,9.98555e-01
1.768261107e+00,6.42818e-44,9.99999e-01,9.99999e-01,2.11441e-43,1.23175e-01,9.61667e-01,9.97510e-01
1.777102413e+00,4.84928e-43,9.99999e-01,9.99999e-01,4.49581e-42,3.17533e-02,9.62410e-01,9.96103e-01
1.785987925e+00,2.80709e-41,9.99999e-01,9.99999e-01,1.16056e-39,3.75646e-03,9.63139e-01,9.93731e-01
1.794917864e+00,6.48656e-40,9.99999e-01,9.99999e-01,7.17051e-38,5.21641e-04,9.63854e-01,9.87709e-01
1.803892454e+00,1.78180e-40,9.99999e-01,9.99999e-01,1.74945e-36,3.71124e-06,9.64555e-01,9.74374e-01
1.812911916e+00,1.29740e-40,9.99999e-01,9.99999e-01,4.97211e-35,2.06413e-07,9.65243e-01,9.48144e-01
1.821976476e+00,1.04198e-40,9.99999e-01,9.99999e-01,3.98644e-35,3.35380e-07,9.65917e-01,8.89136e-01
1.831086358e+00,1.62561e-34,9.99999e-01,9.99999e-01,2.26541e-28,3.48046e-08,9.66579e-01,7.61663e-01
1.840241790e+00,2.68717e-29,9.99999e-01,9.99999e-01,3.49698e-24,7.89648e-07,9.67228e-01,6.31664e-01
1.849442999e+00,7.61525e-22,9.99999e-01,9.99999e-01,7.05170e-17,3.14617e-06,9.67865e-01,5.75517e-01
1.858690214e+00,6.83498e-24,9.99999e-01,9.99999e-01,9.15595e-16,2.93120e-09,9.68490e-01,5.75813e-01
1.867983665e+00,1.87280e-24,9.99999e-01,9.99999e-01,1.82591e-16,6.70192e-10,9.69102e-01,6.01758e-01
1.877323583e+00,1.53062e-81,9.99999e-01,9.99999e-01,1.40901e-78,2.12791e-04,9.69703e-01,6.38595e-01
1.886710201e+00,2.20608e-105,9.99999e-01,9.99999e-01,5.31602e-103,4.17292e-04,9.70293e-01,6.75838e-01
1.896143752e+00,9.51159e-120,9.99999e-01,9.99999e-01,1.66659e-117,1.38905e-03,9.70871e-01,6.81303e-01
1.905624471e+00,8.60244e-141,9.99999e-01,9.99999e-01,3.35974e-136,6.26073e-06,9.71438e-01,7.05080e-01
1.915152593e+00,4.27409e-111,9.99999e-01,9.99999e-01,1.20251e-105,3.24383e-07,9.71994e-01,7.79028e-01
1.924728356e+00,2.39887e-132,9.99999e-01,9.99999e-01,2.28235e-126,4.68654e-08,9.72540e-01,8.68312e-01
1.934351998e+00,0.00000e+00,9.99999e-01,9.99999e-01,0.00000e+00,1.38527e-08,9.73075e-01,9.34657e-01
1.944023758e+00,0.00000e+00,9.99999e-01,9.99999e-01,0.00000e+00,1.34128e-05,9.73599e-01,9.76613e-01
1.953743877e+00,0.00000e+00,9.99999e-01,9.99999e-01,0.00000e+00,5.85648e-05,9.74114e-01,9.90149e-01
1.963512596e+00,0.00000e+00,9.99999e-01,9.99999e-01,0.00000e+00,1.36440e-03,9.74619e-01,9.95009e-01
1.973330159e+00,0.00000e+00,9.99999e-01,9.99999e-01,0.00000e+00,6.30946e-03,9.75114e-01,9.97386e-01
1.983196810e+00,0.00000e+00,9.99999e-01,9.99999e-01,0.00000e+00,7.73185e-02,9.75599e-01,9.98566e-01
1.993112794e+00,0.00000e+00,9.99999e-01,9.99999e-01,0.00000e+00,1.33907e-01,9.76075e-01,9.99217e-01
2.003078358e+00,0.00000e+00,9.99999e-01,9.99999e-01,0.00000e+00,2.85398e-01,9.76542e-01,9.99560e-01
2.013093750e+00,0.00000e+00,9.99999e-01,9.99999e-01,0.00000e+00,4.43739e-01,9.77000e-01,9.99737e-01
2.023159218e+00,0.00000e+00,9.99999e-01,9.99999e-01,0.00000e+00,6.24111e-01,9.77449e-01,9.99815e-01
2.033275015e+00,0.00000e+00,9.99999e-01,9.99999e-01,0.00000e+00,6.95760e-01,9.77890e-01,9.99850e-01
2.043441390e+00,0.00000e+00,9.99999e-01,9.99999e-01,0.00000e+00,7.98446e-01,9.78322e-01,9.99842e-01
2.053658597e+00,0.00000e+00,9.99998e-01,9.99999e-01,0.00000e+00,8.32458e-01,9.78745e-01,9.99783e-01
2.063926890e+00,0.00000e+00,9.99998e-01,9.99999e-01,0.00000e+00,8.84435e-01,9.79161e-01,9.99670e-01
2.074246524e+00,0.00000e+00,9.99996e-01,9.99999e-01,0.00000e+00,8.99056e-01,9.79568e-01,9.99476e-01
2.084617757e+00,0.00000e+00,9.99995e-01,9.99999e-01,0.00000e+00,9.32758e-01,9.79968e-01,9.99172e-01
2.095040845e+00,0.00000e+00,9.99992e-01,9.99999e-01,0.00000e+00,9.46739e-01,9.80359e-01,9.98753e-01
2.105516050e+00,0.00000e+00,9.99991e-01,9.99999e-01,0.00000e+00,9.54021e-01,9.80744e-01,9.98245e-01
2.116043630e+00,0.00000e+00,9.99991e-01,9.99999e-01,0.00000e+00,9.55957e-01,9.81120e-01,9.97844e-01
2.126623848e+00,0.00000e+00,9.99992e-01,9.99999e-01,0.00000e+00,9.73027e-01,9.81490e-01,9.97578e-01
2.137256967e+00,0.00000e+00,9.99993e-01,9.99999e-01,0.00000e+00,9.74394e-01,9.81852e-01,9.97300e-01
2.147943252e+00,1.03562e-288,9.99996e-01,9.99999e-01,1.07599e-288,9.75305e-01,9.82207e-01,9.96757e-01
2.158682968e+00,1.37514e-173,9.99980e-01,9.99999e-01,1.43054e-173,9.77438e-01,9.82556e-01,9.96225e-01
2.169476383e+00,1.57231e-84,9.99993e-01,9.99999e-01,1.63325e-84,9.75972e-01,9.82897e-01,9.97076e-01
2.180323765e+00,5.97292e-53,9.99995e-01,9.99999e-01,6.20055e-53,9.72631e-01,9.83232e-01,9.97850e-01
2.191225384e+00,3.67261e-27,9.99995e-01,9.99999e-01,3.80870e-27,9.66663e-01,9.83561e-01,9.98208e-01
2.202181511e+00,7.98745e-18,9.99996e-01,9.99999e-01,8.33641e-18,9.58517e-01,9.83883e-01,9.98620e-01
2.213192418e+00,1.00422e-09,9.99997e-01,9.99999e-01,1.04428e-09,9.58489e-01,9.84199e-01,9.99042e-01
2.224258381e+00,1.98750e-06,9.99997e-01,9.99999e-01,2.08275e-06,9.50585e-01,9.84508e-01,9.99387e-01
2.235379672e+00,1.41561e-04,9.99998e-01,9.99999e-01,1.48668e-04,9.58533e-01,9.84812e-01,9.99633e-01
2.246556571e+00,2.28988e-03,9.99998e-01,9.99999e-01,2.46172e-03,9.26521e-01,9.85110e-01,9.99767e-01
2.257789354e+00,2.21575e-02,9.99998e-01,9.99999e-01,2.37012e-02,9.43924e-01,9.85402e-01,9.99831e-01
2.269078300e+00,3.04224e-02,9.99999e-01,9.99999e-01,3.54466e-02,8.65167e-01,9.85688e-01,9.99859e-01
2.280423692e+00,3.58903e-02,9.99999e-01,9.99999e-01,4.06334e-02,8.87960e-01,9.85968e-01,9.99855e-01
2.291825810e+00,9.50434e-02,9.99999e-01,9.99999e-01,1.20577e-01,7.90916e-01,9.86244e-01,9.99830e-01
2.303284939e+00,1.51616e-01,9.99999e-01,9.99999e-01,1.88340e-01,8.11004e-01,9.86514e-01,9.99769e-01
2.314801364e+00,1.57340e-01,9.99999e-01,9.99999e-01,2.25828e-01,6.99225e-01,9.86778e-01,9.99675e-01
2.326375371e+00,2.54792e-01,9.99999e-01,9.99999e-01,3.71815e-01,6.86997e-01,9.87038e-01,9.99567e-01
2.338007248e+00,2.23259e-01,9.99999e-01,9.99999e-01,3.40989e-01,6.54862e-01,9.87292e-01,9.99409e-01
2.349697284e+00,1.94234e-01,9.99999e-01,9.99999e-01,3.92421e-01,4.87571e-01,9.87541e-01,9.99201e-01
2.361445770e+00,2.60530e-01,9.99999e-01,9.99999e-01,4.73410e-01,5.53087e-01,9.87786e-01,9.98896e-01
2.373252999e+00,2.33056e-01,9.99999e-01,9.99999e-01,5.07613e-01,4.52964e-01,9.88026e-01,9.98480e-01
2.385119264e+00,1.93328e-01,9.99999e-01,9.99999e-01,7.42195e-01,2.56315e-01,9.88261e-01,9.97959e-01
2.397044861e+00,3.72667e-01,9.99999e-01,9.99999e-01,8.84908e-01,4.24851e-01,9.88491e-01,9.96941e-01
2.409030085e+00,1.69482e-01,9.99999e-01,9.99999e-01,8.08323e-01,2.10022e-01,9.88717e-01,9.95554e-01
2.421075235e+00,1.69457e-01,9.99999e-01,9.99999e-01,6.91617e-01,2.29079e-01,9.88939e-01,9.93762e-01
2.433180612e+00,2.61343e-02,9.99999e-01,9.99999e-01,1.47536e-01,1.18947e-01,9.89156e-01,9.91376e-01
2.445346515e+00,1.76031e-02,9.99999e-01,9.99999e-01,3.99294e-01,3.45989e-02,9.89369e-01,9.87999e-01
2.457573247e+00,4.88395e-04,9.99999e-01,9.99999e-01,1.10704e-02,1.51726e-02,9.89578e-01,9.82452e-01
2.469861113e+00,1.17752e-13,9.99999e-01,9.99999e-01,1.43590e-11,8.16211e-04,9.89783e-01,9.74460e-01
2.482210419e+00,3.37466e-42,9.99999e-01,9.99999e-01,1.03685e-37,1.45389e-06,9.89984e-01,9.63172e-01
2.494621471e+00,7.16848e-86,9.99999e-01,9.99999e-01,6.37816e-78,5.46794e-10,9.90181e-01,9.46560e-01
2.507094578e+00,9.99860e-89,9.99999e-01,9.99999e-01,1.84804e-75,2.59240e-15,9.90374e-01,9.17237e-01
2.519630051e+00,6.96316e-125,9.99999e-01,9.99999e-01,4.51962e-100,5.41676e-27,9.90563e-01,8.62072e-01
2.532228202e+00,8.29953e-162,9.99999e-01,9.99999e-01,4.87415e-128,7.39840e-36,9.90748e-01,7.62557e-01
2.544889343e+00,2.96489e-179,9.99999e-01,9.99999e-01,9.31089e-133,1.90473e-48,9.90930e-01,5.81709e-01
2.557613789e+00,4.39365e-203,9.99999e-01,9.99999e-01,2.21914e-157,1.85062e-47,9.91109e-01,3.47339e-01
2.570401858e+00,0.00000e+00,9.99999e-01,9.99999e-01,7.73982e-318,2.56461e-78,9.91283e-01,1.38035e-01
2.583253867e+00,0.00000e+00,9.99999e-01,9.99999e-01,0.00000e+00,1.93604e-66,9.91455e-01,4.33798e-02
2.596170137e+00,0.00000e+00,9.99999e-01,9.99999e-01,0.00000e+00,1.60666e-56,9.91623e-01,1.94159e-02
2.609150988e+00,0.00000e+00,9.99999e-01,9.99999e-01,0.00000e+00,7.12915e-40,9.91788e-01,1.07713e-02
2.622196742e+00,0.00000e+00,9.99999e-01,9.99999e-01,0.00000e+00,1.51217e-33,9.91949e-01,9.78438e-03
2.635307726e+00,0.00000e+00,9.99999e-01,9.99999e-01,0.00000e+00,1.39871e-15,9.92108e-01,1.32350e-02
2.648484265e+00,0.00000e+00,9.99999e-01,9.99999e-01,0.00000e+00,1.12232e-18,9.92263e-01,1.45574e-02
2.661726686e+00,0.00000e+00,9.99999e-01,9.99999e-01,0.00000e+00,1.32894e-32,9.92415e-01,1.36352e-02
2.675035320e+00,0.00000e+00,9.99999e-01,9.99999e-01,0.00000e+00,5.22257e-117,9.92564e-01,1.41565e-02
2.688410496e+00,0.00000e+00,9.99999e-01,9.99999e-01,0.00000e+00,3.64459e-57,9.92711e-01,1.77441e-02
2.701852549e+00,0.00000e+00,9.99999e-01,9.99999e-01,0.00000e+00,5.58429e-50,9.92854e-01,2.01101e-02
2.715361811e+00,0.00000e+00,9.99999e-01,9.99999e-01,0.00000e+00,1.39174e-49,9.92995e-01,2.29861e-02
2.728938620e+00,0.00000e+00,9.99999e-01,9.99999e-01,0.00000e+00,2.05399e-35,9.93133e-01,3.33190e-02
2.742583314e+00,0.00000e+00,9.99999e-01,9.99999e-01,0.00000e+00,6.99692e-38,9.93268e-01,6.61061e-02
2.756296230e+00,0.00000e+00,9.99999e-01,9.99999e-01,0.00000e+00,2.40557e-39,9.93400e-01,1.48176e-01
2.770077711e+00,0.00000e+00,9.99999e-01,9.99999e-01,0.00000e+00,1.04537e-53,9.93530e-01,2.91716e-01
2.783928100e+00,0.00000e+00,9.99999e-01,9.99999e-01,0.00000e+00,1.17365e-53,9.93658e-01,4.21338e-01
2.797847740e+00,0.00000e+00,9.99999e-01,9.99999e-01,0.00000e+00,6.53015e-41,9.93782e-01,5.62069e-01
2.811836979e+00,0.00000e+00,9.99999e-01,9.99999e-01,0.00000e+00,1.49007e-43,9.93905e-01,7.02037e-01
2.825896164e+00,0.00000e+00,9.99999e-01,9.99999e-01,0.00000e+00,1.03884e-37,9.94025e-01,7.95924e-01
2.840025645e+00,0.00000e+00,9.99999e-01,9.99999e-01,0.00000e+00,4.68111e-29,9.94143e-01,8.47876e-01
2.854225773e+00,0.00000e+00,9.99999e-01,9.99999e-01,0.00000e+00,1.34762e-25,9.94258e-01,8.83067e-01
2.868496902e+00,0.00000e+00,9.99999e-01,9.99999e-01,0.00000e+00,3.58852e-24,9.94371e-01,9.19967e-01
2.882839386e+00,0.00000e+00,9.99999e-01,9.99999e-01,0.00000e+00,2.54844e-19,9.94482e-01,9.45303e-01
2.897253583e+00,0.00000e+00,9.99999e-01,9.99999e-01,0.00000e+00,1.78290e-16,9.94590e-01,9.59006e-01
2.911739851e+00,0.00000e+00,9.99999e-01,9.99999e-01,0.00000e+00,2.45578e-11,9.94697e-01,9.68263e-01
2.926298550e+00,0.00000e+00,9.99999e-01,9.99999e-01,0.00000e+00,1.83874e-08,9.94801e-01,9.76500e-01
2.940930043e+00,0.00000e+00,9.99999e-01,9.99999e-01,0.00000e+00,3.15761e-08,9.94904e-01,9.81097e-01
2.955634693e+00,0.00000e+00,9.99999e-01,9.99999e-01,0.00000e+00,5.46424e-08,9.95004e-01,9.83095e-01
2.970412867e+00,0.00000e+00,9.99999e-01,9.99999e-01,0.00000e+00,1.68818e-07,9.95103e-01,9.85192e-01
2.985264931e+00,0.00000e+00,9.99999e-01,9.99999e-01,0.00000e+00,1.12522e-05,9.95199e-01,9.86175e-01
3.000191256e+00,0.00000e+00,9.99999e-01,9.99999e-01,0.00000e+00,3.98874e-05,9.95294e-01,9.85874e-01
3.015192212e+00,0.00000e+00,9.99999e-01,9.99999e-01,0.00000e+00,2.50299e-04,9.95386e-01,9.83717e-01
3.030268173e+00,0.00000e+00,9.99999e-01,9.99999e-01,9.88131e-324,9.83167e-04,9.95477e-01,9.80217e-01
3.045419514e+00,4.53868e-200,9.99999e-01,9.99999e-01,3.25816e-197,1.90393e-04,9.95567e-01,9.77168e-01
3.060646612e+00,2.10249e-92,9.99999e-01,9.99999e-01,1.45011e-90,5.52637e-03,9.95654e-01,9.72617e-01
3.075949845e+00,1.75556e-74,9.99999e-01,9.99999e-01,6.16992e-72,6.67024e-03,9.95740e-01,1.64705e-01
3.091329594e+00,1.35516e-71,9.99999e-01,9.99999e-01,2.81301e-68,4.90208e-03,9.95823e-01,1.47602e-02
3.106786242e+00,2.89702e-74,9.99999e-01,9.99999e-01,8.48064e-68,1.55890e-02,9.95906e-01,9.73005e-06
3.122320173e+00,2.73684e-62,9.99999e-01,9.99999e-01,2.80756e-47,2.70235e-02,9.95986e-01,1.42845e-14
3.137931774e+00,3.09500e-54,9.99999e-01,9.99999e-01,2.51734e-46,3.18199e-02,9.96066e-01,2.09048e-07
3.153621433e+00,2.92670e-50,9.99999e-01,9.99999e-01,5.72212e-48,1.00013e-01,9.96143e-01,1.98662e-02
3.169389540e+00,1.37293e-71,9.99999e-01,9.99999e-01,3.72582e-64,1.24598e-01,9.96219e-01,1.42878e-07
3.185236488e+00,1.23735e-63,9.99999e-01,9.99999e-01,1.17873e-51,8.07550e-02,9.96294e-01,5.61168e-12
3.201162670e+00,1.43280e-62,9.99999e-01,9.99999e-01,2.78278e-41,6.34099e-03,9.96367e-01,1.72491e-20
3.217168483e+00,2.31517e-69,9.99999e-01,9.99999e-01,1.78226e-39,2.56657e-02,9.96438e-01,2.87627e-29
3.233254326e+00,1.36589e-77,9.99999e-01,9.99999e-01,1.17840e-33,8.27326e-02,9.96509e-01,6.75726e-44
3.249420598e+00,6.60432e-91,9.99999e-01,9.99999e-01,1.49227e-19,1.80889e-01,9.96577e-01,1.37513e-71
3.265667701e+00,1.06589e-131,9.99999e-01,9.99999e-01,9.77591e-17,8.11517e-02,9.96645e-01,6.64086e-115
3.281996039e+00,5.83604e-193,9.99999e-01,9.99999e-01,8.53000e-13,1.35277e-01,9.96711e-01,3.33196e-180
3.298406019e+00,8.74155e-271,9.99999e-01,9.99999e-01,8.17974e-11,3.55945e-02,9.96776e-01,1.48767e-259
3.314898049e+00,0.00000e+00,9.99999e-01,9.99999e-01,1.81256e-10,2.96787e-02,9.96839e-01,0.00000e+00
3.331472540e+00,3.06833e-310,9.99999e-01,9.99999e-01,4.44863e-10,6.59189e-02,9.96902e-01,6.74662e-300
3.348129902e+00,3.85697e-225,9.99999e-01,9.99999e-01,4.30290e-08,5.56047e-02,9.96963e-01,9.83917e-217
3.364870552e+00,2.14577e-155,9.99999e-01,9.99999e-01,1.09253e-07,9.63276e-02,9.97023e-01,1.64172e-147
3.381694905e+00,6.39078e-98,9.99999e-01,9.99999e-01,7.86076e-07,1.23717e-01,9.97081e-01,3.42111e-91
3.398603379e+00,5.80895e-60,9.99999e-01,9.99999e-01,3.03942e-05,2.20975e-01,9.97139e-01,7.24718e-55
3.415596396e+00,8.98528e-37,9.99999e-01,9.99999e-01,6.26568e-05,3.24945e-01,9.97195e-01,3.97746e-32
3.432674378e+00,4.74885e-25,9.99999e-01,9.99999e-01,8.89687e-06,3.50882e-01,9.97251e-01,1.25009e-19
3.449837750e+00,1.31463e-16,9.99999e-01,9.99999e-01,6.61908e-08,4.88043e-01,9.97305e-01,3.28617e-09
3.467086939e+00,4.44006e-15,9.99999e-01,9.99999e-01,2.12978e-13,6.08996e-01,9.97358e-01,3.03858e-02
3.484422373e+00,2.42008e-18,9.99999e-01,9.99999e-01,5.65102e-18,6.28849e-01,9.97410e-01,5.72768e-01
3.501844485e+00,3.18259e-26,9.99999e-01,9.99999e-01,1.68711e-25,7.65460e-01,9.97461e-01,2.29919e-01
3.519353708e+00,8.82410e-31,9.99999e-01,9.99999e-01,1.02018e-30,7.99291e-01,9.97511e-01,9.98429e-01
3.536950476e+00,8.50589e-38,9.99999e-01,9.99999e-01,1.00466e-37,8.17848e-01,9.97560e-01,9.97131e-01
3.554635228e+00,2.56290e-37,9.99999e-01,9.99999e-01,2.84462e-37,8.82880e-01,9.97608e-01,9.93794e-01
3.572408405e+00,1.18763e-30,9.99999e-01,9.99999e-01,1.30458e-30,8.86913e-01,9.97656e-01,9.89761e-01
3.590270447e+00,6.05460e-29,9.99999e-01,9.99999e-01,6.45274e-29,9.20029e-01,9.97702e-01,9.93674e-01
3.608221799e+00,1.01603e-20,9.99999e-01,9.99999e-01,1.07140e-20,9.37298e-01,9.97747e-01,9.96056e-01
3.626262908e+00,4.90231e-12,9.99999e-01,9.99999e-01,5.08142e-12,9.46144e-01,9.97792e-01,9.97982e-01
3.644394222e+00,1.59684e-09,9.99999e-01,9.99999e-01,1.64960e-09,9.67518e-01,9.97835e-01,9.97828e-01
3.662616193e+00,3.42183e-05,9.99999e-01,9.99999e-01,3.56010e-05,9.47002e-01,9.97878e-01,9.96304e-01
3.680929274e+00,7.47206e-03,9.99999e-01,9.99999e-01,8.08557e-03,9.14659e-01,9.97920e-01,9.90698e-01
3.699333921e+00,9.87340e-02,9.99999e-01,9.99999e-01,1.04713e-01,9.59123e-01,9.97961e-01,9.82318e-01
3.717830590e+00,5.62203e-02,9.99999e-01,9.99999e-01,5.98494e-02,9.68047e-01,9.98001e-01,9.67689e-01
3.736419743e+00,1.04437e-03,9.99999e-01,9.99999e-01,1.13184e-03,9.62658e-01,9.98040e-01,9.51702e-01
3.755101842e+00,1.69405e-10,9.99998e-01,9.99999e-01,1.82857e-10,9.60024e-01,9.98079e-01,9.54589e-01
3.773877351e+00,2.33298e-23,9.99998e-01,9.99999e-01,2.47708e-23,9.66940e-01,9.98117e-01,9.68139e-01
3.792746738e+00,3.52552e-58,9.99996e-01,9.99999e-01,3.70940e-58,9.60124e-01,9.98154e-01,9.78086e-01
3.811710472e+00,4.06662e-38,9.99994e-01,9.99999e-01,4.27389e-38,9.51328e-01,9.98190e-01,9.79289e-01
3.830769024e+00,7.39607e-38,9.99991e-01,9.99999e-01,7.83610e-38,9.47573e-01,9.98226e-01,9.77307e-01
3.849922869e+00,3.51239e-52,9.99984e-01,9.99999e-01,3.77231e-52,9.24753e-01,9.98261e-01,9.72852e-01
3.869172484e+00,1.29259e-32,9.99978e-01,9.99999e-01,1.40746e-32,9.11780e-01,9.98295e-01,9.63114e-01
3.888518346e+00,2.48212e-14,9.99962e-01,9.99999e-01,2.72143e-14,9.50195e-01,9.98329e-01,9.49525e-01
3.907960938e+00,4.48235e-11,9.99954e-01,9.99999e-01,5.03743e-11,9.44625e-01,9.98362e-01,9.32112e-01
3.927500742e+00,2.38004e-11,9.99921e-01,9.99999e-01,2.87434e-11,7.01129e-01,9.98394e-01,9.14028e-01
3.947138246e+00,1.40150e-16,9.99889e-01,9.99999e-01,1.83771e-16,7.99950e-01,9.98426e-01,9.01123e-01
3.966873937e+00,6.22352e-25,9.99874e-01,9.99999e-01,7.89381e-25,5.68892e-01,9.98457e-01,8.82450e-01
3.986708307e+00,2.09050e-38,9.99795e-01,9.99999e-01,2.59034e-38,9.05008e-01,9.98487e-01,8.53570e-01
4.006641849e+00,1.68990e-69,9.99732e-01,9.99999e-01,2.11572e-69,9.64989e-01,9.98517e-01,8.17711e-01
4.026675058e+00,0.00000e+00,9.99781e-01,9.99999e-01,0.00000e+00,9.59646e-01,9.98547e-01,7.77801e-01
4.046808433e+00,0.00000e+00,9.99768e-01,9.99999e-01,0.00000e+00,9.51601e-01,9.98575e-01,7.37033e-01
4.067042475e+00,0.00000e+00,9.99668e-01,9.99999e-01,0.00000e+00,9.44348e-01,9.98603e-01,6.98168e-01
4.087377688e+00,0.00000e+00,9.99613e-01,9.99999e-01,0.00000e+00,9.40521e-01,9.98631e-01,6.63372e-01
4.107814576e+00,0.00000e+00,9.99548e-01,9.99999e-01,0.00000e+00,9.18421e-01,9.98658e-01,6.36356e-01
4.128353649e+00,0.00000e+00,9.99544e-01,9.99999e-01,0.00000e+00,8.74808e-01,9.98684e-01,6.19084e-01
4.148995417e+00,0.00000e+00,9.99687e-01,9.99999e-01,0.00000e+00,8.46995e-01,9.98710e-01,6.11086e-01
4.169740394e+00,0.00000e+00,9.99708e-01,9.99999e-01,0.00000e+00,7.67703e-01,9.98736e-01,6.12512e-01
4.190589096e+00,0.00000e+00,9.99728e-01,9.99999e-01,0.00000e+00,7.23828e-01,9.98761e-01,6.19761e-01
4.211542042e+00,0.00000e+00,9.99749e-01,9.99999e-01,0.00000e+00,6.01986e-01,9.98785e-01,6.21863e-01
4.232599752e+00,0.00000e+00,9.99847e-01,9.99999e-01,0.00000e+00,5.71232e-01,9.98809e-01,6.10141e-01
4.253762751e+00,0.00000e+00,9.99892e-01,9.99999e-01,0.00000e+00,4.91288e-01,9.98833e-01,5.74842e-01
4.275031564e+00,0.00000e+00,9.99825e-01,9.99999e-01,0.00000e+00,3.74649e-01,9.98856e-01,5.13142e-01
4.296406722e+00,0.00000e+00,9.98289e-01,9.99999e-01,0.00000e+00,2.77316e-01,9.98878e-01,4.94120e-01
4.317888756e+00,0.00000e+00,9.99663e-01,9.99999e-01,0.00000e+00,3.25307e-01,9.98900e-01,5.44486e-01
4.339478200e+00,0.00000e+00,9.99801e-01,9.99999e-01,0.00000e+00,2.44176e-01,9.98922e-01,6.21577e-01
4.361175591e+00,0.00000e+00,9.99840e-01,9.99999e-01,0.00000e+00,1.93555e-01,9.98943e-01,6.71966e-01
4.382981469e+00,0.00000e+00,9.99829e-01,9.99999e-01,0.00000e+00,1.96862e-01,9.98964e-01,6.98724e-01
4.404896376e+00,0.00000e+00,9.99761e-01,9.99999e-01,0.00000e+00,1.82854e-01,9.98985e-01,7.14399e-01
4.426920858e+00,0.00000e+00,9.99759e-01,9.99999e-01,0.00000e+00,1.03120e-01,9.99005e-01,7.27947e-01
4.449055462e+00,0.00000e+00,9.99832e-01,9.99999e-01,0.00000e+00,1.88563e-01,9.99024e-01,7.43378e-01
4.471300739e+00,0.00000e+00,9.99825e-01,9.99999e-01,0.00000e+00,1.18255e-01,9.99043e-01,7.62440e-01
4.493657243e+00,0.00000e+00,9.99849e-01,9.99999e-01,0.00000e+00,1.83723e-01,9.99062e-01,7.84959e-01
4.516125529e+00,0.00000e+00,9.99855e-01,9.99999e-01,0.00000e+00,7.65211e-02,9.99081e-01,8.09330e-01
4.538706157e+00,0.00000e+00,9.99829e-01,9.99999e-01,0.00000e+00,1.39541e-01,9.99099e-01,8.34964e-01
4.561399688e+00,0.00000e+00,9.99880e-01,9.99999e-01,0.00000e+00,1.27016e-01,9.99117e-01,8.60203e-01
4.584206686e+00,0.00000e+00,9.99905e-01,9.99999e-01,0.00000e+00,1.89026e-01,9.99134e-01,8.83869e-01
4.607127720e+00,0.00000e+00,9.99907e-01,9.99999e-01,0.00000e+00,1.17574e-01,9.99151e-01,9.05061e-01
4.630163358e+00,0.00000e+00,9.99941e-01,9.99999e-01,0.00000e+00,3.30285e-02,9.99168e-01,9.23618e-01
4.653314175e+00,0.00000e+00,9.99944e-01,9.99999e-01,0.00000e+00,2.92607e-02,9.99184e-01,9.39071e-01
4.676580746e+00,0.00000e+00,9.99946e-01,9.99999e-01,0.00000e+00,5.23807e-03,9.99200e-01,9.51557e-01
4.699963650e+00,0.00000e+00,9.99971e-01,9.99999e-01,0.00000e+00,2.28059e-02,9.99216e-01,9.61466e-01
4.723463468e+00,0.00000e+00,9.99965e-01,9.99999e-01,0.00000e+00,5.07746e-03,9.99232e-01,9.69175e-01
4.747080785e+00,0.00000e+00,9.99981e-01,9.99999e-01,0.00000e+00,4.00182e-02,9.99247e-01,9.74890e-01
4.770816189e+00,0.00000e+00,9.99983e-01,9.99999e-01,0.00000e+00,7.35657e-03,9.99262e-01,9.79148e-01
4.794670270e+00,0.00000e+00,9.99982e-01,9.99999e-01,0.00000e+00,2.06632e-03,9.99276e-01,9.82286e-01
4.818643622e+00,0.00000e+00,9.99991e-01,9.99999e-01,0.00000e+00,1.52501e-03,9.99290e-01,9.84468e-01
4.842736840e+00,0.00000e+00,9.99990e-01,9.99999e-01,0.00000e+00,1.43032e-04,9.99304e-01,9.85698e-01
4.866950524e+00,0.00000e+00,9.99995e-01,9.99999e-01,0.00000e+00,4.24291e-03,9.99318e-01,9.86089e-01
4.891285276e+00,0.00000e+00,9.99995e-01,9.99999e-01,0.00000e+00,2.04364e-04,9.99332e-01,9.85658e-01
4.915741703e+00,0.00000e+00,9.99997e-01,9.99999e-01,0.00000e+00,9.20682e-04,9.99345e-01,9.84939e-01
4.940320411e+00,0.00000e+00,9.99997e-01,9.99999e-01,0.00000e+00,1.15072e-04,9.99358e-01,9.83239e-01
4.965022013e+00,0.00000e+00,9.99997e-01,9.99999e-01,0.00000e+00,1.07874e-05,9.99370e-01,9.81093e-01
4.989847123e+00,0.00000e+00,9.99998e-01,9.99999e-01,0.00000e+00,8.79051e-05,9.99383e-01,9.78950e-01
5.014796359e+00,0.00000e+00,9.99998e-01,9.99999e-01,0.00000e+00,1.94559e-06,9.99395e-01,9.75801e-01
5.039870341e+00,0.00000e+00,9.99999e-01,9.99999e-01,0.00000e+00,6.16769e-06,9.99407e-01,9.72031e-01
5.065069693e+00,0.00000e+00,9.99999e-01,9.99999e-01,0.00000e+00,1.03147e-05,9.99419e-01,9.66086e-01
5.090395041e+00,0.00000e+00,9.99999e-01,9.99999e-01,0.00000e+00,5.77265e-08,9.99430e-01,9.59858e-01
5.115847016e+00,0.00000e+00,9.99999e-01,9.99999e-01,0.00000e+00,2.03985e-08,9.99441e-01,9.51686e-01
5.141426251e+00,0.00000e+00,9.99999e-01,9.99999e-01,0.00000e+00,8.77457e-11,9.99452e-01,9.40519e-01
5.167133383e+00,0.00000e+00,9.99999e-01,9.99999e-01,0.00000e+00,5.84524e-12,9.99463e-01,9.29756e-01
5.192969049e+00,0.00000e+00,9.99999e-01,9.99999e-01,0.00000e+00,6.43874e-12,9.99474e-01,9.17378e-01
5.218933895e+00,0.00000e+00,9.99999e-01,9.99999e-01,0.00000e+00,2.42690e-18,9.99484e-01,9.01229e-01
5.245028564e+00,0.00000e+00,9.99999e-01,9.99999e-01,0.00000e+00,6.11710e-14,9.99494e-01,8.80509e-01
5.271253707e+00,0.00000e+00,9.99999e-01,9.99999e-01,0.00000e+00,6.54116e-15,9.99504e-01,8.53212e-01
5.297609976e+00,0.00000e+00,9.99999e-01,9.99999e-01,0.00000e+00,1.99620e-17,9.99514e-01,8.21506e-01
5.324098025e+00,0.00000e+00,9.99999e-01,9.99999e-01,0.00000e+00,6.70756e-18,9.99524e-01,7.84722e-01
5.350718516e+00,0.00000e+00,9.99999e-01,9.99999e-01,0.00000e+00,1.11962e-21,9.99533e-01,7.36349e-01
5.377472108e+00,0.00000e+00,9.99999e-01,9.99999e-01,0.00000e+00,2.59922e-22,9.99542e-01,6.92439e-01
5.404359469e+00,0.00000e+00,9.99999e-01,9.99999e-01,0.00000e+00,2.78980e-22,9.99551e-01,6.44741e-01
5.431381266e+00,0.00000e+00,9.99999e-01,9.99999e-01,0.00000e+00,1.86720e-40,9.99560e-01,6.03617e-01
5.458538172e+00,0.00000e+00,9.99999e-01,9.99999e-01,0.00000e+00,1.42792e-40,9.99569e-01,5.53347e-01
5.485830863e+00,3.70491e-295,9.99999e-01,9.99999e-01,1.75490e-253,3.99670e-43,9.99577e-01,4.92198e-01
5.513260018e+00,9.49491e-231,9.99999e-01,9.99999e-01,1.12772e-186,1.55028e-45,9.99585e-01,4.34380e-01
5.540826318e+00,3.55557e-170,9.99999e-01,9.99999e-01,4.90765e-124,6.25805e-48,9.99594e-01,3.73850e-01
5.568530449e+00,1.06619e-166,9.99999e-01,9.99999e-01,6.57315e-94,1.65526e-74,9.99602e-01,3.07780e-01
5.596373101e+00,4.50630e-139,9.99999e-01,9.99999e-01,1.55689e-69,3.44989e-71,9.99610e-01,2.53709e-01
5.624354967e+00,2.06595e-124,9.99999e-01,9.99999e-01,2.11340e-61,3.33655e-64,9.99617e-01,2.04980e-01
5.652476742e+00,6.61413e-121,9.99999e-01,9.99999e-01,3.22459e-52,4.05867e-70,9.99625e-01,1.60931e-01
5.680739126e+00,1.28585e-126,9.99999e-01,9.99999e-01,5.72028e-47,9.87307e-81,9.99632e-01,1.22024e-01
5.709142821e+00,6.11528e-132,9.99999e-01,9.99999e-01,2.26147e-44,6.23010e-88,9.99639e-01,9.01706e-02
5.737688535e+00,1.35846e-130,9.99999e-01,9.99999e-01,1.16734e-45,3.74183e-85,9.99646e-01,6.15330e-02
5.766376978e+00,1.23053e-104,9.99999e-01,9.99999e-01,1.88844e-40,5.01706e-65,9.99653e-01,3.92130e-02
5.795208863e+00,1.35285e-88,9.99999e-01,9.99999e-01,1.35691e-29,3.13562e-59,9.99660e-01,2.30717e-02
5.824184907e+00,6.76849e-94,9.99999e-01,9.99999e-01,2.01331e-21,3.99874e-72,9.99667e-01,1.29849e-02
5.853305832e+00,4.49154e-93,9.99999e-01,9.99999e-01,8.21464e-22,7.91841e-71,9.99674e-01,7.33092e-03
5.882572361e+00,1.00116e-112,9.99999e-01,9.99999e-01,1.64577e-25,4.62163e-87,9.99680e-01,4.24846e-03
5.911985223e+00,2.01618e-106,9.99999e-01,9.99999e-01,3.94276e-22,1.76243e-83,9.99686e-01,2.41657e-03
5.941545149e+00,8.50082e-99,9.99999e-01,9.99999e-01,4.59966e-12,4.42332e-86,9.99692e-01,1.32608e-03
5.971252874e+00,2.36693e-83,9.99999e-01,9.99999e-01,1.28820e-07,2.46828e-74,9.99698e-01,7.48682e-04
6.001109139e+00,9.59998e-59,9.99999e-01,9.99999e-01,5.02078e-06,2.92579e-50,9.99704e-01,4.26759e-04
6.031114685e+00,3.00649e-64,9.99999e-01,9.99999e-01,9.79673e-07,2.23084e-55,9.99710e-01,2.44928e-04
6.061270258e+00,7.12901e-66,9.99999e-01,9.99999e-01,6.02701e-09,4.19905e-55,9.99716e-01,1.30725e-04
6.091576609e+00,1.50611e-61,9.99999e-01,9.99999e-01,2.65697e-12,1.21084e-46,9.99722e-01,5.36677e-05
6.122034492e+00,1.97385e-48,9.99999e-01,9.99999e-01,7.02468e-16,7.33755e-30,9.99727e-01,1.64543e-05
6.152644665e+00,3.34038e-55,9.99999e-01,9.99999e-01,3.05039e-21,1.84078e-30,9.99732e-01,3.67679e-06
6.183407888e+00,2.11915e-49,9.99999e-01,9.99999e-01,1.60572e-24,1.23800e-20,9.99738e-01,4.53623e-07
6.214324928e+00,3.82282e-46,9.99999e-01,9.99999e-01,6.47880e-26,4.43000e-14,9.99743e-01,2.44402e-08
6.245396552e+00,7.25161e-38,9.99999e-01,9.99999e-01,3.99231e-20,8.11509e-10,9.99748e-01,4.42727e-10
6.276623535e+00,6.72253e-39,9.99999e-01,9.99999e-01,4.64568e-18,2.76377e-10,9.99753e-01,2.09901e-12
6.308006653e+00,2.67408e-42,9.99999e-01,9.99999e-01,3.79069e-19,3.85928e-10,9.99758e-01,1.99571e-15
6.339546686e+00,4.43079e-63,9.99999e-01,9.99999e-01,1.74843e-25,3.41905e-21,9.99762e-01,2.78875e-19
6.371244419e+00,2.17961e-94,9.99999e-01,9.99999e-01,6.88006e-29,1.14919e-44,9.99767e-01,8.69607e-24
6.403100641e+00,2.15132e-110,9.99999e-01,9.99999e-01,3.42252e-21,9.94361e-63,9.99772e-01,2.59081e-29
6.435116145e+00,7.49007e-181,9.99999e-01,9.99999e-01,2.87095e-10,4.03162e-137,9.99776e-01,1.98183e-36
6.467291725e+00,1.47856e-189,9.99999e-01,9.99999e-01,1.27216e-05,6.55934e-138,9.99781e-01,1.44613e-48
6.499628184e+00,5.88649e-219,9.99999e-01,9.99999e-01,5.88303e-03,2.06909e-157,9.99785e-01,8.33771e-61
6.532126325e+00,1.00693e-213,9.99999e-01,9.99999e-01,5.06174e-02,6.35124e-139,9.99789e-01,1.73493e-74
6.564786956e+00,1.45565e-261,9.99999e-01,9.99999e-01,1.23084e-01,5.11656e-167,9.99793e-01,1.65505e-94
6.597610891e+00,0.00000e+00,9.99999e-01,9.99999e-01,1.79005e-01,4.21481e-225,9.99797e-01,1.06309e-114
6.630598946e+00,2.78161e-291,9.99999e-01,9.99999e-01,2.23304e-01,4.50820e-148,9.99801e-01,2.54571e-143
6.663751940e+00,2.10856e-311,9.99999e-01,9.99999e-01,2.23324e-01,6.55878e-138,9.99805e-01,1.32282e-173
6.697070700e+00,1.04248e-321,9.99999e-01,9.99999e-01,1.48023e-01,3.70434e-109,9.99809e-01,1.25010e-212
6.730556054e+00,0.00000e+00,9.99999e-01,9.99999e-01,6.85134e-02,7.00057e-75,9.99813e-01,1.58607e-253
6.764208834e+00,0.00000e+00,9.99999e-01,9.99999e-01,1.67528e-02,5.87727e-75,9.99816e-01,6.10136e-303
6.798029878e+00,0.00000e+00,9.99999e-01,9.99999e-01,2.11465e-03,9.15565e-92,9.99820e-01,0.00000e+00
6.832020027e+00,0.00000e+00,9.99999e-01,9.99999e-01,7.86785e-05,8.10399e-92,9.99824e-01,0.00000e+00
6.866180128e+00,0.00000e+00,9.99999e-01,9.99999e-01,5.12653e-07,1.81765e-105,9.99827e-01,0.00000e+00
6.900511028e+00,0.00000e+00,9.99999e-01,9.99999e-01,6.10111e-10,1.31068e-60,9.99830e-01,0.00000e+00
6.935013583e+00,0.00000e+00,9.99999e-01,9.99999e-01,7.09559e-16,1.95387e-60,9.99834e-01,0.00000e+00
6.969688651e+00,0.00000e+00,9.99999e-01,9.99999e-01,2.35272e-22,5.54101e-76,9.99837e-01,0.00000e+00
7.004537095e+00,0.00000e+00,9.99999e-01,9.99999e-01,7.91282e-35,8.31930e-75,9.99840e-01,0.00000e+00
7.039559780e+00,0.00000e+00,9.99999e-01,9.99999e-01,8.85273e-45,2.78030e-81,9.99843e-01,0.00000e+00
7.074757579e+00,0.00000e+00,9.99999e-01,9.99999e-01,2.80384e-61,6.20253e-64,9.99846e-01,0.00000e+00
7.110131367e+00,0.00000e+00,9.99999e-01,9.99999e-01,2.70337e-71,2.32096e-63,9.99849e-01,0.00000e+00
7.145682024e+00,0.00000e+00,9.99999e-01,9.99999e-01,5.72960e-85,5.03987e-71,9.99852e-01,0.00000e+00
7.181410434e+00,0.00000e+00,9.99999e-01,9.99999e-01,1.01081e-92,5.20508e-90,9.99855e-01,0.00000e+00
7.217317486e+00,0.00000e+00,9.99999e-01,9.99999e-01,2.78078e-97,1.17613e-66,9.99858e-01,0.00000e+00
7.253404073e+00,0.00000e+00,9.99999e-01,9.99999e-01,4.67763e-96,8.06694e-67,9.99861e-01,0.00000e+00
7.289671094e+00,0.00000e+00,9.99999e-01,9.99999e-01,2.51501e-76,1.30495e-58,9.99864e-01,0.00000e+00
7.326119449e+00,0.00000e+00,9.99999e-01,9.99999e-01,6.53470e-72,1.95631e-58,9.99866e-01,0.00000e+00
7.362750046e+00,0.00000e+00,9.99999e-01,9.99999e-01,2.72806e-78,7.41274e-43,9.99869e-01,0.00000e+00
7.399563797e+00,0.00000e+00,9.99999e-01,9.99999e-01,9.44259e-78,5.82366e-35,9.99872e-01,0.00000e+00
7.436561616e+00,0.00000e+00,9.99999e-01,9.99999e-01,6.93465e-65,2.89943e-38,9.99874e-01,0.00000e+00
7.473744424e+00,0.00000e+00,9.99999e-01,9.99999e-01,5.53750e-43,4.03858e-36,9.99877e-01,0.00000e+00
7.511113146e+00,0.00000e+00,9.99999e-01,9.99999e-01,2.07696e-30,4.52137e-31,9.99879e-01,0.00000e+00
7.548668712e+00,0.00000e+00,9.99999e-01,9.99999e-01,6.98460e-19,8.79593e-33,9.99881e-01,0.00000e+00
7.586412055e+00,0.00000e+00,9.99999e-01,9.99999e-01,1.19387e-15,2.25844e-58,9.99884e-01,0.00000e+00
7.624344115e+00,0.00000e+00,9.99999e-01,9.99999e-01,3.44046e-15,3.59187e-29,9.99886e-01,0.00000e+00
7.662465836e+00,0.00000e+00,9.99999e-01,9.99999e-01,1.34970e-17,4.09671e-18,9.99888e-01,0.00000e+00
7.700778165e+00,0.00000e+00,9.99999e-01,9.99999e-01,1.55277e-23,2.10425e-18,9.99890e-01,0.00000e+00
7.739282056e+00,0.00000e+00,9.99999e-01,9.99999e-01,2.45885e-38,1.44316e-29,9.99892e-01,0.00000e+00
7.777978466e+00,0.00000e+00,9.99999e-01,9.99999e-01,4.56754e-51,2.17286e-20,9.99895e-01,0.00000e+00
7.816868359e+00,0.00000e+00,9.99999e-01,9.99999e-01,1.20950e-68,7.78325e-17,9.99897e-01,0.00000e+00
7.855952700e+00,0.00000e+00,9.99999e-01,9.99999e-01,3.05016e-70,2.50337e-17,9.99899e-01,0.00000e+00
7.895232464e+00,0.00000e+00,9.99999e-01,9.99999e-01,3.55172e-59,2.60582e-17,9.99901e-01,0.00000e+00
7.934708626e+00,0.00000e+00,9.99999e-01,9.99999e-01,2.25680e-54,5.09407e-11,9.99903e-01,0.00000e+00
7.974382169e+00,0.00000e+00,9.99999e-01,9.99999e-01,6.00339e-60,4.70761e-08,9.99905e-01,0.00000e+00
8.014254080e+00,0.00000e+00,9.99999e-01,9.99999e-01,2.98215e-72,9.13298e-09,9.99906e-01,0.00000e+00
8.054325351e+00,0.00000e+00,9.99999e-01,9.99999e-01,8.87341e-74,2.12384e-08,9.99908e-01,0.00000e+00
8.094596977e+00,0.00000e+00,9.99999e-01,9.99999e-01,9.13857e-71,1.63901e-06,9.99910e-01,0.00000e+00
8.135069962e+00,0.00000e+00,9.99999e-01,9.99999e-01,4.26309e-64,1.82265e-06,9.99912e-01,0.00000e+00
8.175745312e+00,0.00000e+00,9.99999e-01,9.99999e-01,2.98264e-53,2.57386e-07,9.99913e-01,1.15099e-310
8.216624039e+00,8.52942e-292,9.99999e-01,9.99999e-01,4.37885e-46,1.92441e-05,9.99915e-01,4.07178e-242
8.257707159e+00,2.44562e-227,9.99999e-01,9.99999e-01,1.04163e-36,1.89700e-04,9.99917e-01,6.77136e-189
8.298995695e+00,1.72807e-179,9.99999e-01,9.99999e-01,3.91606e-33,2.16285e-03,9.99918e-01,1.21412e-144
8.340490673e+00,3.26409e-142,9.99999e-01,9.99999e-01,1.30825e-30,4.82682e-04,9.99920e-01,1.84710e-109
8.382193126e+00,1.33885e-112,9.99999e-01,9.99999e-01,1.53836e-28,5.06741e-03,9.99922e-01,9.86685e-83
8.424104092e+00,1.97846e-87,9.99999e-01,9.99999e-01,2.71683e-23,1.28254e-03,9.99923e-01,7.72686e-63
8.466224613e+00,1.07879e-67,9.99999e-01,9.99999e-01,2.51823e-18,3.85692e-03,9.99925e-01,6.86452e-48
8.508555736e+00,1.60248e-46,9.99999e-01,9.99999e-01,3.68179e-11,1.40383e-03,9.99926e-01,1.79487e-34
8.551098514e+00,2.24563e-34,9.99999e-01,9.99999e-01,4.57964e-08,3.22800e-02,9.99928e-01,8.79720e-26
8.593854007e+00,3.68035e-28,9.99999e-01,9.99999e-01,1.20397e-07,1.12781e-01,9.99929e-01,2.21102e-20
8.636823277e+00,1.11304e-24,9.99999e-01,9.99999e-01,6.68428e-09,1.40221e-01,9.99930e-01,1.03302e-15
8.680007393e+00,1.22658e-22,9.99999e-01,9.99999e-01,4.20326e-10,4.21695e-02,9.99932e-01,4.21323e-12
8.723407430e+00,1.31736e-20,9.99999e-01,9.99999e-01,9.18218e-11,8.03928e-02,9.99933e-01,1.60326e-09
8.767024467e+00,1.69446e-20,9.99999e-01,9.99999e-01,1.33890e-12,5.09642e-02,9.99934e-01,1.58718e-07
8.810859590e+00,2.06326e-45,9.99999e-01,9.99999e-01,1.22954e-39,6.01836e-02,9.99936e-01,7.61481e-06
8.854913888e+00,3.65675e-139,9.99999e-01,9.99999e-01,9.39919e-135,2.85902e-01,9.99937e-01,1.15977e-04
8.899188457e+00,0.00000e+00,9.99999e-01,9.99999e-01,0.00000e+00,2.36890e-01,9.99938e-01,9.33731e-04
8.943684399e+00,0.00000e+00,9.99999e-01,9.99999e-01,0.00000e+00,1.54646e-01,9.99939e-01,5.32826e-03
8.988402821e+00,0.00000e+00,9.99999e-01,9.99999e-01,0.00000e+00,1.36145e-01,9.99940e-01,1.80183e-02
9.033344836e+00,0.00000e+00,9.99999e-01,9.99999e-01,0.00000e+00,8.75983e-02,9.99942e-01,4.56049e-02
9.078511560e+00,0.00000e+00,9.99999e-01,9.99999e-01,0.00000e+00,1.59563e-01,9.99943e-01,9.36252e-02
9.123904118e+00,0.00000e+00,9.99999e-01,9.99999e-01,0.00000e+00,2.74749e-01,9.99944e-01,1.62018e-01
9.169523638e+00,0.00000e+00,9.99999e-01,9.99999e-01,0.00000e+00,2.01270e-01,9.99945e-01,2.47664e-01
9.215371256e+00,0.00000e+00,9.99999e-01,9.99999e-01,0.00000e+00,4.29835e-01,9.99946e-01,3.33730e-01
9.261448113e+00,0.00000e+00,9.99999e-01,9.99999e-01,0.00000e+00,3.98427e-01,9.99947e-01,4.30273e-01
9.307755353e+00,0.00000e+00,9.99999e-01,9.99999e-01,0.00000e+00,2.59123e-01,9.99948e-01,5.23784e-01
9.354294130e+00,0.00000e+00,9.99999e-01,9.99999e-01,0.00000e+00,1.97523e-01,9.99949e-01,6.08372e-01
9.401065601e+00,0.00000e+00,9.99999e-01,9.99999e-01,0.00000e+00,8.04211e-02,9.99950e-01,6.83083e-01
9.448070929e+00,0.00000e+00,9.99999e-01,9.99999e-01,0.00000e+00,1.41550e-01,9.99951e-01,7.40982e-01
9.495311283e+00,0.00000e+00,9.99999e-01,9.99999e-01,0.00000e+00,3.57186e-01,9.99952e-01,7.89947e-01
9.542787840e+00,0.00000e+00,9.99999e-01,9.99999e-01,0.00000e+00,4.80019e-01,9.99953e-01,8.34244e-01
9.590501779e+00,0.00000e+00,9.99999e-01,9.99999e-01,0.00000e+00,3.16985e-01,9.99954e-01,8.70194e-01
9.638454288e+00,0.00000e+00,9.99999e-01,9.99999e-01,0.00000e+00,3.08248e-01,9.99955e-01,8.96367e-01
9.686646559e+00,0.00000e+00,9.99999e-01,9.99999e-01,0.00000e+00,3.36213e-01,9.99956e-01,9.17502e-01
9.735079792e+00,0.00000e+00,9.99999e-01,9.99999e-01,0.00000e+00,4.41234e-01,9.99956e-01,9.34456e-01
9.783755191e+00,0.00000e+00,9.99999e-01,9.99999e-01,0.00000e+00,3.65101e-01,9.99957e-01,9.48000e-01
9.832673967e+00,0.00000e+00,9.99999e-01,9.99999e-01,0.00000e+00,1.11064e-01,9.99958e-01,9.58786e-01
9.881837337e+00,0.00000e+00,9.99999e-01,9.99999e-01,0.00000e+00,2.96626e-02,9.99959e-01,9.67342e-01
9.931246523e+00,0.00000e+00,9.99999e-01,9.99999e-01,0.00000e+00,2.22892e-01,9.99960e-01,9.74126e-01
9.980902756e+00,0.00000e+00,9.99999e-01,9.99999e-01,0.00000e+00,3.77131e-01,9.99960e-01,9.99519e-01
1.003080727e+01,0.00000e+00,9.99999e-01,9.99999e-01,0.00000e+00,3.78821e-01,9.99961e-01,9.99497e-01
1.008096131e+01,0.00000e+00,9.99999e-01,9.99999e-01,0.00000e+00,4.29816e-01,9.99962e-01,9.99473e-01
1.013136611e+01,0.00000e+00,9.99999e-01,9.99999e-01,0.00000e+00,5.22915e-01,9.99963e-01,9.99447e-01
1.018202294e+01,0.00000e+00,9.99999e-01,9.99999e-01,0.00000e+00,5.62040e-01,9.99963e-01,9.99421e-01
1.023293306e+01,0.00000e+00,9.99999e-01,9.99999e-01,0.00000e+00,3.63852e-01,9.99964e-01,9.99392e-01
1.028409772e+01,0.00000e+00,9.99999e-01,9.99999e-01,0.00000e+00,1.65091e-01,9.99965e-01,9.99362e-01
1.033551821e+01,0.00000e+00,9.99999e-01,9.99999e-01,0.00000e+00,1.38829e-01,9.99966e-01,9.99329e-01
1.038719580e+01,0.00000e+00,9.99999e-01,9.99999e-01,0.00000e+00,4.54805e-02,9.99966e-01,9.99296e-01
1.043913178e+01,0.00000e+00,9.99999e-01,9.99999e-01,0.00000e+00,4.99710e-02,9.99967e-01,9.99259e-01
1.049132744e+01,0.00000e+00,9.99999e-01,9.99999e-01,0.00000e+00,1.65642e-01,9.99967e-01,9.99220e-01
1.054378408e+01,0.00000e+00,9.99999e-01,9.99999e-01,0.00000e+00,2.56299e-01,9.99968e-01,9.99180e-01
1.059650300e+01,0.00000e+00,9.99999e-01,9.99999e-01,0.00000e+00,2.37811e-01,9.99969e-01,9.99137e-01
1.064948551e+01,0.00000e+00,9.99999e-01,9.99999e-01,0.00000e+00,2.04893e-01,9.99969e-01,9.99092e-01
1.070273294e+01,0.00000e+00,9.99999e-01,9.99999e-01,0.00000e+00,1.06433e-01,9.99970e-01,9.99044e-01
1.075624661e+01,0.00000e+00,9.99999e-01,9.99999e-01,0.00000e+00,1.19732e-01,9.99970e-01,9.98995e-01
1.081002784e+01,0.00000e+00,9.99999e-01,9.99999e-01,0.00000e+00,1.26891e-01,9.99971e-01,9.98943e-01
1.086407798e+01,0.00000e+00,9.99999e-01,9.99999e-01,0.00000e+00,3.24334e-02,9.99972e-01,9.98891e-01
1.091839837e+01,0.00000e+00,9.99999e-01,9.99999e-01,0.00000e+00,7.59377e-03,9.99972e-01,9.98831e-01
1.097299036e+01,0.00000e+00,9.99999e-01,9.99999e-01,0.00000e+00,5.01800e-04,9.99973e-01,9.98770e-01
1.102785531e+01,0.00000e+00,9.99999e-01,9.99999e-01,0.00000e+00,2.28713e-04,9.99973e-01,9.98705e-01
1.108299459e+01,0.00000e+00,9.99999e-01,9.99999e-01,0.00000e+00,1.65054e-02,9.99974e-01,9.98639e-01
1.113840956e+01,0.00000e+00,9.99999e-01,9.99999e-01,0.00000e+00,9.99887e-02,9.99974e-01,9.98568e-01
1.119410161e+01,0.00000e+00,9.99999e-01,9.99999e-01,0.00000e+00,1.65329e-01,9.99975e-01,9.98495e-01
1.125007212e+01,0.00000e+00,9.99999e-01,9.99999e-01,0.00000e+00,8.53194e-02,9.99975e-01,9.98417e-01
1.130632248e+01,0.00000e+00,9.99999e-01,9.99999e-01,0.00000e+00,6.49118e-02,9.99976e-01,9.98333e-01
1.136285409e+01,0.00000e+00,9.99999e-01,9.99999e-01,0.00000e+00,1.26864e-01,9.99976e-01,9.98247e-01
1.141966836e+01,0.00000e+00,9.99999e-01,9.99999e-01,0.00000e+00,1.52997e-01,9.99977e-01,9.98157e-01
1.147676670e+01,0.00000e+00,9.99999e-01,9.99999e-01,0.00000e+00,1.01225e-01,9.99977e-01,9.98067e-01
1.153415054e+01,0.00000e+00,9.99999e-01,9.99999e-01,0.00000e+00,2.03464e-02,9.99977e-01,9.97969e-01
1.159182129e+01,0.00000e+00,9.99999e-01,9.99999e-01,0.00000e+00,6.24747e-03,9.99978e-01,9.97869e-01
1.164978039e+01,0.00000e+00,9.99999e-01,9.99999e-01,0.00000e+00,3.53903e-04,9.99978e-01,9.97763e-01
1.170802930e+01,0.00000e+00,9.99999e-01,9.99999e-01,0.00000e+00,4.34999e-05,9.99979e-01,9.97650e-01
1.176656944e+01,0.00000e+00,9.99999e-01,9.99999e-01,0.00000e+00,1.98674e-03,9.99979e-01,9.97534e-01
1.182540229e+01,0.00000e+00,9.99999e-01,9.99999e-01,0.00000e+00,1.76660e-02,9.99979e-01,9.97404e-01
1.188452930e+01,0.00000e+00,9.99999e-01,9.99999e-01,0.00000e+00,1.84476e-02,9.99980e-01,9.97273e-01
1.194395195e+01,0.00000e+00,9.99999e-01,9.99999e-01,0.00000e+00,3.17441e-02,9.99980e-01,9.97126e-01
1.200367171e+01,0.00000e+00,9.99999e-01,9.99999e-01,0.00000e+00,6.53586e-02,9.99981e-01,9.96973e-01
1.206369007e+01,0.00000e+00,9.99999e-01,9.99999e-01,0.00000e+00,2.29803e-02,9.99981e-01,9.96813e-01
1.212400852e+01,0.00000e+00,9.99999e-01,9.99999e-01,0.00000e+00,6.05503e-02,9.99981e-01,9.96642e-01
1.218462856e+01,0.00000e+00,9.99999e-01,9.99999e-01,0.00000e+00,5.85063e-02,9.99982e-01,9.96469e-01
1.224555170e+01,0.00000e+00,9.99999e-01,9.99999e-01,0.00000e+00,4.05672e-03,9.99982e-01,9.96295e-01
1.230677946e+01,0.00000e+00,9.99999e-01,9.99999e-01,0.00000e+00,8.58536e-04,9.99982e-01,9.96119e-01
1.236831336e+01,0.00000e+00,9.99999e-01,9.99999e-01,0.00000e+00,3.44605e-05,9.99983e-01,9.95936e-01
1.243015492e+01,0.00000e+00,9.99999e-01,9.99999e-01,0.00000e+00,3.05701e-07,9.99983e-01,9.95743e-01
1.249230570e+01,0.00000e+00,9.99999e-01,9.99999e-01,0.00000e+00,6.36191e-07,9.99983e-01,9.95549e-01
1.255476723e+01,0.00000e+00,9.99999e-01,9.99999e-01,0.00000e+00,4.34420e-06,9.99984e-01,9.95340e-01
1.261754106e+01,0.00000e+00,9.99999e-01,9.99999e-01,0.00000e+00,1.32522e-03,9.99984e-01,9.95130e-01
1.268062877e+01,0.00000e+00,9.99999e-01,9.99999e-01,0.00000e+00,8.12451e-03,9.99984e-01,9.94904e-01
1.274403191e+01,0.00000e+00,9.99999e-01,9.99999e-01,0.00000e+00,4.55986e-03,9.99985e-01,9.94660e-01
1.280775207e+01,0.00000e+00,9.99999e-01,9.99999e-01,0.00000e+00,1.43872e-02,9.99985e-01,9.94414e-01
1.287179083e+01,0.00000e+00,9.99999e-01,9.99999e-01,0.00000e+00,3.58749e-03,9.99985e-01,9.94145e-01
1.293614979e+01,0.00000e+00,9.99999e-01,9.99999e-01,0.00000e+00,6.79164e-03,9.99985e-01,9.93872e-01
1.300083054e+01,0.00000e+00,9.99999e-01,9.99999e-01,0.00000e+00,3.23329e-04,9.99986e-01,9.93594e-01
1.306583469e+01,0.00000e+00,9.99999e-01,9.99999e-01,0.00000e+00,2.62573e-04,9.99986e-01,9.93305e-01
1.313116386e+01,0.00000e+00,9.99999e-01,9.99999e-01,0.00000e+00,1.61212e-04,9.99986e-01,9.93015e-01
1.319681968e+01,0.00000e+00,9.99999e-01,9.99999e-01,0.00000e+00,7.00798e-05,9.99986e-01,9.92701e-01
1.326280378e+01,0.00000e+00,9.99999e-01,9.99999e-01,0.00000e+00,1.49704e-07,9.99987e-01,9.92374e-01
1.332911780e+01,0.00000e+00,9.99999e-01,9.99999e-01,0.00000e+00,2.00449e-07,9.99987e-01,9.92045e-01
1.339576339e+01,0.00000e+00,9.99999e-01,9.99999e-01,0.00000e+00,5.44056e-08,9.99987e-01,9.85086e-01
1.346274221e+01,0.00000e+00,9.99999e-01,9.99999e-01,0.00000e+00,1.62806e-11,9.99987e-01,9.84021e-01
1.353005592e+01,0.00000e+00,9.99999e-01,9.99999e-01,0.00000e+00,2.65869e-06,9.99988e-01,9.82859e-01
1.359770620e+01,0.00000e+00,9.99999e-01,9.99999e-01,0.00000e+00,1.04508e-05,9.99988e-01,9.81671e-01
1.366569473e+01,0.00000e+00,9.99999e-01,9.99999e-01,0.00000e+00,7.54471e-06,9.99988e-01,9.80415e-01
1.373402320e+01,0.00000e+00,9.99999e-01,9.99999e-01,0.00000e+00,2.17757e-04,9.99988e-01,9.79082e-01
1.380269332e+01,0.00000e+00,9.99999e-01,9.99999e-01,0.00000e+00,5.04637e-04,9.99988e-01,9.77662e-01
1.387170678e+01,0.00000e+00,9.99999e-01,9.99999e-01,0.00000e+00,3.54389e-05,9.99989e-01,9.76013e-01
1.394106532e+01,0.00000e+00,9.99999e-01,9.99999e-01,0.00000e+00,7.88953e-06,9.99989e-01,9.74413e-01
1.401077064e+01,0.00000e+00,9.99999e-01,9.99999e-01,0.00000e+00,5.06775e-07,9.99989e-01,9.72712e-01
1.408082450e+01,0.00000e+00,9.99999e-01,9.99999e-01,0.00000e+00,6.18703e-07,9.99989e-01,9.70909e-01
1.415122862e+01,0.00000e+00,9.99999e-01,9.99999e-01,0.00000e+00,7.22281e-10,9.99989e-01,9.68956e-01
1.422198476e+01,0.00000e+00,9.99999e-01,9.99999e-01,0.00000e+00,5.24885e-13,9.99990e-01,9.66888e-01
1.429309469e+01,0.00000e+00,9.99999e-01,9.99999e-01,0.00000e+00,3.10571e-12,9.99990e-01,9.64659e-01
1.436456016e+01,0.00000e+00,9.99999e-01,9.99999e-01,0.00000e+00,3.32926e-15,9.99990e-01,9.62219e-01
1.443638296e+01,0.00000e+00,9.99999e-01,9.99999e-01,0.00000e+00,3.00344e-17,9.99990e-01,9.59616e-01
1.450856487e+01,0.00000e+00,9.99999e-01,9.99999e-01,0.00000e+00,2.26255e-12,9.99990e-01,9.56831e-01
1.458110770e+01,0.00000e+00,9.99999e-01,9.99999e-01,0.00000e+00,7.46896e-09,9.99991e-01,9.53822e-01
1.465401324e+01,0.00000e+00,9.99999e-01,9.99999e-01,0.00000e+00,7.55887e-08,9.99991e-01,9.50621e-01
1.472728330e+01,0.00000e+00,9.99999e-01,9.99999e-01,0.00000e+00,8.68801e-08,9.99991e-01,9.47580e-01
1.480091972e+01,0.00000e+00,9.99999e-01,9.99999e-01,0.00000e+00,3.94330e-09,9.99991e-01,9.43896e-01
1.487492432e+01,0.00000e+00,9.99999e-01,9.99999e-01,0.00000e+00,1.02707e-14,9.99991e-01,9.39973e-01
1.494929894e+01,0.00000e+00,9.99999e-01,9.99999e-01,0.00000e+00,5.52094e-12,9.99991e-01,9.36245e-01
1.502404544e+01,0.00000e+00,9.99999e-01,9.99999e-01,0.00000e+00,9.85134e-10,9.99992e-01,9.31681e-01
1.509916566e+01,0.00000e+00,9.99999e-01,9.99999e-01,0.00000e+00,2.71424e-09,9.99992e-01,9.26824e-01
1.517466149e+01,0.00000e+00,9.99999e-01,9.99999e-01,0.00000e+00,1.86649e-10,9.99992e-01,9.22242e-01
1.525053480e+01,0.00000e+00,9.99999e-01,9.99999e-01,0.00000e+00,3.57284e-09,9.99992e-01,9.16654e-01
1.532678747e+01,0.00000e+00,9.99999e-01,9.99999e-01,0.00000e+00,3.75539e-11,9.99992e-01,9.10714e-01
1.540342141e+01,0.00000e+00,9.99999e-01,9.99999e-01,0.00000e+00,1.53065e-13,9.99992e-01,8.99886e-01
1.548043852e+01,0.00000e+00,9.99999e-01,9.99999e-01,0.00000e+00,4.49926e-15,9.99992e-01,8.93591e-01
1.555784071e+01,0.00000e+00,9.99999e-01,9.99999e-01,0.00000e+00,3.20491e-19,9.99992e-01,8.86234e-01
1.563562991e+01,0.00000e+00,9.99999e-01,9.99999e-01,0.00000e+00,1.07260e-27,9.99993e-01,8.78406e-01
1.571380806e+01,0.00000e+00,9.99999e-01,9.99999e-01,0.00000e+00,3.44231e-28,9.99993e-01,8.71058e-01
1.579237710e+01,0.00000e+00,9.99999e-01,9.99999e-01,0.00000e+00,8.48440e-21,9.99993e-01,8.63292e-01
1.587133899e+01,0.00000e+00,9.99999e-01,9.99999e-01,0.00000e+00,1.15623e-17,9.99993e-01,8.55092e-01
1.595069568e+01,0.00000e+00,9.99999e-01,9.99999e-01,0.00000e+00,1.09839e-19,9.99993e-01,8.46199e-01
1.603044916e+01,0.00000e+00,9.99999e-01,9.99999e-01,0.00000e+00,2.12129e-26,9.99993e-01,8.36833e-01
1.611060141e+01,0.00000e+00,9.99999e-01,9.99999e-01,0.00000e+00,7.38474e-26,9.99993e-01,8.25516e-01
1.619115441e+01,0.00000e+00,9.99999e-01,9.99999e-01,0.00000e+00,8.42312e-25,9.99993e-01,8.13479e-01
1.627211019e+01,0.00000e+00,9.99999e-01,9.99999e-01,0.00000e+00,6.58752e-28,9.99994e-01,8.02329e-01
1.635347074e+01,0.00000e+00,9.99999e-01,9.99999e-01,0.00000e+00,1.95714e-25,9.99994e-01,7.90612e-01
1.643523809e+01,0.00000e+00,9.99999e-01,9.99999e-01,0.00000e+00,6.80611e-26,9.99994e-01,7.78259e-01
1.651741428e+01,0.00000e+00,9.99999e-01,9.99999e-01,0.00000e+00,6.50411e-28,9.99994e-01,7.65258e-01
1.660000135e+01,0.00000e+00,9.99999e-01,9.99999e-01,0.00000e+00,6.24995e-35,9.99994e-01,7.51678e-01
1.668300136e+01,0.00000e+00,9.99999e-01,9.99999e-01,0.00000e+00,7.49065e-36,9.99994e-01,7.37400e-01
1.676641637e+01,0.00000e+00,9.99999e-01,9.99999e-01,0.00000e+00,1.71599e-31,9.99994e-01,7.22498e-01
1.685024845e+01,0.00000e+00,9.99999e-01,9.99999e-01,0.00000e+00,1.50949e-32,9.99994e-01,7.06899e-01
1.693449969e+01,0.00000e+00,9.99999e-01,9.99999e-01,0.00000e+00,4.14276e-40,9.99994e-01,6.90609e-01
1.701917219e+01,0.00000e+00,9.99999e-01,9.99999e-01,0.00000e+00,3.81862e-43,9.99994e-01,6.73527e-01
1.710426805e+01,0.00000e+00,9.99999e-01,9.99999e-01,0.00000e+00,3.70432e-55,9.99995e-01,6.55725e-01
1.718978939e+01,0.00000e+00,9.99999e-01,9.99999e-01,0.00000e+00,5.08212e-60,9.99995e-01,6.40118e-01
1.727573834e+01,0.00000e+00,9.99999e-01,9.99999e-01,0.00000e+00,2.58858e-61,9.99995e-01,6.23878e-01
1.736211703e+01,0.00000e+00,9.99999e-01,9.99999e-01,0.00000e+00,7.58664e-66,9.99995e-01,6.03958e-01
1.744892761e+01,0.00000e+00,9.99999e-01,9.99999e-01,0.00000e+00,1.07253e-56,9.99995e-01,5.83311e-01
1.753617225e+01,0.00000e+00,9.99999e-01,9.99999e-01,0.00000e+00,1.48992e-45,9.99995e-01,5.62031e-01
1.762385311e+01,0.00000e+00,9.99999e-01,9.99999e-01,0.00000e+00,1.83205e-44,9.99995e-01,5.40102e-01
1.771197238e+01,0.00000e+00,9.99999e-01,9.99999e-01,0.00000e+00,1.08985e-47,9.99995e-01,5.17566e-01
1.780053224e+01,0.00000e+00,9.99999e-01,9.99999e-01,0.00000e+00,2.13113e-51,9.99995e-01,4.98161e-01
1.788953490e+01,0.00000e+00,9.99999e-01,9.99999e-01,0.00000e+00,7.57779e-56,9.99995e-01,4.78255e-01
1.797898258e+01,0.00000e+00,9.99999e-01,9.99999e-01,0.00000e+00,1.93542e-63,9.99995e-01,4.54089e-01
1.806887749e+01,0.00000e+00,9.99999e-01,9.99999e-01,0.00000e+00,5.45487e-65,9.99995e-01,4.29586e-01
1.815922188e+01,0.00000e+00,9.99999e-01,9.99999e-01,0.00000e+00,2.23460e-86,9.99995e-01,4.08745e-01
1.825001799e+01,0.00000e+00,9.99999e-01,9.99999e-01,0.00000e+00,6.99448e-65,9.99996e-01,3.87743e-01
1.834126808e+01,0.00000e+00,9.99999e-01,9.99999e-01,0.00000e+00,1.46281e-62,9.99996e-01,3.62760e-01
1.843297442e+01,0.00000e+00,9.99999e-01,9.99999e-01,0.00000e+00,5.91609e-63,9.99996e-01,3.37795e-01
1.852513929e+01,0.00000e+00,9.99999e-01,9.99999e-01,0.00000e+00,5.33610e-70,9.99996e-01,3.16913e-01
1.861776499e+01,0.00000e+00,9.99999e-01,9.99999e-01,0.00000e+00,3.18571e-102,9.99996e-01,2.96114e-01
1.871085381e+01,0.00000e+00,9.99999e-01,9.99999e-01,0.00000e+00,2.07439e-80,9.99996e-01,2.71749e-01
1.880440808e+01,0.00000e+00,9.99999e-01,9.99999e-01,0.00000e+00,2.40738e-68,9.99996e-01,2.51683e-01
1.889843012e+01,0.00000e+00,9.99999e-01,9.99999e-01,0.00000e+00,4.50061e-69,9.99996e-01,2.31984e-01
1.899292227e+01,0.00000e+00,9.99999e-01,9.99999e-01,0.00000e+00,4.35002e-96,9.99996e-01,2.09243e-01
1.908788688e+01,0.00000e+00,9.99999e-01,9.99999e-01,0.00000e+00,9.57898e-92,9.99996e-01,1.90828e-01
1.918332632e+01,0.00000e+00,9.99999e-01,9.99999e-01,0.00000e+00,2.87747e-92,9.99996e-01,1.73016e-01
1.927924295e+01,0.00000e+00,9.99999e-01,9.99999e-01,0.00000e+00,6.77507e-114,9.99996e-01,1.55985e-01
1.937563916e+01,0.00000e+00,9.99999e-01,9.99999e-01,0.00000e+00,8.66237e-177,9.99996e-01,1.39669e-01
1.947251736e+01,0.00000e+00,9.99999e-01,9.99999e-01,0.00000e+00,3.68772e-180,9.99996e-01,1.24308e-01
1.956987994e+01,0.00000e+00,9.99999e-01,9.99999e-01,0.00000e+00,1.68315e-172,9.99996e-01,1.09830e-01
1.966772934e+01,0.00000e+00,9.99999e-01,9.99999e-01,0.00000e+00,6.31559e-142,9.99996e-01,9.37828e-02
1.976606799e+01,0.00000e+00,9.99999e-01,9.99999e-01,0.00000e+00,4.18941e-139,9.99996e-01,8.14632e-02
1.986489833e+01,0.00000e+00,9.99999e-01,9.99999e-01,0.00000e+00,3.44009e-148,9.99997e-01,7.01380e-02
1.996422282e+01,0.00000e+00,9.99999e-01,9.99999e-01,0.00000e+00,1.63153e-138,9.99997e-01,5.99078e-02
