#,Wave/freq,Total,N2,O2,CO2,H2O,Rayleigh,CIA
4.000000000e-01,4.18422e-46,9.99999e-01,9.99999e-01,9.99999e-01,9.99798e-01,4.18506e-46,9.99999e-01
4.020000000e-01,3.30300e-45,9.99999e-01,9.99999e-01,9.99999e-01,9.99874e-01,3.30341e-45,9.99999e-01
4.040100000e-01,2.49776e-44,9.99999e-01,9.99999e-01,9.99999e-01,9.99946e-01,2.49789e-44,9.99999e-01
4.060300500e-01,1.81478e-43,9.99999e-01,9.99999e-01,9.99999e-01,9.99987e-01,1.81480e-43,9.99999e-01
4.080602003e-01,1.26786e-42,9.99999e-01,9.99999e-01,9.99999e-01,9.99995e-01,1.26787e-42,9.99999e-01
4.101005013e-01,8.52396e-42,9.99999e-01,9.99999e-01,9.99999e-01,9.99999e-01,8.52396e-42,9.99999e-01
4.121510038e-01,5.51900e-41,9.99999e-01,9.99999e-01,9.99999e-01,9.99992e-01,5.51904e-41,9.99999e-01
4.142117588e-01,3.44380e-40,9.99999e-01,9.99999e-01,9.99999e-01,9.99944e-01,3.44398e-40,9.99999e-01
4.162828176e-01,2.07226e-39,9.99999e-01,9.99999e-01,9.99999e-01,9.99750e-01,2.07277e-39,9.99999e-01
4.183642317e-01,1.20388e-38,9.99999e-01,9.99999e-01,9.99999e-01,9.99851e-01,1.20405e-38,9.99999e-01
4.204560528e-01,6.75473e-38,9.99999e-01,9.99999e-01,9.99999e-01,9.99908e-01,6.75534e-38,9.99999e-01
4.225583331e-01,3.66302e-37,9.99999e-01,9.99999e-01,9.99999e-01,9.99965e-01,3.66314e-37,9.99999e-01
4.246711247e-01,1.92108e-36,9.99999e-01,9.99999e-01,9.99999e-01,9.99972e-01,1.92114e-36,9.99999e-01
4.267944804e-01,9.75055e-36,9.99999e-01,9.99999e-01,9.99999e-01,9.99959e-01,9.75093e-36,9.99999e-01
4.289284528e-01,4.79276e-35,9.99999e-01,9.99999e-01,9.99999e-01,9.99968e-01,4.79291e-35,9.99999e-01
4.310730950e-01,2.28290e-34,9.99999e-01,9.99999e-01,9.99999e-01,9.99986e-01,2.28293e-34,9.99999e-01
4.332284605e-01,1.05437e-33,9.99999e-01,9.99999e-01,9.99999e-01,9.99996e-01,1.05438e-33,9.99999e-01
4.353946028e-01,4.72468e-33,9.99999e-01,9.99999e-01,9.99999e-01,9.99998e-01,4.72469e-33,9.99999e-01
4.375715758e-01,2.05529e-32,9.99999e-01,9.99999e-01,9.99999e-01,9.99975e-01,2.05534e-32,9.99999e-01
4.397594337e-01,8.68338e-32,9.99999e-01,9.99999e-01,9.99999e-01,9.99781e-01,8.68527e-32,9.99999e-01
4.419582309e-01,3.56319e-31,9.99999e-01,9.99999e-01,9.99999e-01,9.98893e-01,3.56713e-31,9.99999e-01
4.441680220e-01,1.42351e-30,9.99999e-01,9.99999e-01,9.99999e-01,9.99131e-01,1.42474e-30,9.99999e-01
4.463888621e-01,5.53200e-30,9.99999e-01,9.99999e-01,9.99999e-01,9.99097e-01,5.53700e-30,9.99999e-01
4.486208064e-01,2.09374e-29,9.99999e-01,9.99999e-01,9.99999e-01,9.99438e-01,2.09492e-29,9.99999e-01
4.508639105e-01,7.71847e-29,9.99999e-01,9.99999e-01,9.99999e-01,9.99737e-01,7.72049e-29,9.99999e-01
4.531182300e-01,2.77261e-28,9.99999e-01,9.99999e-01,9.99999e-01,9.99895e-01,2.77290e-28,9.99999e-01
4.553838212e-01,9.71010e-28,9.99999e-01,9.99999e-01,9.99999e-01,9.99929e-01,9.71078e-28,9.99999e-01
4.576607403e-01,3.31748e-27,9.99999e-01,9.99999e-01,9.99999e-01,9.99967e-01,3.31759e-27,9.99999e-01
4.599490440e-01,1.10622e-26,9.99999e-01,9.99999e-01,9.99999e-01,9.99976e-01,1.10625e-26,9.99999e-01
4.622487892e-01,3.60204e-26,9.99999e-01,9.99999e-01,9.99999e-01,9.99995e-01,3.60206e-26,9.99999e-01
4.645600332e-01,1.14582e-25,9.99999e-01,9.99999e-01,9.99999e-01,9.99983e-01,1.14583e-25,9.99999e-01
4.668828333e-01,3.56165e-25,9.99999e-01,9.99999e-01,9.99999e-01,9.99735e-01,3.56259e-25,9.99999e-01
4.692172475e-01,1.08251e-24,9.99999e-01,9.99999e-01,9.99999e-01,9.99433e-01,1.08313e-24,9.99999e-01
4.715633337e-01,3.22027e-24,9.99999e-01,9.99999e-01,9.99999e-01,9.99630e-01,3.22147e-24,9.99999e-01
4.739211504e-01,9.37398e-24,9.99999e-01,9.99999e-01,9.99999e-01,9.99645e-01,9.37730e-24,9.99999e-01
4.762907561e-01,2.67212e-23,9.99999e-01,9.99999e-01,9.99999e-01,9.99815e-01,2.67261e-23,9.99999e-01
4.786722099e-01,7.46066e-23,9.99999e-01,9.99999e-01,9.99999e-01,9.99924e-01,7.46122e-23,9.99999e-01
4.810655710e-01,2.04111e-22,9.99999e-01,9.99999e-01,9.99999e-01,9.99977e-01,2.04116e-22,9.99999e-01
4.834708988e-01,5.47289e-22,9.99999e-01,9.99999e-01,9.99999e-01,9.99784e-01,5.47407e-22,9.99999e-01
4.858882533e-01,1.43915e-21,9.99999e-01,9.99999e-01,9.99999e-01,9.99598e-01,1.43973e-21,9.99999e-01
4.883176946e-01,3.71374e-21,9.99999e-01,9.99999e-01,9.99999e-01,9.99664e-01,3.71499e-21,9.99999e-01
4.907592831e-01,9.40523e-21,9.99999e-01,9.99999e-01,9.99999e-01,9.99696e-01,9.40808e-21,9.99999e-01
4.932130795e-01,2.33873e-20,9.99999e-01,9.99999e-01,9.99999e-01,9.99784e-01,2.33924e-20,9.99999e-01
4.956791449e-01,5.71195e-20,9.99999e-01,9.99999e-01,9.99999e-01,9.99885e-01,5.71260e-20,9.99999e-01
4.981575406e-01,1.36989e-19,9.99999e-01,9.99999e-01,9.99999e-01,9.99431e-01,1.37067e-19,9.99999e-01
5.006483283e-01,3.22763e-19,9.99999e-01,9.99999e-01,9.99999e-01,9.98530e-01,3.23241e-19,9.99989e-01
5.031515699e-01,7.43846e-19,9.99999e-01,9.99999e-01,9.99999e-01,9.92563e-01,7.49478e-19,9.99921e-01
5.056673278e-01,1.70226e-18,9.99999e-01,9.99999e-01,9.99999e-01,9.96061e-01,1.70914e-18,9.99909e-01
5.081956644e-01,3.81537e-18,9.99999e-01,9.99999e-01,9.99999e-01,9.95033e-01,3.83463e-18,9.99941e-01
5.107366428e-01,8.43868e-18,9.99999e-01,9.99999e-01,9.99999e-01,9.96644e-01,8.46717e-18,9.99988e-01
5.132903260e-01,1.83706e-17,9.99999e-01,9.99999e-01,9.99999e-01,9.98080e-01,1.84059e-17,9.99998e-01
5.158567776e-01,3.93699e-17,9.99999e-01,9.99999e-01,9.99999e-01,9.99188e-01,3.94018e-17,9.99999e-01
5.184360615e-01,8.30625e-17,9.99999e-01,9.99999e-01,9.99999e-01,9.99675e-01,8.30894e-17,9.99999e-01
5.210282418e-01,1.72632e-16,9.99999e-01,9.99999e-01,9.99999e-01,9.99878e-01,1.72653e-16,9.99999e-01
5.236333830e-01,3.53441e-16,9.99999e-01,9.99999e-01,9.99999e-01,9.99513e-01,3.53614e-16,9.99996e-01
5.262515499e-01,7.13838e-16,9.99999e-01,9.99999e-01,9.99999e-01,9.99694e-01,7.14059e-16,9.99994e-01
5.288828077e-01,1.42163e-15,9.99999e-01,9.99999e-01,9.99999e-01,9.99720e-01,1.42204e-15,9.99996e-01
5.315272217e-01,2.79300e-15,9.99999e-01,9.99999e-01,9.99999e-01,9.99753e-01,2.79368e-15,9.99998e-01
5.341848578e-01,5.41479e-15,9.99999e-01,9.99999e-01,9.99999e-01,9.99839e-01,5.41566e-15,9.99999e-01
5.368557821e-01,1.03562e-14,9.99999e-01,9.99999e-01,9.99999e-01,9.99433e-01,1.03621e-14,9.99998e-01
5.395400610e-01,1.95336e-14,9.99999e-01,9.99999e-01,9.99999e-01,9.97960e-01,1.95739e-14,9.99982e-01
5.422377613e-01,3.64149e-14,9.99999e-01,9.99999e-01,9.99999e-01,9.97355e-01,3.65132e-14,9.99951e-01
5.449489501e-01,6.71098e-14,9.99999e-01,9.99999e-01,9.99999e-01,9.97544e-01,6.72783e-14,9.99949e-01
5.476736949e-01,1.22208e-13,9.99999e-01,9.99999e-01,9.99999e-01,9.97821e-01,1.22478e-13,9.99975e-01
5.504120634e-01,2.19994e-13,9.99999e-01,9.99999e-01,9.99999e-01,9.98418e-01,2.20343e-13,9.99992e-01
5.531641237e-01,3.91525e-13,9.99999e-01,9.99999e-01,9.99999e-01,9.99204e-01,3.91837e-13,9.99998e-01
5.559299443e-01,6.88661e-13,9.99999e-01,9.99999e-01,9.99999e-01,9.99615e-01,6.88925e-13,9.99999e-01
5.587095940e-01,1.19755e-12,9.99999e-01,9.99999e-01,9.99999e-01,9.99759e-01,1.19784e-12,9.99999e-01
5.615031420e-01,2.05950e-12,9.99999e-01,9.99999e-01,9.99999e-01,9.99731e-01,2.06006e-12,9.99999e-01
5.643106577e-01,3.50410e-12,9.99999e-01,9.99999e-01,9.99999e-01,9.99697e-01,3.50517e-12,9.99996e-01
5.671322110e-01,5.87990e-12,9.99999e-01,9.99999e-01,9.99999e-01,9.96332e-01,5.90173e-12,9.99966e-01
5.699678720e-01,9.79552e-12,9.99999e-01,9.99999e-01,9.99999e-01,9.96071e-01,9.83514e-12,9.99899e-01
5.728177114e-01,1.61580e-11,9.99999e-01,9.99999e-01,9.99999e-01,9.95916e-01,1.62256e-11,9.99915e-01
5.756818000e-01,2.64041e-11,9.99999e-01,9.99999e-01,9.99999e-01,9.96250e-01,2.65049e-11,9.99948e-01
5.785602090e-01,4.27378e-11,9.99999e-01,9.99999e-01,9.99999e-01,9.96730e-01,4.28787e-11,9.99984e-01
5.814530100e-01,6.84856e-11,9.99999e-01,9.99999e-01,9.99999e-01,9.96717e-01,6.87116e-11,9.99992e-01
5.843602750e-01,1.08659e-10,9.99999e-01,9.99999e-01,9.99999e-01,9.96097e-01,1.09087e-10,9.99977e-01
5.872820764e-01,1.65914e-10,9.99999e-01,9.99999e-01,9.99999e-01,9.67014e-01,1.71614e-10,9.99762e-01
5.902184868e-01,2.56674e-10,9.99999e-01,9.99999e-01,9.99999e-01,9.59882e-01,2.67574e-10,9.99354e-01
5.931695792e-01,4.01555e-10,9.99999e-01,9.99999e-01,9.99999e-01,9.71603e-01,4.13548e-10,9.99378e-01
5.961354271e-01,6.13714e-10,9.99999e-01,9.99999e-01,9.99999e-01,9.68830e-01,6.33684e-10,9.99642e-01
5.991161043e-01,9.40736e-10,9.99999e-01,9.99999e-01,9.99999e-01,9.77139e-01,9.62850e-10,9.99889e-01
6.021116848e-01,1.43202e-09,9.99999e-01,9.99999e-01,9.99999e-01,9.86961e-01,1.45096e-09,9.99986e-01
6.051222432e-01,2.15452e-09,9.99999e-01,9.99999e-01,9.99999e-01,9.93381e-01,2.16888e-09,9.99998e-01
6.081478544e-01,3.20717e-09,9.99999e-01,9.99999e-01,9.99999e-01,9.97141e-01,3.21637e-09,9.99999e-01
6.111885937e-01,4.72705e-09,9.99999e-01,9.99999e-01,9.99999e-01,9.98788e-01,4.73278e-09,9.99999e-01
6.142445367e-01,6.90746e-09,9.99999e-01,9.99999e-01,9.99999e-01,9.99459e-01,6.91120e-09,9.99999e-01
6.173157594e-01,1.00141e-08,9.99999e-01,9.99999e-01,9.99999e-01,9.99701e-01,1.00171e-08,9.99999e-01
6.204023382e-01,1.44091e-08,9.99999e-01,9.99999e-01,9.99999e-01,9.99747e-01,1.44128e-08,9.99999e-01
6.235043498e-01,2.05660e-08,9.99999e-01,9.99999e-01,9.99999e-01,9.98893e-01,2.05888e-08,9.99996e-01
6.266218716e-01,2.90324e-08,9.99999e-01,9.99999e-01,9.99999e-01,9.94130e-01,2.92050e-08,9.99958e-01
6.297549810e-01,4.10496e-08,9.99999e-01,9.99999e-01,9.99999e-01,9.97843e-01,4.11417e-08,9.99917e-01
6.329037559e-01,5.73172e-08,9.99999e-01,9.99999e-01,9.99999e-01,9.95737e-01,5.75663e-08,9.99933e-01
6.360682746e-01,7.97221e-08,9.99999e-01,9.99999e-01,9.99999e-01,9.96373e-01,8.00153e-08,9.99960e-01
6.392486160e-01,1.09977e-07,9.99999e-01,9.99999e-01,9.99999e-01,9.95300e-01,1.10498e-07,9.99982e-01
6.424448591e-01,1.50668e-07,9.99999e-01,9.99999e-01,9.99999e-01,9.93731e-01,1.51623e-07,9.99971e-01
6.456570834e-01,2.00783e-07,9.99999e-01,9.99999e-01,9.99999e-01,9.71261e-01,2.06757e-07,9.99837e-01
6.488853688e-01,2.74167e-07,9.99999e-01,9.99999e-01,9.99999e-01,9.78846e-01,2.80219e-07,9.99546e-01
6.521297956e-01,3.69242e-07,9.99999e-01,9.99999e-01,9.99999e-01,9.78471e-01,3.77507e-07,9.99625e-01
6.553904446e-01,4.94583e-07,9.99999e-01,9.99999e-01,9.99999e-01,9.78505e-01,5.05588e-07,9.99721e-01
6.586673968e-01,6.60761e-07,9.99999e-01,9.99999e-01,9.99999e-01,9.81571e-01,6.73229e-07,9.99906e-01
6.619607338e-01,8.81838e-07,9.99999e-01,9.99999e-01,9.99999e-01,9.89294e-01,8.91398e-07,9.99979e-01
6.652705375e-01,1.16644e-06,9.99999e-01,9.99999e-01,9.99999e-01,9.93786e-01,1.17374e-06,9.99989e-01
6.685968902e-01,1.53269e-06,9.99999e-01,9.99999e-01,9.99999e-01,9.97108e-01,1.53714e-06,9.99997e-01
6.719398746e-01,1.99967e-06,9.99999e-01,9.99999e-01,9.99999e-01,9.98659e-01,2.00235e-06,9.99999e-01
6.752995740e-01,2.59289e-06,9.99999e-01,9.99999e-01,9.99999e-01,9.99274e-01,2.59477e-06,9.99999e-01
6.786760719e-01,3.34179e-06,9.99999e-01,9.99999e-01,9.99999e-01,9.98953e-01,3.34529e-06,9.99998e-01
6.820694522e-01,4.28358e-06,9.99999e-01,9.99999e-01,9.99999e-01,9.98206e-01,4.29131e-06,9.99990e-01
6.854797995e-01,5.46507e-06,9.99999e-01,9.99999e-01,9.99999e-01,9.97687e-01,5.47785e-06,9.99979e-01
6.889071985e-01,6.91978e-06,9.99999e-01,9.99999e-01,9.99999e-01,9.94440e-01,6.95882e-06,9.99949e-01
6.923517345e-01,8.03187e-06,9.99999e-01,9.99999e-01,9.99999e-01,9.13268e-01,8.79849e-06,9.99561e-01
6.958134932e-01,1.05510e-05,9.99999e-01,9.99999e-01,9.99999e-01,9.53796e-01,1.10731e-05,9.99011e-01
6.992925606e-01,1.32502e-05,9.99999e-01,9.99999e-01,9.99999e-01,9.55968e-01,1.38726e-05,9.99130e-01
7.027890234e-01,1.63540e-05,9.99999e-01,9.99999e-01,9.99999e-01,9.45804e-01,1.73026e-05,9.99332e-01
7.063029686e-01,2.04946e-05,9.99999e-01,9.99999e-01,9.99999e-01,9.54144e-01,2.14867e-05,9.99667e-01
7.098344834e-01,2.53929e-05,9.99999e-01,9.99999e-01,9.99999e-01,9.55929e-01,2.65688e-05,9.99803e-01
7.133836558e-01,3.08147e-05,9.99999e-01,9.99999e-01,9.99999e-01,9.42270e-01,3.27153e-05,9.99609e-01
7.169505741e-01,2.53544e-05,9.99999e-01,9.99999e-01,9.99999e-01,6.33931e-01,4.01186e-05,9.96932e-01
7.205353270e-01,3.87845e-05,9.99999e-01,9.99999e-01,9.99999e-01,7.95832e-01,4.89994e-05,9.94593e-01
7.241380036e-01,4.43532e-05,9.99999e-01,9.99999e-01,9.99999e-01,7.47544e-01,5.96101e-05,9.95329e-01
7.277586936e-01,5.53597e-05,9.99999e-01,9.99999e-01,9.99999e-01,7.69284e-01,7.22384e-05,9.96180e-01
7.313974871e-01,6.56098e-05,9.99999e-01,9.99999e-01,9.99999e-01,7.53665e-01,8.72103e-05,9.98209e-01
7.350544745e-01,8.97230e-05,9.99999e-01,9.99999e-01,9.99999e-01,8.55898e-01,1.04894e-04,9.99377e-01
7.387297469e-01,1.11986e-04,9.99999e-01,9.99999e-01,9.99999e-01,8.91117e-01,1.25705e-04,9.99714e-01
7.424233956e-01,1.41837e-04,9.99999e-01,9.99999e-01,9.99999e-01,9.44958e-01,1.50106e-04,9.99944e-01
7.461355126e-01,1.72588e-04,9.99999e-01,9.99999e-01,9.99999e-01,9.66252e-01,1.78618e-04,9.99989e-01
7.498661902e-01,2.08453e-04,9.99999e-01,9.99999e-01,9.99999e-01,9.84128e-01,2.11816e-04,9.99996e-01
7.536155211e-01,2.48383e-04,9.99999e-01,9.99999e-01,9.99999e-01,9.92187e-01,2.50340e-04,9.99997e-01
7.573835987e-01,2.93707e-04,9.99999e-01,9.99999e-01,9.99999e-01,9.95971e-01,2.94895e-04,9.99998e-01
7.611705167e-01,3.45391e-04,9.99999e-01,9.99999e-01,9.99999e-01,9.97495e-01,3.46259e-04,9.99999e-01
7.649763693e-01,4.04645e-04,9.99999e-01,9.99999e-01,9.99999e-01,9.98429e-01,4.05281e-04,9.99999e-01
7.688012511e-01,4.72374e-04,9.99999e-01,9.99999e-01,9.99999e-01,9.98906e-01,4.72891e-04,9.99999e-01
7.726452574e-01,5.49607e-04,9.99999e-01,9.99999e-01,9.99999e-01,9.99100e-01,5.50102e-04,9.99999e-01
7.765084837e-01,6.37195e-04,9.99999e-01,9.99999e-01,9.99999e-01,9.98723e-01,6.38010e-04,9.99998e-01
7.803910261e-01,5.99649e-04,9.99999e-01,9.99999e-01,8.16538e-01,9.94498e-01,7.37802e-04,9.99994e-01
7.842929812e-01,2.35880e-04,9.99999e-01,9.99999e-01,2.81329e-01,9.80943e-01,8.50757e-04,9.99964e-01
7.882144461e-01,2.59061e-04,9.99999e-01,9.99999e-01,2.73405e-01,9.61022e-01,9.78250e-04,9.99756e-01
7.921555184e-01,4.57928e-04,9.99999e-01,9.99999e-01,4.15969e-01,9.78429e-01,1.12175e-03,9.99530e-01
7.961162960e-01,6.70817e-04,9.99999e-01,9.99999e-01,5.42015e-01,9.62328e-01,1.28283e-03,9.99549e-01
8.000968774e-01,1.00308e-03,9.99999e-01,9.99999e-01,7.16335e-01,9.56416e-01,1.46315e-03,9.99520e-01
8.040973618e-01,1.33794e-03,9.99999e-01,9.99999e-01,8.40028e-01,9.56464e-01,1.66449e-03,9.99619e-01
8.081178486e-01,1.57982e-03,9.99999e-01,9.99999e-01,9.22835e-01,9.05510e-01,1.88872e-03,9.99643e-01
8.121584379e-01,1.39373e-03,9.99999e-01,9.99999e-01,9.75450e-01,6.67814e-01,2.13781e-03,9.98598e-01
8.162192301e-01,1.48365e-03,9.99999e-01,9.99999e-01,9.94518e-01,6.20756e-01,2.41385e-03,9.94739e-01
8.203003262e-01,2.15676e-03,9.99999e-01,9.99999e-01,9.99915e-01,7.98159e-01,2.71899e-03,9.93843e-01
8.244018279e-01,2.23859e-03,9.99999e-01,9.99999e-01,9.99999e-01,7.36247e-01,3.05552e-03,9.95096e-01
8.285238370e-01,2.55494e-03,9.99999e-01,9.99999e-01,9.99999e-01,7.48679e-01,3.42579e-03,9.96147e-01
8.326664562e-01,2.85954e-03,9.99999e-01,9.99999e-01,9.99999e-01,7.47367e-01,3.83226e-03,9.98404e-01
8.368297885e-01,3.45957e-03,9.99999e-01,9.99999e-01,9.99999e-01,8.09082e-01,4.27748e-03,9.99635e-01
8.410139374e-01,4.19696e-03,9.99999e-01,9.99999e-01,9.99999e-01,8.81149e-01,4.76406e-03,9.99786e-01
8.452190071e-01,4.97430e-03,9.99999e-01,9.99999e-01,9.99999e-01,9.39600e-01,5.29472e-03,9.99872e-01
8.494451021e-01,5.66296e-03,9.99999e-01,9.99999e-01,9.99999e-01,9.64460e-01,5.87223e-03,9.99897e-01
8.536923276e-01,6.36133e-03,9.99999e-01,9.99999e-01,9.99999e-01,9.78814e-01,6.49942e-03,9.99937e-01
8.579607893e-01,7.08510e-03,9.99999e-01,9.99999e-01,9.99999e-01,9.86907e-01,7.17919e-03,9.99984e-01
8.622505932e-01,7.84847e-03,9.99999e-01,9.99999e-01,9.99999e-01,9.91658e-01,7.91450e-03,9.99996e-01
8.665618462e-01,6.93011e-03,9.99999e-01,9.99999e-01,7.99551e-01,9.94837e-01,8.70833e-03,9.99998e-01
8.708946554e-01,5.60326e-04,9.99999e-01,9.99999e-01,5.88637e-02,9.94093e-01,9.56371e-03,9.99996e-01
8.752491287e-01,7.19898e-04,9.99999e-01,9.99999e-01,6.91385e-02,9.92102e-01,1.04837e-02,9.99991e-01
8.796253743e-01,2.48819e-03,9.99999e-01,9.99999e-01,2.18874e-01,9.89088e-01,1.14713e-02,9.99975e-01
8.840235012e-01,5.39228e-03,9.99999e-01,9.99999e-01,4.35126e-01,9.87546e-01,1.25297e-02,9.99923e-01
8.884436187e-01,9.35508e-03,9.99999e-01,9.99999e-01,7.13532e-01,9.56153e-01,1.36619e-02,9.99782e-01
8.928858368e-01,8.29711e-03,9.99999e-01,9.99999e-01,8.70881e-01,6.34277e-01,1.48710e-02,9.98748e-01
8.973502660e-01,7.04090e-03,9.99999e-01,9.99999e-01,9.66859e-01,4.51010e-01,1.61600e-02,9.93604e-01
9.018370173e-01,1.15162e-02,9.99999e-01,9.99999e-01,9.96286e-01,6.65398e-01,1.75319e-02,9.89962e-01
9.063462024e-01,1.22862e-02,9.99999e-01,9.99999e-01,9.16081e-01,6.96428e-01,1.89897e-02,9.91177e-01
9.108779334e-01,9.51918e-03,9.99999e-01,9.99999e-01,8.05355e-01,5.69541e-01,2.05362e-02,9.90833e-01
9.154323231e-01,1.10307e-02,9.99999e-01,9.99999e-01,9.50209e-01,5.23023e-01,2.21744e-02,9.92417e-01
9.200094847e-01,1.02107e-02,9.99999e-01,9.99999e-01,6.31246e-01,6.05254e-01,2.39070e-02,9.95749e-01
9.246095321e-01,4.76788e-03,9.99999e-01,9.99999e-01,3.54902e-01,4.84135e-01,2.57368e-02,9.95103e-01
9.292325798e-01,4.23786e-04,9.99999e-01,9.99999e-01,4.64010e-01,2.67219e-02,2.76662e-02,9.81040e-01
9.338787427e-01,7.48880e-05,9.99999e-01,9.99999e-01,4.62929e-01,4.67931e-03,2.96978e-02,9.23917e-01
9.385481364e-01,2.06485e-03,9.99999e-01,9.99999e-01,5.59802e-01,1.11819e-01,3.18341e-02,9.10177e-01
9.432408771e-01,1.38919e-03,9.99999e-01,9.99999e-01,6.95443e-01,5.83061e-02,3.40772e-02,9.22013e-01
9.479570815e-01,4.37817e-04,9.99999e-01,9.99999e-01,8.29382e-01,1.47713e-02,3.64293e-02,9.36054e-01
9.526968669e-01,1.27836e-03,9.99999e-01,9.99999e-01,9.13998e-01,3.64399e-02,3.88925e-02,9.60495e-01
9.574603512e-01,1.67545e-03,9.99999e-01,9.99999e-01,9.62103e-01,4.23001e-02,4.14687e-02,9.79734e-01
9.622476530e-01,3.02899e-03,9.99999e-01,9.99999e-01,9.88002e-01,7.01214e-02,4.41594e-02,9.85942e-01
9.670588912e-01,9.63166e-03,9.99999e-01,9.99999e-01,9.96388e-01,2.07560e-01,4.69664e-02,9.90364e-01
9.718941857e-01,1.69517e-02,9.99999e-01,9.99999e-01,9.99743e-01,3.42249e-01,4.98911e-02,9.92897e-01
9.767536566e-01,2.15390e-02,9.99999e-01,9.99999e-01,9.99999e-01,4.09119e-01,5.29347e-02,9.94567e-01
9.816374249e-01,2.84948e-02,9.99999e-01,9.99999e-01,9.99999e-01,5.08901e-01,5.60983e-02,9.98116e-01
9.865456120e-01,3.87296e-02,9.99999e-01,9.99999e-01,9.99999e-01,6.52458e-01,5.93828e-02,9.99607e-01
9.914783401e-01,4.81100e-02,9.99999e-01,9.99999e-01,9.99999e-01,7.66299e-01,6.27891e-02,9.99890e-01
9.964357318e-01,5.73544e-02,9.99999e-01,9.99999e-01,9.99999e-01,8.64899e-01,6.63176e-02,9.99935e-01
1.001417910e+00,6.41190e-02,9.99999e-01,9.99999e-01,9.99999e-01,9.16482e-01,6.99688e-02,9.99902e-01
1.006425000e+00,7.01534e-02,9.99999e-01,9.99999e-01,9.99999e-01,9.51454e-01,7.37430e-02,9.99861e-01
1.011457125e+00,7.52683e-02,9.99999e-01,9.99999e-01,9.99999e-01,9.69575e-01,7.76401e-02,9.99871e-01
1.016514411e+00,7.99576e-02,9.99999e-01,9.99999e-01,9.99999e-01,9.79241e-01,8.16600e-02,9.99908e-01
1.021596983e+00,8.43322e-02,9.99999e-01,9.99999e-01,9.99511e-01,9.83424e-01,8.58025e-02,9.99908e-01
1.026704968e+00,8.57575e-02,9.99999e-01,9.99999e-01,9.64556e-01,9.87049e-01,9.00671e-02,9.99938e-01
1.031838492e+00,7.59657e-02,9.99999e-01,9.99999e-01,8.11242e-01,9.90569e-01,9.44530e-02,9.99982e-01
1.036997685e+00,7.97179e-04,9.99999e-01,9.99999e-01,8.08930e-03,9.94391e-01,9.89596e-02,9.99996e-01
1.042182673e+00,3.24486e-07,9.99999e-01,9.99999e-01,3.14727e-06,9.93321e-01,1.03586e-01,9.99998e-01
1.047393587e+00,6.20848e-07,9.99999e-01,9.99999e-01,5.77018e-06,9.91148e-01,1.08330e-01,9.99997e-01
1.052630555e+00,1.45793e-17,9.99999e-01,9.99999e-01,1.29763e-16,9.87877e-01,1.13192e-01,9.99996e-01
1.057893707e+00,6.75330e-17,9.99999e-01,9.99999e-01,5.76500e-16,9.79858e-01,1.18170e-01,9.99992e-01
1.063183176e+00,4.46733e-12,9.99999e-01,9.99999e-01,3.68598e-11,9.67096e-01,1.23261e-01,9.99982e-01
1.068499092e+00,7.76913e-10,9.99999e-01,9.99999e-01,6.18538e-09,9.45557e-01,1.28465e-01,9.99961e-01
1.073841587e+00,3.03158e-07,9.99999e-01,9.99999e-01,2.34497e-06,9.36866e-01,1.33779e-01,9.99916e-01
1.079210795e+00,4.37848e-05,9.99999e-01,9.99999e-01,3.31907e-04,9.19569e-01,1.39202e-01,9.99775e-01
1.084606849e+00,1.13564e-03,9.99999e-01,9.99999e-01,8.59368e-03,8.81256e-01,1.44730e-01,9.99460e-01
1.090029883e+00,1.02869e-02,9.99999e-01,9.99999e-01,7.91175e-02,8.35343e-01,1.50363e-01,9.98882e-01
1.095480033e+00,2.80720e-02,9.99999e-01,9.99999e-01,2.80809e-01,6.13719e-01,1.56097e-01,9.97980e-01
1.100957433e+00,2.77319e-02,9.99999e-01,9.99999e-01,5.35673e-01,3.03815e-01,1.61930e-01,9.96285e-01
1.106462220e+00,8.94013e-03,9.99999e-01,9.99999e-01,7.71001e-01,6.58493e-02,1.67859e-01,9.93707e-01
1.111994531e+00,6.43079e-04,9.99999e-01,9.99999e-01,9.07619e-01,4.00895e-03,1.73882e-01,9.83381e-01
1.117554504e+00,4.88965e-05,9.99999e-01,9.99999e-01,9.76581e-01,2.90521e-04,1.79995e-01,9.41291e-01
1.123142276e+00,7.43409e-04,9.99999e-01,9.99999e-01,9.98442e-01,4.60870e-03,1.86196e-01,8.66341e-01
1.128757988e+00,2.60562e-03,9.99999e-01,9.99999e-01,9.99998e-01,1.59810e-02,1.92482e-01,8.47064e-01
1.134401778e+00,1.63654e-03,9.99999e-01,9.99999e-01,9.99999e-01,9.47749e-03,1.98850e-01,8.68374e-01
1.140073787e+00,1.23806e-02,9.99999e-01,9.99999e-01,9.99999e-01,6.75046e-02,2.05296e-01,8.93362e-01
1.145774156e+00,1.79930e-03,9.99999e-01,9.99999e-01,9.99999e-01,9.41815e-03,2.11818e-01,9.01930e-01
1.151503026e+00,9.68170e-04,9.99999e-01,9.99999e-01,9.99999e-01,4.69511e-03,2.18413e-01,9.44120e-01
1.157260541e+00,1.25612e-03,9.99999e-01,9.99999e-01,9.99999e-01,5.67763e-03,2.25076e-01,9.82954e-01
1.163046844e+00,4.88056e-03,9.99999e-01,9.99999e-01,9.99999e-01,2.11575e-02,2.31804e-01,9.95138e-01
1.168862078e+00,1.39897e-02,9.99999e-01,9.99999e-01,9.99999e-01,5.87810e-02,2.38595e-01,9.97492e-01
1.174706389e+00,4.11421e-02,9.99999e-01,9.99999e-01,9.99999e-01,1.68181e-01,2.45445e-01,9.96677e-01
1.180579921e+00,8.30274e-02,9.99999e-01,9.99999e-01,9.99999e-01,3.30675e-01,2.52351e-01,9.94980e-01
1.186482820e+00,1.35804e-01,9.99999e-01,9.99999e-01,9.99936e-01,5.26444e-01,2.59308e-01,9.94848e-01
1.192415234e+00,1.64089e-01,9.99999e-01,9.99999e-01,8.92969e-01,6.85075e-01,2.66315e-01,9.96139e-01
1.198377311e+00,8.63996e-02,9.99999e-01,9.99999e-01,4.12259e-01,7.27507e-01,2.73366e-01,9.96353e-01
1.204369197e+00,3.02418e-91,9.99999e-01,9.99999e-01,1.28901e-90,7.42472e-01,2.80460e-01,9.96699e-01
1.210391043e+00,0.00000e+00,9.99999e-01,9.99999e-01,0.00000e+00,7.50673e-01,2.87592e-01,9.97991e-01
1.216442998e+00,0.00000e+00,9.99999e-01,9.99999e-01,0.00000e+00,7.83434e-01,2.94759e-01,9.98769e-01
1.222525213e+00,0.00000e+00,9.99999e-01,9.99999e-01,0.00000e+00,8.25960e-01,3.01958e-01,9.99235e-01
1.228637839e+00,3.70569e-251,9.99999e-01,9.99999e-01,1.31120e-250,8.75474e-01,3.09185e-01,9.99643e-01
1.234781029e+00,2.53928e-154,9.99999e-01,9.99999e-01,8.37582e-154,9.05984e-01,3.16438e-01,9.99898e-01
1.240954934e+00,6.58650e-101,9.99999e-01,9.99999e-01,2.11234e-100,9.39453e-01,3.23712e-01,9.99971e-01
1.247159708e+00,6.07027e-46,9.99999e-01,9.99999e-01,1.88735e-45,9.52470e-01,3.31005e-01,9.99981e-01
1.253395507e+00,3.97429e-31,9.99999e-01,9.99999e-01,1.20920e-30,9.57699e-01,3.38313e-01,9.99975e-01
1.259662485e+00,5.38013e-17,9.99999e-01,9.99999e-01,1.60061e-16,9.59791e-01,3.45633e-01,9.99961e-01
1.265960797e+00,2.27841e-09,9.99999e-01,9.99999e-01,6.69658e-09,9.36582e-01,3.52963e-01,9.99936e-01
1.272290601e+00,1.85154e-05,9.99999e-01,9.99999e-01,5.47688e-05,9.02475e-01,3.60299e-01,9.99887e-01
1.278652054e+00,2.92041e-05,9.99999e-01,9.99999e-01,8.85318e-05,8.16893e-01,3.67637e-01,9.99801e-01
1.285045314e+00,3.47448e-12,9.99999e-01,9.99999e-01,1.07481e-11,7.30032e-01,3.74976e-01,9.99629e-01
1.291470541e+00,5.08762e-42,9.99999e-01,9.99999e-01,1.83503e-41,5.33982e-01,3.82312e-01,9.99349e-01
1.297927893e+00,1.07482e-15,9.99999e-01,9.99999e-01,4.02384e-15,4.48277e-01,3.89643e-01,9.98786e-01
1.304417533e+00,2.18324e-09,9.99999e-01,9.99999e-01,1.09199e-08,3.59680e-01,3.96965e-01,9.97431e-01
1.310939621e+00,9.14622e-10,9.99999e-01,9.99999e-01,4.44848e-09,3.11500e-01,4.04276e-01,9.94732e-01
1.317494319e+00,6.86607e-128,9.99999e-01,9.99999e-01,3.47200e-127,2.84783e-01,4.11573e-01,9.90278e-01
1.324081790e+00,2.33178e-82,9.99999e-01,9.99999e-01,1.38751e-81,1.65887e-01,4.18854e-01,9.84176e-01
1.330702199e+00,2.84667e-49,9.99999e-01,9.99999e-01,3.82674e-48,2.04208e-02,4.26116e-01,9.72872e-01
1.337355710e+00,1.93684e-48,9.99999e-01,9.99999e-01,9.17205e-43,3.70210e-07,4.33356e-01,9.48414e-01
1.344042489e+00,1.67540e-51,9.99999e-01,9.99999e-01,6.52388e-43,2.05129e-10,4.40573e-01,8.52545e-01
1.350762701e+00,1.13890e-82,9.99999e-01,9.99999e-01,1.08245e-48,1.56403e-35,4.47765e-01,5.79154e-01
1.357516515e+00,4.24151e-80,9.99999e-01,9.99999e-01,2.49154e-27,5.59570e-54,4.54928e-01,2.01304e-01
1.364304097e+00,4.79273e-52,9.99999e-01,9.99999e-01,2.68982e-20,2.58308e-32,4.62061e-01,6.02486e-02
1.371125618e+00,1.66625e-29,9.99999e-01,9.99999e-01,1.09936e-10,6.17681e-19,4.69161e-01,7.07512e-02
1.377981246e+00,3.54304e-27,9.99999e-01,9.99999e-01,2.60357e-09,2.04115e-18,4.76227e-01,1.03276e-01
1.384871152e+00,3.07376e-32,9.99999e-01,9.99999e-01,6.88089e-06,1.67393e-26,4.83257e-01,1.20566e-01
1.391795508e+00,1.17677e-37,9.99999e-01,9.99999e-01,2.78246e-05,6.87691e-33,4.90249e-01,1.33109e-01
1.398754485e+00,1.59041e-28,9.99999e-01,9.99999e-01,7.72969e-04,7.88577e-25,4.97200e-01,1.89043e-01
1.405748258e+00,2.09753e-27,9.99999e-01,9.99999e-01,6.20627e-03,7.99847e-25,5.04110e-01,3.77642e-01
1.412776999e+00,1.31264e-25,9.99998e-01,9.99999e-01,3.75268e-02,4.02081e-24,5.10977e-01,6.41073e-01
1.419840884e+00,2.51254e-25,9.99998e-01,9.99999e-01,4.98531e-02,5.87570e-24,5.17799e-01,8.22876e-01
1.426940089e+00,1.76341e-17,9.99997e-01,9.99999e-01,7.70297e-04,1.52009e-15,5.24575e-01,8.62338e-01
1.434074789e+00,0.00000e+00,9.99998e-01,9.99999e-01,0.00000e+00,7.60833e-14,5.31302e-01,8.39649e-01
1.441245163e+00,0.00000e+00,9.99998e-01,9.99999e-01,0.00000e+00,2.20768e-11,5.37981e-01,8.27535e-01
1.448451389e+00,0.00000e+00,9.99997e-01,9.99999e-01,0.00000e+00,1.44588e-07,5.44609e-01,8.47255e-01
1.455693646e+00,0.00000e+00,9.99998e-01,9.99999e-01,0.00000e+00,2.26470e-05,5.51186e-01,8.78997e-01
1.462972114e+00,0.00000e+00,9.99998e-01,9.99999e-01,0.00000e+00,2.99551e-05,5.57709e-01,8.84259e-01
1.470286975e+00,0.00000e+00,9.99999e-01,9.99999e-01,0.00000e+00,8.65626e-06,5.64179e-01,8.86113e-01
1.477638409e+00,0.00000e+00,9.99999e-01,9.99999e-01,0.00000e+00,1.77842e-05,5.70594e-01,9.21616e-01
1.485026601e+00,8.55776e-223,9.99999e-01,9.99999e-01,3.17507e-219,6.25347e-05,5.76953e-01,9.63130e-01
1.492451734e+00,1.14381e-188,9.99999e-01,9.99999e-01,5.31261e-186,9.24324e-04,5.83255e-01,9.83716e-01
1.499913993e+00,4.18510e-78,9.99999e-01,9.99999e-01,1.70000e-76,7.19199e-03,5.89499e-01,9.92943e-01
1.507413563e+00,3.08384e-76,9.99999e-01,9.99999e-01,7.87819e-75,2.58572e-02,5.95685e-01,9.96681e-01
1.514950631e+00,1.89391e-78,9.99999e-01,9.99999e-01,1.63985e-77,9.26248e-02,6.01812e-01,9.98448e-01
1.522525384e+00,1.32000e-282,9.99999e-01,9.99999e-01,6.60700e-282,2.07558e-01,6.07879e-01,9.99428e-01
1.530138011e+00,0.00000e+00,9.99999e-01,9.99999e-01,0.00000e+00,3.08579e-01,6.13885e-01,9.99801e-01
1.537788701e+00,0.00000e+00,9.99999e-01,9.99999e-01,0.00000e+00,5.07776e-01,6.19830e-01,9.99910e-01
1.545477645e+00,8.05555e-101,9.99999e-01,9.99999e-01,1.72793e-100,6.51360e-01,6.25714e-01,9.99952e-01
1.553205033e+00,9.84609e-74,9.99999e-01,9.99999e-01,1.96977e-73,7.02862e-01,6.31536e-01,9.99972e-01
1.560971058e+00,3.09567e-73,9.99999e-01,9.99999e-01,5.47519e-73,8.02453e-01,6.37295e-01,9.99980e-01
1.568775913e+00,0.00000e+00,9.99999e-01,9.99999e-01,0.00000e+00,8.64687e-01,6.42992e-01,9.99983e-01
1.576619793e+00,0.00000e+00,9.99999e-01,9.99999e-01,0.00000e+00,8.93053e-01,6.48625e-01,9.99983e-01
1.584502892e+00,0.00000e+00,9.99999e-01,9.99999e-01,0.00000e+00,9.33583e-01,6.54195e-01,9.99976e-01
1.592425406e+00,0.00000e+00,9.99999e-01,9.99999e-01,0.00000e+00,9.38315e-01,6.59702e-01,9.99969e-01
1.600387533e+00,0.00000e+00,9.99999e-01,9.99999e-01,0.00000e+00,9.57061e-01,6.65144e-01,9.99968e-01
1.608389471e+00,0.00000e+00,9.99999e-01,9.99999e-01,0.00000e+00,9.55583e-01,6.70523e-01,9.99970e-01
1.616431418e+00,0.00000e+00,9.99999e-01,9.99999e-01,0.00000e+00,9.54652e-01,6.75838e-01,9.99971e-01
1.624513575e+00,0.00000e+00,9.99999e-01,9.99999e-01,0.00000e+00,9.51686e-01,6.81088e-01,9.99969e-01
1.632636143e+00,0.00000e+00,9.99999e-01,9.99999e-01,0.00000e+00,9.25212e-01,6.86275e-01,9.99956e-01
1.640799324e+00,0.00000e+00,9.99999e-01,9.99999e-01,0.00000e+00,9.01916e-01,6.91397e-01,9.99932e-01
1.649003321e+00,0.00000e+00,9.99999e-01,9.99999e-01,0.00000e+00,8.76022e-01,6.96456e-01,9.99909e-01
1.657248337e+00,0.00000e+00,9.99999e-01,9.99999e-01,0.00000e+00,8.40366e-01,7.01450e-01,9.99899e-01
1.665534579e+00,0.00000e+00,9.99999e-01,9.99999e-01,0.00000e+00,7.90323e-01,7.06380e-01,9.99894e-01
1.673862252e+00,2.14552e-290,9.99999e-01,9.99999e-01,3.41403e-290,7.23055e-01,7.11247e-01,9.99870e-01
1.682231563e+00,8.51687e-199,9.99999e-01,9.99999e-01,1.34605e-198,7.57762e-01,7.16050e-01,9.99809e-01
1.690642721e+00,3.12543e-107,9.99999e-01,9.99999e-01,5.43523e-107,6.14097e-01,7.20790e-01,9.99703e-01
1.699095934e+00,1.45331e-66,9.99999e-01,9.99999e-01,2.65082e-66,5.74810e-01,7.25466e-01,9.99542e-01
1.707591414e+00,3.75306e-31,9.99999e-01,9.99999e-01,6.80388e-31,5.52720e-01,7.30080e-01,9.99296e-01
1.716129371e+00,8.80208e-19,9.99999e-01,9.99999e-01,1.88268e-18,4.78527e-01,7.34631e-01,9.98975e-01
1.724710018e+00,5.04033e-11,9.99999e-01,9.99999e-01,1.16412e-10,3.47643e-01,7.39120e-01,9.98506e-01
1.733333568e+00,3.79224e-08,9.99999e-01,9.99999e-01,1.12196e-07,2.57355e-01,7.43546e-01,9.97653e-01
1.742000236e+00,8.13939e-06,9.99999e-01,9.99999e-01,6.32895e-05,1.18150e-01,7.47911e-01,9.96285e-01
1.750710237e+00,9.58612e-12,9.99999e-01,9.99999e-01,1.83500e-10,2.45730e-02,7.52214e-01,9.94048e-01
1.759463788e+00,1.74767e-278,9.99999e-01,9.99999e-01,1.00173e-276,1.86250e-03,7.56457e-01,9.89949e-01
1.768261107e+00,1.47516e-293,9.99999e-01,9.99999e-01,6.07182e-290,2.58327e-05,7.60639e-01,9.82731e-01
1.777102413e+00,1.70059e-288,9.99999e-01,9.99999e-01,9.92639e-283,7.03858e-08,7.64761e-01,9.73080e-01
1.785987925e+00,4.04190e-275,9.99999e-01,9.99999e-01,7.63117e-264,2.83329e-13,7.68823e-01,9.57000e-01
1.794917864e+00,1.43588e-265,9.99999e-01,9.99999e-01,1.14527e-251,5.30660e-16,7.72825e-01,9.17193e-01
1.803892454e+00,1.99446e-269,9.99999e-01,9.99999e-01,1.62240e-241,5.69286e-30,7.76769e-01,8.34057e-01
1.812911916e+00,1.39664e-270,9.99999e-01,9.99999e-01,7.51253e-232,1.03837e-40,7.80655e-01,6.89218e-01
1.821976476e+00,4.59389e-271,9.99999e-01,9.99999e-01,4.86765e-232,1.14200e-40,7.84482e-01,4.39843e-01
1.831086358e+00,9.20858e-228,9.99999e-01,9.99999e-01,8.09044e-185,2.90514e-44,7.88253e-01,1.49120e-01
1.840241790e+00,1.35264e-191,9.99999e-01,9.99999e-01,1.40446e-156,9.05376e-36,7.91966e-01,4.03110e-02
1.849442999e+00,1.80206e-141,9.99999e-01,9.99999e-01,1.05418e-107,4.23576e-34,7.95623e-01,2.10299e-02
1.858690214e+00,3.15875e-155,9.99999e-01,9.99999e-01,1.07096e-101,6.48791e-54,7.99224e-01,2.11056e-02
1.867983665e+00,1.83503e-157,9.99999e-01,9.99999e-01,2.75457e-102,8.66883e-56,8.02770e-01,2.87202e-02
1.877323583e+00,0.00000e+00,9.99999e-01,9.99999e-01,0.00000e+00,1.79148e-21,8.06261e-01,4.35062e-02
1.886710201e+00,0.00000e+00,9.99999e-01,9.99999e-01,0.00000e+00,1.26290e-17,8.09698e-01,6.46583e-02
1.896143752e+00,0.00000e+00,9.99999e-01,9.99999e-01,0.00000e+00,2.34655e-16,8.13081e-01,6.84024e-02
1.905624471e+00,0.00000e+00,9.99999e-01,9.99999e-01,0.00000e+00,6.13894e-33,8.16411e-01,8.69376e-02
1.915152593e+00,0.00000e+00,9.99999e-01,9.99999e-01,0.00000e+00,5.53649e-39,8.19689e-01,1.74570e-01
1.924728356e+00,0.00000e+00,9.99999e-01,9.99999e-01,0.00000e+00,1.55099e-43,8.22914e-01,3.72695e-01
1.934351998e+00,0.00000e+00,9.99999e-01,9.99999e-01,0.00000e+00,5.42924e-50,8.26088e-01,6.23542e-01
1.944023758e+00,0.00000e+00,9.99999e-01,9.99999e-01,0.00000e+00,5.36144e-26,8.29212e-01,8.47548e-01
1.953743877e+00,0.00000e+00,9.99999e-01,9.99999e-01,0.00000e+00,1.96606e-25,8.32285e-01,9.33146e-01
1.963512596e+00,0.00000e+00,9.99999e-01,9.99999e-01,0.00000e+00,7.99275e-17,8.35308e-01,9.65635e-01
1.973330159e+00,0.00000e+00,9.99999e-01,9.99999e-01,0.00000e+00,5.67376e-12,8.38283e-01,9.81876e-01
1.983196810e+00,0.00000e+00,9.99999e-01,9.99999e-01,0.00000e+00,5.14495e-07,8.41209e-01,9.90023e-01
1.993112794e+00,0.00000e+00,9.99999e-01,9.99999e-01,0.00000e+00,9.55614e-06,8.44087e-01,9.94548e-01
2.003078358e+00,0.00000e+00,9.99999e-01,9.99999e-01,0.00000e+00,7.86039e-04,8.46917e-01,9.96931e-01
2.013093750e+00,0.00000e+00,9.99999e-01,9.99999e-01,0.00000e+00,6.66578e-03,8.49702e-01,9.98169e-01
2.023159218e+00,0.00000e+00,9.99999e-01,9.99999e-01,0.00000e+00,4.81021e-02,8.52439e-01,9.98713e-01
2.033275015e+00,0.00000e+00,9.99999e-01,9.99999e-01,0.00000e+00,1.13620e-01,8.55132e-01,9.98957e-01
2.043441390e+00,0.00000e+00,9.99998e-01,9.99999e-01,0.00000e+00,2.51444e-01,8.57779e-01,9.98898e-01
2.053658597e+00,0.00000e+00,9.99995e-01,9.99999e-01,0.00000e+00,3.00186e-01,8.60383e-01,9.98488e-01
2.063926890e+00,0.00000e+00,9.99989e-01,9.99999e-01,0.00000e+00,4.30715e-01,8.62942e-01,9.97700e-01
2.074246524e+00,0.00000e+00,9.99979e-01,9.99999e-01,0.00000e+00,4.82677e-01,8.65458e-01,9.96351e-01
2.084617757e+00,0.00000e+00,9.99968e-01,9.99999e-01,0.00000e+00,6.18022e-01,8.67932e-01,9.94233e-01
2.095040845e+00,0.00000e+00,9.99951e-01,9.99999e-01,0.00000e+00,6.84163e-01,8.70364e-01,9.91321e-01
2.105516050e+00,0.00000e+00,9.99941e-01,9.99999e-01,0.00000e+00,7.22643e-01,8.72754e-01,9.87800e-01
2.116043630e+00,0.00000e+00,9.99945e-01,9.99999e-01,0.00000e+00,7.32414e-01,8.75103e-01,9.85031e-01
2.126623848e+00,0.00000e+00,9.99953e-01,9.99999e-01,0.00000e+00,8.26829e-01,8.77412e-01,9.83202e-01
2.137256967e+00,0.00000e+00,9.99959e-01,9.99999e-01,0.00000e+00,8.34628e-01,8.79682e-01,9.81289e-01
2.147943252e+00,0.00000e+00,9.99981e-01,9.99999e-01,0.00000e+00,8.40237e-01,8.81912e-01,9.77556e-01
2.158682968e+00,0.00000e+00,9.99869e-01,9.99999e-01,0.00000e+00,8.52708e-01,8.84104e-01,9.73916e-01
2.169476383e+00,0.00000e+00,9.99954e-01,9.99999e-01,0.00000e+00,8.44035e-01,8.86258e-01,9.79749e-01
2.180323765e+00,0.00000e+00,9.99973e-01,9.99999e-01,0.00000e+00,8.24631e-01,8.88374e-01,9.85074e-01
2.191225384e+00,2.12023e-176,9.99972e-01,9.99999e-01,2.73474e-176,7.91809e-01,8.90453e-01,9.87547e-01
2.202181511e+00,2.01050e-111,9.99977e-01,9.99999e-01,2.70889e-111,7.46327e-01,8.92496e-01,9.90402e-01
2.213192418e+00,1.39815e-54,9.99983e-01,9.99999e-01,1.83727e-54,7.47390e-01,8.94504e-01,9.93329e-01
2.224258381e+00,6.78469e-35,9.99986e-01,9.99999e-01,9.11605e-35,7.05033e-01,8.96475e-01,9.95731e-01
2.235379672e+00,3.49290e-23,9.99989e-01,9.99999e-01,4.67268e-23,7.45990e-01,8.98413e-01,9.97444e-01
2.246556571e+00,8.30249e-16,9.99992e-01,9.99999e-01,1.24195e-15,5.94623e-01,9.00316e-01,9.98378e-01
2.257789354e+00,1.50571e-11,9.99995e-01,9.99999e-01,2.30066e-11,6.70530e-01,9.02185e-01,9.98829e-01
2.269078300e+00,4.53272e-11,9.99997e-01,9.99999e-01,1.10784e-10,3.75144e-01,9.04021e-01,9.99024e-01
2.280423692e+00,6.87628e-09,9.99997e-01,9.99999e-01,1.36010e-08,4.40159e-01,9.05825e-01,9.98990e-01
2.291825810e+00,1.70087e-07,9.99998e-01,9.99999e-01,6.31022e-07,2.09912e-01,9.07596e-01,9.98820e-01
2.303284939e+00,2.74623e-06,9.99999e-01,9.99999e-01,1.03902e-05,2.46490e-01,9.09336e-01,9.98392e-01
2.314801364e+00,5.99354e-06,9.99999e-01,9.99999e-01,4.58207e-05,9.59751e-02,9.11045e-01,9.97737e-01
2.326375371e+00,1.21655e-04,9.99999e-01,9.99999e-01,1.18981e-03,9.01544e-02,9.12723e-01,9.96984e-01
2.338007248e+00,8.57369e-05,9.99999e-01,9.99999e-01,5.94352e-04,1.08574e-01,9.14371e-01,9.95886e-01
2.349697284e+00,4.62095e-05,9.99999e-01,9.99999e-01,1.90691e-03,1.52312e-02,9.15989e-01,9.94433e-01
2.361445770e+00,1.64479e-04,9.99999e-01,9.99999e-01,5.63330e-03,2.54589e-02,9.17578e-01,9.92315e-01
2.373252999e+00,2.72456e-04,9.99999e-01,9.99999e-01,1.18854e-02,1.07715e-02,9.19138e-01,9.89429e-01
2.385119264e+00,9.38439e-05,9.99999e-01,9.99999e-01,1.48047e-01,3.56326e-04,9.20670e-01,9.85823e-01
2.397044861e+00,2.75950e-03,9.99999e-01,9.99999e-01,4.30002e-01,6.49026e-03,9.22175e-01,9.78818e-01
2.409030085e+00,1.70187e-05,9.99999e-01,9.99999e-01,2.34507e-01,6.24839e-05,9.23652e-01,9.69337e-01
2.421075235e+00,4.53549e-05,9.99999e-01,9.99999e-01,1.19983e-01,2.26097e-04,9.25102e-01,9.57210e-01
2.433180612e+00,9.40830e-09,9.99999e-01,9.99999e-01,5.86527e-05,2.46475e-05,9.26525e-01,9.41260e-01
2.445346515e+00,3.50991e-09,9.99999e-01,9.99999e-01,5.83573e-03,2.77423e-07,9.27923e-01,9.19077e-01
2.457573247e+00,6.60389e-18,9.99999e-01,9.99999e-01,1.15357e-08,7.78831e-11,9.29295e-01,8.83606e-01
2.469861113e+00,5.96177e-82,9.99999e-01,9.99999e-01,2.27234e-67,1.01648e-16,9.30642e-01,8.34575e-01
2.482210419e+00,0.00000e+00,9.99999e-01,9.99999e-01,0.00000e+00,2.44496e-40,9.31964e-01,7.69296e-01
2.494621471e+00,0.00000e+00,9.99999e-01,9.99999e-01,0.00000e+00,9.32002e-57,9.33262e-01,6.81208e-01
2.507094578e+00,0.00000e+00,9.99999e-01,9.99999e-01,0.00000e+00,2.25773e-111,9.34536e-01,5.46704e-01
2.519630051e+00,0.00000e+00,9.99999e-01,9.99999e-01,0.00000e+00,2.94855e-175,9.35787e-01,3.54372e-01
2.532228202e+00,0.00000e+00,9.99999e-01,9.99999e-01,0.00000e+00,1.62023e-237,9.37015e-01,1.50349e-01
2.544889343e+00,0.00000e+00,9.99999e-01,9.99999e-01,0.00000e+00,0.00000e+00,9.38219e-01,2.26633e-02
2.557613789e+00,0.00000e+00,9.99999e-01,9.99999e-01,0.00000e+00,1.57295e-318,9.39402e-01,6.16487e-04
2.570401858e+00,0.00000e+00,9.99999e-01,9.99999e-01,0.00000e+00,0.00000e+00,9.40563e-01,9.74134e-07
2.583253867e+00,0.00000e+00,9.99999e-01,9.99999e-01,0.00000e+00,0.00000e+00,9.41702e-01,2.98403e-10
2.596170137e+00,0.00000e+00,9.99999e-01,9.99999e-01,0.00000e+00,0.00000e+00,9.42820e-01,1.05528e-12
2.609150988e+00,0.00000e+00,9.99999e-01,9.99999e-01,0.00000e+00,2.44588e-266,9.43917e-01,1.76115e-14
2.622196742e+00,0.00000e+00,9.99999e-01,9.99999e-01,0.00000e+00,2.78453e-223,9.44994e-01,8.99644e-15
2.635307726e+00,0.00000e+00,9.99999e-01,9.99999e-01,0.00000e+00,2.07662e-98,9.46050e-01,7.43147e-14
2.648484265e+00,0.00000e+00,9.99999e-01,9.99999e-01,0.00000e+00,9.63627e-120,9.47087e-01,1.44606e-13
2.661726686e+00,0.00000e+00,9.99999e-01,9.99999e-01,0.00000e+00,1.28828e-214,9.48105e-01,9.15192e-14
2.675035320e+00,0.00000e+00,9.99999e-01,9.99999e-01,0.00000e+00,0.00000e+00,9.49103e-01,1.18961e-13
2.688410496e+00,0.00000e+00,9.99999e-01,9.99999e-01,0.00000e+00,0.00000e+00,9.50083e-01,5.76891e-13
2.701852549e+00,0.00000e+00,9.99999e-01,9.99999e-01,0.00000e+00,0.00000e+00,9.51044e-01,1.38890e-12
2.715361811e+00,0.00000e+00,9.99999e-01,9.99999e-01,0.00000e+00,0.00000e+00,9.51988e-01,3.52243e-12
2.728938620e+00,0.00000e+00,9.99999e-01,9.99999e-01,0.00000e+00,1.07060e-236,9.52913e-01,4.71839e-11
2.742583314e+00,0.00000e+00,9.99999e-01,9.99999e-01,0.00000e+00,5.05841e-253,9.53822e-01,5.67061e-09
2.756296230e+00,0.00000e+00,9.99999e-01,9.99999e-01,0.00000e+00,1.18357e-261,9.54713e-01,1.59894e-06
2.770077711e+00,0.00000e+00,9.99999e-01,9.99999e-01,0.00000e+00,0.00000e+00,9.55587e-01,1.82028e-04
2.783928100e+00,0.00000e+00,9.99999e-01,9.99999e-01,0.00000e+00,0.00000e+00,9.56445e-01,2.40375e-03
2.797847740e+00,0.00000e+00,9.99999e-01,9.99999e-01,0.00000e+00,2.21037e-273,9.57287e-01,1.78264e-02
2.811836979e+00,0.00000e+00,9.99999e-01,9.99999e-01,0.00000e+00,2.54003e-292,9.58112e-01,8.43481e-02
2.825896164e+00,0.00000e+00,9.99999e-01,9.99999e-01,0.00000e+00,3.02872e-252,9.58923e-01,2.02818e-01
2.840025645e+00,0.00000e+00,9.99999e-01,9.99999e-01,0.00000e+00,1.97901e-190,9.59717e-01,3.15956e-01
2.854225773e+00,0.00000e+00,9.99999e-01,9.99999e-01,0.00000e+00,1.71596e-165,9.60497e-01,4.19282e-01
2.868496902e+00,0.00000e+00,9.99999e-01,9.99999e-01,0.00000e+00,8.77851e-156,9.61262e-01,5.58179e-01
2.882839386e+00,0.00000e+00,9.99999e-01,9.99999e-01,0.00000e+00,1.81658e-123,9.62012e-01,6.74910e-01
2.897253583e+00,0.00000e+00,9.99999e-01,9.99999e-01,0.00000e+00,2.41764e-105,9.62749e-01,7.46629e-01
2.911739851e+00,0.00000e+00,9.99999e-01,9.99999e-01,0.00000e+00,3.42620e-70,9.63471e-01,7.98172e-01
2.926298550e+00,0.00000e+00,9.99999e-01,9.99999e-01,0.00000e+00,1.93001e-47,9.64179e-01,8.46865e-01
2.940930043e+00,0.00000e+00,9.99999e-01,9.99999e-01,0.00000e+00,1.18351e-46,9.64874e-01,8.75186e-01
2.955634693e+00,0.00000e+00,9.99999e-01,9.99999e-01,0.00000e+00,4.13770e-47,9.65556e-01,8.87661e-01
2.970412867e+00,0.00000e+00,9.99999e-01,9.99999e-01,0.00000e+00,1.02591e-39,9.66225e-01,9.00980e-01
2.985264931e+00,0.00000e+00,9.99999e-01,9.99999e-01,0.00000e+00,2.35432e-31,9.66881e-01,9.07277e-01
3.000191256e+00,0.00000e+00,9.99999e-01,9.99999e-01,0.00000e+00,2.00074e-23,9.67524e-01,9.05345e-01
3.015192212e+00,0.00000e+00,9.99999e-01,9.99999e-01,0.00000e+00,4.62715e-23,9.68155e-01,8.91590e-01
3.030268173e+00,0.00000e+00,9.99999e-01,9.99999e-01,0.00000e+00,9.06628e-20,9.68774e-01,8.69575e-01
3.045419514e+00,0.00000e+00,9.99999e-01,9.99999e-01,0.00000e+00,5.19992e-22,9.69381e-01,8.50920e-01
3.060646612e+00,0.00000e+00,9.99999e-01,9.99999e-01,0.00000e+00,1.27684e-14,9.69977e-01,8.23603e-01
3.075949845e+00,0.00000e+00,9.99999e-01,9.99999e-01,0.00000e+00,4.02579e-14,9.70561e-01,3.35294e-06
3.091329594e+00,0.00000e+00,9.99999e-01,9.99999e-01,0.00000e+00,1.74230e-12,9.71134e-01,1.20473e-13
3.106786242e+00,0.00000e+00,9.99999e-01,9.99999e-01,0.00000e+00,5.56092e-12,9.71696e-01,9.13222e-36
3.122320173e+00,0.00000e+00,9.99999e-01,9.99999e-01,4.03875e-317,5.92571e-10,9.72247e-01,5.94448e-98
3.137931774e+00,0.00000e+00,9.99999e-01,9.99999e-01,9.28796e-314,5.50654e-10,9.72788e-01,4.41406e-47
3.153621433e+00,0.00000e+00,9.99999e-01,9.99999e-01,5.53354e-322,3.56058e-06,9.73318e-01,1.16360e-12
3.169389540e+00,0.00000e+00,9.99999e-01,9.99999e-01,0.00000e+00,8.16373e-06,9.73838e-01,6.34592e-49
3.185236488e+00,0.00000e+00,9.99999e-01,9.99999e-01,0.00000e+00,1.01563e-06,9.74348e-01,1.57026e-79
3.201162670e+00,0.00000e+00,9.99999e-01,9.99999e-01,2.51354e-276,1.84074e-12,9.74849e-01,7.44971e-139
3.217168483e+00,0.00000e+00,9.99999e-01,9.99999e-01,6.75819e-268,3.50641e-10,9.75339e-01,3.32633e-200
3.233254326e+00,0.00000e+00,9.99999e-01,9.99999e-01,1.86436e-222,8.01741e-07,9.75820e-01,4.65257e-303
3.249420598e+00,0.00000e+00,9.99999e-01,9.99999e-01,2.32181e-123,1.07023e-04,9.76292e-01,0.00000e+00
3.265667701e+00,0.00000e+00,9.99999e-01,9.99999e-01,2.41417e-107,1.79488e-06,9.76755e-01,0.00000e+00
3.281996039e+00,0.00000e+00,9.99999e-01,9.99999e-01,3.30121e-77,4.73899e-06,9.77209e-01,0.00000e+00
3.298406019e+00,0.00000e+00,9.99999e-01,9.99999e-01,1.14838e-68,1.21864e-07,9.77654e-01,0.00000e+00
3.314898049e+00,0.00000e+00,9.99999e-01,9.99999e-01,2.39027e-67,1.31102e-08,9.78091e-01,0.00000e+00
3.331472540e+00,0.00000e+00,9.99999e-01,9.99999e-01,9.34777e-63,1.24660e-07,9.78519e-01,0.00000e+00
3.348129902e+00,0.00000e+00,9.99999e-01,9.99999e-01,1.13740e-48,3.92903e-08,9.78938e-01,0.00000e+00
3.364870552e+00,0.00000e+00,9.99999e-01,9.99999e-01,3.39087e-48,6.23160e-07,9.79350e-01,0.00000e+00
3.381694905e+00,0.00000e+00,9.99999e-01,9.99999e-01,3.71379e-37,1.92265e-05,9.79754e-01,0.00000e+00
3.398603379e+00,0.00000e+00,9.99999e-01,9.99999e-01,3.10577e-30,6.48221e-05,9.80150e-01,0.00000e+00
3.415596396e+00,1.06721e-250,9.99999e-01,9.99999e-01,1.49765e-29,1.25844e-03,9.80538e-01,2.53086e-219
3.432674378e+00,4.94539e-167,9.99999e-01,9.99999e-01,5.52159e-33,1.56381e-03,9.80919e-01,1.64152e-132
3.449837750e+00,6.67228e-103,9.99999e-01,9.99999e-01,4.29425e-42,1.06090e-02,9.81292e-01,5.11723e-60
3.467086939e+00,4.10237e-94,9.99999e-01,9.99999e-01,2.21603e-82,4.13157e-02,9.81658e-01,2.48419e-11
3.484422373e+00,7.39655e-115,9.99999e-01,9.99999e-01,2.73058e-112,4.59470e-02,9.82017e-01,2.03459e-02
3.501844485e+00,1.94447e-171,9.99999e-01,9.99999e-01,2.05718e-166,1.67615e-01,9.82369e-01,3.74410e-05
3.519353708e+00,6.70655e-202,9.99999e-01,9.99999e-01,1.83450e-201,2.28215e-01,9.82714e-01,9.88993e-01
3.536950476e+00,4.07580e-257,9.99999e-01,9.99999e-01,1.13571e-256,2.56730e-01,9.83053e-01,9.79871e-01
3.554635228e+00,1.58720e-247,9.99999e-01,9.99999e-01,3.29196e-247,4.29734e-01,9.83385e-01,9.56853e-01
3.572408405e+00,3.47742e-203,9.99999e-01,9.99999e-01,6.61978e-203,4.40257e-01,9.83710e-01,9.29713e-01
3.590270447e+00,3.81862e-189,9.99999e-01,9.99999e-01,5.93278e-189,5.61327e-01,9.84029e-01,9.56268e-01
3.608221799e+00,1.10852e-131,9.99999e-01,9.99999e-01,1.60555e-131,6.38356e-01,9.84342e-01,9.72680e-01
3.626262908e+00,1.60022e-71,9.99999e-01,9.99999e-01,2.00227e-71,6.80808e-01,9.84649e-01,9.85938e-01
3.644394222e+00,5.38960e-56,9.99999e-01,9.99999e-01,6.73601e-56,7.94112e-01,9.84950e-01,9.84908e-01
3.662616193e+00,1.44862e-23,9.99999e-01,9.99999e-01,1.88411e-23,6.86325e-01,9.85245e-01,9.74272e-01
3.680929274e+00,1.19260e-11,9.99999e-01,9.99999e-01,1.91475e-11,5.40145e-01,9.85534e-01,9.35940e-01
3.699333921e+00,2.70681e-07,9.99998e-01,9.99999e-01,3.98965e-07,7.48372e-01,9.85818e-01,8.81163e-01
3.717830590e+00,6.66920e-08,9.99998e-01,9.99999e-01,1.01700e-07,7.97925e-01,9.86096e-01,7.92252e-01
3.736419743e+00,7.86248e-14,9.99996e-01,9.99999e-01,1.37548e-13,7.67275e-01,9.86369e-01,7.03678e-01
3.755101842e+00,1.02631e-60,9.99994e-01,9.99999e-01,1.75534e-60,7.52904e-01,9.86636e-01,7.20058e-01
3.773877351e+00,6.37572e-150,9.99989e-01,9.99999e-01,9.71663e-150,7.91267e-01,9.86899e-01,7.95589e-01
3.792746738e+00,0.00000e+00,9.99981e-01,9.99999e-01,0.00000e+00,7.54064e-01,9.87156e-01,8.55810e-01
3.811710472e+00,3.19984e-253,9.99963e-01,9.99999e-01,4.53077e-253,7.08006e-01,9.87408e-01,8.63410e-01
3.830769024e+00,3.04725e-253,9.99943e-01,9.99999e-01,4.53739e-253,6.89110e-01,9.87655e-01,8.51537e-01
3.849922869e+00,0.00000e+00,9.99896e-01,9.99999e-01,0.00000e+00,5.90224e-01,9.87897e-01,8.24991e-01
3.869172484e+00,1.03051e-214,9.99852e-01,9.99999e-01,1.86918e-214,5.49407e-01,9.88135e-01,7.68714e-01
3.888518346e+00,9.74924e-87,9.99741e-01,9.99999e-01,1.85787e-86,7.00829e-01,9.88368e-01,6.95267e-01
3.907960938e+00,1.47290e-69,9.99683e-01,9.99999e-01,3.30807e-69,6.74874e-01,9.88596e-01,6.10318e-01
3.927500742e+00,4.62720e-70,9.99451e-01,9.99999e-01,1.33336e-69,1.84072e-01,9.88820e-01,5.32766e-01
3.947138246e+00,1.25334e-103,9.99232e-01,9.99999e-01,8.30315e-103,2.30580e-01,9.89040e-01,4.82308e-01
3.966873937e+00,4.94754e-161,9.99123e-01,9.99999e-01,2.60358e-160,6.45460e-02,9.89255e-01,4.16862e-01
3.986708307e+00,3.08785e-255,9.98575e-01,9.99999e-01,1.38320e-254,5.20437e-01,9.89466e-01,3.30208e-01
4.006641849e+00,0.00000e+00,9.98131e-01,9.99999e-01,0.00000e+00,7.83453e-01,9.89673e-01,2.44178e-01
4.026675058e+00,0.00000e+00,9.98467e-01,9.99999e-01,0.00000e+00,7.51901e-01,9.89876e-01,1.72370e-01
4.046808433e+00,0.00000e+00,9.98384e-01,9.99999e-01,0.00000e+00,7.09552e-01,9.90075e-01,1.18297e-01
4.067042475e+00,0.00000e+00,9.97694e-01,9.99999e-01,0.00000e+00,6.71630e-01,9.90270e-01,8.10054e-02
4.087377688e+00,0.00000e+00,9.97300e-01,9.99999e-01,0.00000e+00,6.53213e-01,9.90461e-01,5.67727e-02
4.107814576e+00,0.00000e+00,9.96848e-01,9.99999e-01,0.00000e+00,5.53965e-01,9.90649e-01,4.24549e-02
4.128353649e+00,0.00000e+00,9.96823e-01,9.99999e-01,0.00000e+00,3.98013e-01,9.90833e-01,3.50263e-02
4.148995417e+00,0.00000e+00,9.97809e-01,9.99999e-01,0.00000e+00,3.26224e-01,9.91013e-01,3.19833e-02
4.169740394e+00,0.00000e+00,9.97965e-01,9.99999e-01,0.00000e+00,1.65019e-01,9.91190e-01,3.25087e-02
4.190589096e+00,0.00000e+00,9.98109e-01,9.99999e-01,0.00000e+00,1.14888e-01,9.91363e-01,3.52949e-02
4.211542042e+00,0.00000e+00,9.98249e-01,9.99999e-01,0.00000e+00,3.65703e-02,9.91533e-01,3.61405e-02
4.232599752e+00,0.00000e+00,9.98936e-01,9.99999e-01,0.00000e+00,2.39745e-02,9.91699e-01,3.15948e-02
4.253762751e+00,0.00000e+00,9.99252e-01,9.99999e-01,0.00000e+00,8.99952e-03,9.91863e-01,2.07998e-02
4.275031564e+00,0.00000e+00,9.98778e-01,9.99999e-01,0.00000e+00,1.67108e-03,9.92023e-01,9.43309e-03
4.296406722e+00,0.00000e+00,9.88108e-01,9.99999e-01,0.00000e+00,3.15487e-04,9.92180e-01,7.26304e-03
4.317888756e+00,0.00000e+00,9.97656e-01,9.99999e-01,0.00000e+00,5.60818e-04,9.92334e-01,1.43412e-02
4.339478200e+00,0.00000e+00,9.98616e-01,9.99999e-01,0.00000e+00,1.11966e-04,9.92484e-01,3.60243e-02
4.361175591e+00,0.00000e+00,9.98884e-01,9.99999e-01,0.00000e+00,5.02367e-05,9.92632e-01,6.22266e-02
4.382981469e+00,0.00000e+00,9.98809e-01,9.99999e-01,0.00000e+00,4.66917e-05,9.92777e-01,8.17779e-02
4.404896376e+00,0.00000e+00,9.98335e-01,9.99999e-01,0.00000e+00,3.58536e-05,9.92919e-01,9.53702e-02
4.426920858e+00,0.00000e+00,9.98321e-01,9.99999e-01,0.00000e+00,1.72535e-05,9.93059e-01,1.08673e-01
4.449055462e+00,0.00000e+00,9.98834e-01,9.99999e-01,0.00000e+00,1.56563e-05,9.93195e-01,1.25941e-01
4.471300739e+00,0.00000e+00,9.98781e-01,9.99999e-01,0.00000e+00,2.92625e-06,9.93329e-01,1.50357e-01
4.493657243e+00,0.00000e+00,9.98948e-01,9.99999e-01,0.00000e+00,1.04935e-05,9.93461e-01,1.84299e-01
4.516125529e+00,0.00000e+00,9.98996e-01,9.99999e-01,0.00000e+00,1.17471e-06,9.93589e-01,2.28212e-01
4.538706157e+00,0.00000e+00,9.98809e-01,9.99999e-01,0.00000e+00,3.21976e-05,9.93716e-01,2.83795e-01
4.561399688e+00,0.00000e+00,9.99167e-01,9.99999e-01,0.00000e+00,3.25487e-05,9.93839e-01,3.49431e-01
4.584206686e+00,0.00000e+00,9.99341e-01,9.99999e-01,0.00000e+00,3.78594e-05,9.93961e-01,4.21958e-01
4.607127720e+00,0.00000e+00,9.99353e-01,9.99999e-01,0.00000e+00,1.46196e-05,9.94080e-01,4.97958e-01
4.630163358e+00,0.00000e+00,9.99594e-01,9.99999e-01,0.00000e+00,1.90710e-09,9.94196e-01,5.73854e-01
4.653314175e+00,0.00000e+00,9.99615e-01,9.99999e-01,0.00000e+00,8.66301e-10,9.94310e-01,6.44419e-01
4.676580746e+00,0.00000e+00,9.99631e-01,9.99999e-01,0.00000e+00,1.82244e-11,9.94422e-01,7.06750e-01
4.699963650e+00,0.00000e+00,9.99800e-01,9.99999e-01,0.00000e+00,1.41070e-10,9.94532e-01,7.60093e-01
4.723463468e+00,0.00000e+00,9.99759e-01,9.99999e-01,0.00000e+00,4.85848e-13,9.94640e-01,8.03697e-01
4.747080785e+00,0.00000e+00,9.99876e-01,9.99999e-01,0.00000e+00,6.89889e-10,9.94746e-01,8.37345e-01
4.770816189e+00,0.00000e+00,9.99884e-01,9.99999e-01,0.00000e+00,9.83686e-12,9.94849e-01,8.63173e-01
4.794670270e+00,0.00000e+00,9.99879e-01,9.99999e-01,0.00000e+00,1.20687e-17,9.94951e-01,8.82566e-01
4.818643622e+00,0.00000e+00,9.99942e-01,9.99999e-01,0.00000e+00,3.91848e-19,9.95050e-01,8.96341e-01
4.842736840e+00,0.00000e+00,9.99947e-01,9.99999e-01,0.00000e+00,1.96825e-16,9.95148e-01,9.04250e-01
4.866950524e+00,0.00000e+00,9.99969e-01,9.99999e-01,0.00000e+00,7.61091e-16,9.95243e-01,9.06772e-01
4.891285276e+00,0.00000e+00,9.99969e-01,9.99999e-01,0.00000e+00,1.23891e-20,9.95337e-01,9.03915e-01
4.915741703e+00,0.00000e+00,9.99982e-01,9.99999e-01,0.00000e+00,2.55884e-20,9.95429e-01,8.99326e-01
4.940320411e+00,0.00000e+00,9.99985e-01,9.99999e-01,0.00000e+00,1.02262e-21,9.95519e-01,8.88528e-01
4.965022013e+00,0.00000e+00,9.99987e-01,9.99999e-01,0.00000e+00,2.46193e-30,9.95607e-01,8.75084e-01
4.989847123e+00,0.00000e+00,9.99993e-01,9.99999e-01,0.00000e+00,3.22348e-27,9.95694e-01,8.61785e-01
5.014796359e+00,0.00000e+00,9.99992e-01,9.99999e-01,0.00000e+00,1.43388e-31,9.95779e-01,8.42545e-01
5.039870341e+00,0.00000e+00,9.99996e-01,9.99999e-01,0.00000e+00,7.85057e-32,9.95862e-01,8.20055e-01
5.065069693e+00,0.00000e+00,9.99996e-01,9.99999e-01,0.00000e+00,1.24637e-31,9.95943e-01,7.85565e-01
5.090395041e+00,0.00000e+00,9.99999e-01,9.99999e-01,0.00000e+00,1.47081e-47,9.96023e-01,7.50867e-01
5.115847016e+00,0.00000e+00,9.99999e-01,9.99999e-01,0.00000e+00,1.53728e-47,9.96102e-01,7.07235e-01
5.141426251e+00,0.00000e+00,9.99997e-01,9.99999e-01,0.00000e+00,1.39187e-62,9.96178e-01,6.51181e-01
5.167133383e+00,0.00000e+00,9.99999e-01,9.99999e-01,0.00000e+00,1.16575e-72,9.96254e-01,6.00884e-01
5.192969049e+00,0.00000e+00,9.99999e-01,9.99999e-01,0.00000e+00,1.25801e-72,9.96328e-01,5.47073e-01
5.218933895e+00,0.00000e+00,9.99999e-01,9.99999e-01,0.00000e+00,3.01966e-116,9.96400e-01,4.83159e-01
5.245028564e+00,0.00000e+00,9.99999e-01,9.99999e-01,0.00000e+00,3.42528e-88,9.96471e-01,4.10579e-01
5.271253707e+00,0.00000e+00,9.99999e-01,9.99999e-01,0.00000e+00,8.84728e-91,9.96541e-01,3.29373e-01
5.297609976e+00,0.00000e+00,9.99999e-01,9.99999e-01,0.00000e+00,1.13305e-111,9.96609e-01,2.52764e-01
5.324098025e+00,0.00000e+00,9.99999e-01,9.99999e-01,0.00000e+00,7.90205e-112,9.96676e-01,1.83391e-01
5.350718516e+00,0.00000e+00,9.99999e-01,9.99999e-01,0.00000e+00,4.60444e-138,9.96741e-01,1.17564e-01
5.377472108e+00,0.00000e+00,9.99999e-01,9.99999e-01,0.00000e+00,3.50515e-144,9.96805e-01,7.64736e-02
5.404359469e+00,0.00000e+00,9.99999e-01,9.99999e-01,0.00000e+00,3.51380e-144,9.96868e-01,4.64415e-02
5.431381266e+00,0.00000e+00,9.99999e-01,9.99999e-01,0.00000e+00,1.27690e-270,9.96930e-01,2.92970e-02
5.458538172e+00,0.00000e+00,9.99999e-01,9.99999e-01,0.00000e+00,1.27689e-270,9.96991e-01,1.59446e-02
5.485830863e+00,0.00000e+00,9.99999e-01,9.99999e-01,0.00000e+00,2.02617e-291,9.97050e-01,7.02681e-03
5.513260018e+00,0.00000e+00,9.99999e-01,9.99999e-01,0.00000e+00,7.08467e-308,9.97108e-01,2.93340e-03
5.540826318e+00,0.00000e+00,9.99999e-01,9.99999e-01,0.00000e+00,6.57107e-322,9.97165e-01,1.02664e-03
5.568530449e+00,0.00000e+00,9.99999e-01,9.99999e-01,0.00000e+00,0.00000e+00,9.97221e-01,2.63623e-04
5.596373101e+00,0.00000e+00,9.99999e-01,9.99999e-01,0.00000e+00,0.00000e+00,9.97276e-01,6.82798e-05
5.624354967e+00,0.00000e+00,9.99999e-01,9.99999e-01,0.00000e+00,0.00000e+00,9.97330e-01,1.53664e-05
5.652476742e+00,0.00000e+00,9.99999e-01,9.99999e-01,0.00000e+00,0.00000e+00,9.97382e-01,2.82979e-06
5.680739126e+00,0.00000e+00,9.99999e-01,9.99999e-01,1.98595e-316,0.00000e+00,9.97434e-01,4.08718e-07
5.709142821e+00,0.00000e+00,9.99999e-01,9.99999e-01,2.38108e-302,0.00000e+00,9.97484e-01,4.93282e-08
5.737688535e+00,0.00000e+00,9.99999e-01,9.99999e-01,8.87222e-311,0.00000e+00,9.97534e-01,3.40602e-09
5.766376978e+00,0.00000e+00,9.99999e-01,9.99999e-01,2.75060e-269,0.00000e+00,9.97583e-01,1.45806e-10
5.795208863e+00,0.00000e+00,9.99999e-01,9.99999e-01,4.23891e-194,0.00000e+00,9.97630e-01,3.57137e-12
5.824184907e+00,0.00000e+00,9.99999e-01,9.99999e-01,4.37753e-141,0.00000e+00,9.97677e-01,6.42923e-14
5.853305832e+00,0.00000e+00,9.99999e-01,9.99999e-01,3.99150e-142,0.00000e+00,9.97723e-01,1.18487e-15
5.882572361e+00,0.00000e+00,9.99999e-01,9.99999e-01,4.55500e-165,0.00000e+00,9.97768e-01,2.61857e-17
5.911985223e+00,0.00000e+00,9.99999e-01,9.99999e-01,9.62019e-143,0.00000e+00,9.97812e-01,5.07424e-19
5.941545149e+00,0.00000e+00,9.99999e-01,9.99999e-01,5.28866e-71,0.00000e+00,9.97855e-01,7.65759e-21
5.971252874e+00,0.00000e+00,9.99999e-01,9.99999e-01,3.04653e-43,0.00000e+00,9.97897e-01,1.41473e-22
6.001109139e+00,0.00000e+00,9.99999e-01,9.99999e-01,4.64661e-37,0.00000e+00,9.97939e-01,2.79412e-24
6.031114685e+00,0.00000e+00,9.99999e-01,9.99999e-01,8.22447e-39,0.00000e+00,9.97979e-01,5.78878e-26
6.061270258e+00,0.00000e+00,9.99999e-01,9.99999e-01,2.28950e-50,0.00000e+00,9.98019e-01,7.20389e-28
6.091576609e+00,0.00000e+00,9.99999e-01,9.99999e-01,6.54460e-75,1.49179e-315,9.98058e-01,1.43000e-30
6.122034492e+00,0.00000e+00,9.99999e-01,9.99999e-01,1.26815e-97,2.52639e-196,9.98097e-01,3.69621e-34
6.152644665e+00,0.00000e+00,9.99999e-01,9.99999e-01,3.55096e-137,1.43437e-199,9.98134e-01,1.04636e-38
6.183407888e+00,0.00000e+00,9.99999e-01,9.99999e-01,5.65601e-159,7.63085e-131,9.98171e-01,4.64190e-45
6.214324928e+00,1.06842e-310,9.99999e-01,9.99999e-01,7.38505e-172,7.43964e-88,9.98207e-01,6.28141e-54
6.245396552e+00,2.59163e-251,9.99999e-01,9.99999e-01,2.49892e-127,1.10192e-60,9.98242e-01,4.19953e-66
6.276623535e+00,7.94019e-261,9.99999e-01,9.99999e-01,7.85542e-120,3.75413e-61,9.98277e-01,2.38525e-82
6.308006653e+00,1.46594e-282,9.99999e-01,9.99999e-01,3.59017e-121,6.95499e-61,9.98311e-01,1.79934e-103
6.339546686e+00,0.00000e+00,9.99999e-01,9.99999e-01,2.76996e-165,8.65229e-135,9.98344e-01,2.05932e-130
6.371244419e+00,0.00000e+00,9.99999e-01,9.99999e-01,1.55230e-188,5.28090e-299,9.98377e-01,6.61116e-162
6.403100641e+00,0.00000e+00,9.99999e-01,9.99999e-01,1.39388e-135,0.00000e+00,9.98409e-01,1.58107e-200
6.435116145e+00,0.00000e+00,9.99999e-01,9.99999e-01,2.43455e-58,0.00000e+00,9.98440e-01,2.90501e-250
6.467291725e+00,0.00000e+00,9.99999e-01,9.99999e-01,8.43609e-29,0.00000e+00,9.98471e-01,0.00000e+00
6.499628184e+00,0.00000e+00,9.99999e-01,9.99999e-01,1.74848e-12,0.00000e+00,9.98501e-01,0.00000e+00
6.532126325e+00,0.00000e+00,9.99999e-01,9.99999e-01,7.38222e-09,0.00000e+00,9.98531e-01,0.00000e+00
6.564786956e+00,0.00000e+00,9.99999e-01,9.99999e-01,7.31715e-07,0.00000e+00,9.98560e-01,0.00000e+00
6.597610891e+00,0.00000e+00,9.99999e-01,9.99999e-01,7.20648e-06,0.00000e+00,9.98588e-01,0.00000e+00
6.630598946e+00,0.00000e+00,9.99999e-01,9.99999e-01,2.98308e-05,0.00000e+00,9.98616e-01,0.00000e+00
6.663751940e+00,0.00000e+00,9.99999e-01,9.99999e-01,3.08404e-05,0.00000e+00,9.98643e-01,0.00000e+00
6.697070700e+00,0.00000e+00,9.99999e-01,9.99999e-01,3.45992e-06,0.00000e+00,9.98670e-01,0.00000e+00
6.730556054e+00,0.00000e+00,9.99999e-01,9.99999e-01,3.53748e-08,0.00000e+00,9.98696e-01,0.00000e+00
6.764208834e+00,0.00000e+00,9.99999e-01,9.99999e-01,5.80602e-11,0.00000e+00,9.98722e-01,0.00000e+00
6.798029878e+00,0.00000e+00,9.99999e-01,9.99999e-01,6.27699e-17,0.00000e+00,9.98747e-01,0.00000e+00
6.832020027e+00,0.00000e+00,9.99999e-01,9.99999e-01,8.73773e-24,0.00000e+00,9.98772e-01,0.00000e+00
6.866180128e+00,0.00000e+00,9.99999e-01,9.99999e-01,1.88630e-39,0.00000e+00,9.98796e-01,0.00000e+00
6.900511028e+00,0.00000e+00,9.99999e-01,9.99999e-01,1.62652e-56,0.00000e+00,9.98820e-01,0.00000e+00
6.935013583e+00,0.00000e+00,9.99999e-01,9.99999e-01,3.15376e-99,0.00000e+00,9.98843e-01,0.00000e+00
6.969688651e+00,0.00000e+00,9.99999e-01,9.99999e-01,7.69538e-143,0.00000e+00,9.98866e-01,0.00000e+00
7.004537095e+00,0.00000e+00,9.99999e-01,9.99999e-01,1.15201e-230,0.00000e+00,9.98888e-01,0.00000e+00
7.039559780e+00,0.00000e+00,9.99999e-01,9.99999e-01,1.00981e-299,0.00000e+00,9.98910e-01,0.00000e+00
7.074757579e+00,0.00000e+00,9.99999e-01,9.99999e-01,0.00000e+00,0.00000e+00,9.98932e-01,0.00000e+00
7.110131367e+00,0.00000e+00,9.99999e-01,9.99999e-01,0.00000e+00,0.00000e+00,9.98953e-01,0.00000e+00
7.145682024e+00,0.00000e+00,9.99999e-01,9.99999e-01,0.00000e+00,0.00000e+00,9.98974e-01,0.00000e+00
7.181410434e+00,0.00000e+00,9.99999e-01,9.99999e-01,0.00000e+00,0.00000e+00,9.98994e-01,0.00000e+00
7.217317486e+00,0.00000e+00,9.99999e-01,9.99999e-01,0.00000e+00,0.00000e+00,9.99014e-01,0.00000e+00
7.253404073e+00,0.00000e+00,9.99999e-01,9.99999e-01,0.00000e+00,0.00000e+00,9.99033e-01,0.00000e+00
7.289671094e+00,0.00000e+00,9.99999e-01,9.99999e-01,0.00000e+00,0.00000e+00,9.99052e-01,0.00000e+00
7.326119449e+00,0.00000e+00,9.99999e-01,9.99999e-01,0.00000e+00,0.00000e+00,9.99071e-01,0.00000e+00
7.362750046e+00,0.00000e+00,9.99999e-01,9.99999e-01,0.00000e+00,3.74149e-286,9.99089e-01,0.00000e+00
7.399563797e+00,0.00000e+00,9.99999e-01,9.99999e-01,0.00000e+00,5.51585e-235,9.99107e-01,0.00000e+00
7.436561616e+00,0.00000e+00,9.99999e-01,9.99999e-01,0.00000e+00,3.23347e-254,9.99125e-01,0.00000e+00
7.473744424e+00,0.00000e+00,9.99999e-01,9.99999e-01,2.53471e-287,5.31008e-239,9.99142e-01,0.00000e+00
7.511113146e+00,0.00000e+00,9.99999e-01,9.99999e-01,1.72080e-199,8.92870e-208,9.99159e-01,0.00000e+00
7.548668712e+00,0.00000e+00,9.99999e-01,9.99999e-01,1.34769e-118,9.48498e-216,9.99176e-01,0.00000e+00
7.586412055e+00,0.00000e+00,9.99999e-01,9.99999e-01,1.10180e-100,0.00000e+00,9.99192e-01,0.00000e+00
7.624344115e+00,0.00000e+00,9.99999e-01,9.99999e-01,7.47991e-100,1.75478e-190,9.99208e-01,0.00000e+00
7.662465836e+00,0.00000e+00,9.99999e-01,9.99999e-01,6.20098e-112,5.38603e-117,9.99223e-01,0.00000e+00
7.700778165e+00,0.00000e+00,9.99999e-01,9.99999e-01,3.35928e-151,3.75509e-117,9.99239e-01,0.00000e+00
7.739282056e+00,0.00000e+00,9.99999e-01,9.99999e-01,3.72233e-255,1.26721e-195,9.99254e-01,0.00000e+00
7.777978466e+00,0.00000e+00,9.99999e-01,9.99999e-01,0.00000e+00,6.01897e-133,9.99268e-01,0.00000e+00
7.816868359e+00,0.00000e+00,9.99999e-01,9.99999e-01,0.00000e+00,7.68277e-109,9.99283e-01,0.00000e+00
7.855952700e+00,0.00000e+00,9.99999e-01,9.99999e-01,0.00000e+00,5.28694e-109,9.99297e-01,0.00000e+00
7.895232464e+00,0.00000e+00,9.99999e-01,9.99999e-01,0.00000e+00,4.43254e-108,9.99311e-01,0.00000e+00
7.934708626e+00,0.00000e+00,9.99999e-01,9.99999e-01,0.00000e+00,1.52263e-63,9.99324e-01,0.00000e+00
7.974382169e+00,0.00000e+00,9.99999e-01,9.99999e-01,0.00000e+00,3.92328e-49,9.99338e-01,0.00000e+00
8.014254080e+00,0.00000e+00,9.99999e-01,9.99999e-01,0.00000e+00,1.73552e-49,9.99351e-01,0.00000e+00
8.054325351e+00,0.00000e+00,9.99999e-01,9.99999e-01,0.00000e+00,2.12632e-46,9.99364e-01,0.00000e+00
8.094596977e+00,0.00000e+00,9.99999e-01,9.99999e-01,0.00000e+00,7.49091e-38,9.99376e-01,0.00000e+00
8.135069962e+00,0.00000e+00,9.99999e-01,9.99999e-01,0.00000e+00,2.10211e-37,9.99388e-01,0.00000e+00
8.175745312e+00,0.00000e+00,9.99999e-01,9.99999e-01,0.00000e+00,5.36496e-38,9.99401e-01,0.00000e+00
8.216624039e+00,0.00000e+00,9.99999e-01,9.99999e-01,1.22356e-309,7.94882e-32,9.99412e-01,0.00000e+00
8.257707159e+00,0.00000e+00,9.99999e-01,9.99999e-01,2.81997e-243,2.01810e-19,9.99424e-01,0.00000e+00
8.298995695e+00,0.00000e+00,9.99999e-01,9.99999e-01,4.51018e-221,2.42234e-18,9.99435e-01,0.00000e+00
8.340490673e+00,0.00000e+00,9.99999e-01,9.99999e-01,9.80955e-204,4.36973e-20,9.99446e-01,0.00000e+00
8.382193126e+00,0.00000e+00,9.99999e-01,9.99999e-01,9.08315e-189,1.33321e-15,9.99457e-01,0.00000e+00
8.424104092e+00,0.00000e+00,9.99999e-01,9.99999e-01,1.95679e-149,2.91352e-16,9.99468e-01,0.00000e+00
8.466224613e+00,0.00000e+00,9.99999e-01,9.99999e-01,1.32769e-115,1.09641e-16,9.99478e-01,0.00000e+00
8.508555736e+00,1.10104e-311,9.99999e-01,9.99999e-01,1.34306e-64,1.76343e-13,9.99489e-01,1.39547e-236
8.551098514e+00,8.34479e-231,9.99999e-01,9.99999e-01,1.92865e-47,5.55479e-10,9.99499e-01,7.63014e-176
8.593854007e+00,7.29649e-190,9.99999e-01,9.99999e-01,4.80848e-47,8.61349e-07,9.99509e-01,4.22303e-138
8.636823277e+00,8.74743e-165,9.99999e-01,9.99999e-01,1.08396e-54,1.85467e-06,9.99518e-01,1.82610e-105
8.680007393e+00,4.82353e-148,9.99999e-01,9.99999e-01,6.11165e-62,1.07626e-08,9.99528e-01,3.13219e-80
8.723407430e+00,2.18393e-137,9.99999e-01,9.99999e-01,9.10878e-69,3.09217e-08,9.99537e-01,3.39269e-62
8.767024467e+00,2.46212e-130,9.99999e-01,9.99999e-01,3.43487e-75,3.35363e-09,9.99546e-01,3.00769e-48
8.810859590e+00,8.70592e-304,9.99999e-01,9.99999e-01,2.01000e-263,1.28171e-06,9.99555e-01,1.68735e-36
8.854913888e+00,0.00000e+00,9.99999e-01,9.99999e-01,0.00000e+00,2.35947e-04,9.99564e-01,3.11430e-28
8.899188457e+00,0.00000e+00,9.99999e-01,9.99999e-01,0.00000e+00,1.35301e-04,9.99573e-01,6.67512e-22
8.943684399e+00,0.00000e+00,9.99999e-01,9.99999e-01,0.00000e+00,3.15380e-06,9.99581e-01,1.29059e-16
8.988402821e+00,0.00000e+00,9.99999e-01,9.99999e-01,0.00000e+00,1.33665e-06,9.99589e-01,6.44078e-13
9.033344836e+00,0.00000e+00,9.99999e-01,9.99999e-01,0.00000e+00,6.60258e-07,9.99597e-01,4.24273e-10
9.078511560e+00,0.00000e+00,9.99999e-01,9.99999e-01,0.00000e+00,1.15674e-05,9.99605e-01,6.47028e-08
9.123904118e+00,0.00000e+00,9.99999e-01,9.99999e-01,0.00000e+00,1.77353e-04,9.99613e-01,2.98905e-06
9.169523638e+00,0.00000e+00,9.99999e-01,9.99999e-01,0.00000e+00,2.46025e-04,9.99621e-01,5.80260e-05
9.215371256e+00,0.00000e+00,9.99999e-01,9.99999e-01,0.00000e+00,2.92391e-03,9.99628e-01,4.66604e-04
9.261448113e+00,0.00000e+00,9.99999e-01,9.99999e-01,0.00000e+00,1.82712e-03,9.99636e-01,2.75544e-03
9.307755353e+00,0.00000e+00,9.99999e-01,9.99999e-01,0.00000e+00,1.47901e-04,9.99643e-01,1.08923e-02
9.354294130e+00,0.00000e+00,9.99999e-01,9.99999e-01,0.00000e+00,5.89823e-05,9.99650e-01,3.10120e-02
9.401065601e+00,0.00000e+00,9.99999e-01,9.99999e-01,0.00000e+00,9.51423e-08,9.99657e-01,6.96810e-02
9.448070929e+00,0.00000e+00,9.99999e-01,9.99999e-01,0.00000e+00,3.08719e-05,9.99663e-01,1.23047e-01
9.495311283e+00,0.00000e+00,9.99999e-01,9.99999e-01,0.00000e+00,1.39095e-03,9.99670e-01,1.92442e-01
9.542787840e+00,0.00000e+00,9.99999e-01,9.99999e-01,0.00000e+00,6.62630e-03,9.99677e-01,2.81779e-01
9.590501779e+00,0.00000e+00,9.99999e-01,9.99999e-01,0.00000e+00,8.45740e-04,9.99683e-01,3.78416e-01
9.638454288e+00,0.00000e+00,9.99999e-01,9.99999e-01,0.00000e+00,3.87404e-04,9.99689e-01,4.65499e-01
9.686646559e+00,0.00000e+00,9.99999e-01,9.99999e-01,0.00000e+00,5.72102e-04,9.99695e-01,5.47843e-01
9.735079792e+00,0.00000e+00,9.99999e-01,9.99999e-01,0.00000e+00,3.88532e-03,9.99701e-01,6.22634e-01
9.783755191e+00,0.00000e+00,9.99999e-01,9.99999e-01,0.00000e+00,1.74147e-03,9.99707e-01,6.88514e-01
9.832673967e+00,0.00000e+00,9.99999e-01,9.99999e-01,0.00000e+00,1.82429e-05,9.99713e-01,7.45166e-01
9.881837337e+00,0.00000e+00,9.99999e-01,9.99999e-01,0.00000e+00,6.19163e-10,9.99719e-01,7.92902e-01
9.931246523e+00,0.00000e+00,9.99999e-01,9.99999e-01,0.00000e+00,1.92972e-04,9.99724e-01,8.32592e-01
9.980902756e+00,0.00000e+00,9.99999e-01,9.99999e-01,0.00000e+00,1.27806e-03,9.99730e-01,9.96651e-01
1.003080727e+01,0.00000e+00,9.99999e-01,9.99999e-01,0.00000e+00,1.19826e-03,9.99735e-01,9.96491e-01
1.008096131e+01,0.00000e+00,9.99999e-01,9.99999e-01,0.00000e+00,3.07748e-03,9.99740e-01,9.96327e-01
1.013136611e+01,0.00000e+00,9.99999e-01,9.99999e-01,0.00000e+00,1.31499e-02,9.99745e-01,9.96150e-01
1.018202294e+01,0.00000e+00,9.99999e-01,9.99999e-01,0.00000e+00,1.83895e-02,9.99750e-01,9.95966e-01
1.023293306e+01,0.00000e+00,9.99999e-01,9.99999e-01,0.00000e+00,2.50308e-03,9.99755e-01,9.95764e-01
1.028409772e+01,0.00000e+00,9.99999e-01,9.99999e-01,0.00000e+00,1.74225e-05,9.99760e-01,9.95552e-01
1.033551821e+01,0.00000e+00,9.99999e-01,9.99999e-01,0.00000e+00,1.57370e-06,9.99765e-01,9.95327e-01
1.038719580e+01,0.00000e+00,9.99999e-01,9.99999e-01,0.00000e+00,4.65065e-08,9.99769e-01,9.95093e-01
1.043913178e+01,0.00000e+00,9.99999e-01,9.99999e-01,0.00000e+00,2.31784e-08,9.99774e-01,9.94839e-01
1.049132744e+01,0.00000e+00,9.99999e-01,9.99999e-01,0.00000e+00,2.98260e-05,9.99778e-01,9.94567e-01
1.054378408e+01,0.00000e+00,9.99999e-01,9.99999e-01,0.00000e+00,9.71969e-05,9.99783e-01,9.94284e-01
1.059650300e+01,0.00000e+00,9.99999e-01,9.99999e-01,0.00000e+00,5.69780e-05,9.99787e-01,9.93988e-01
1.064948551e+01,0.00000e+00,9.99999e-01,9.99999e-01,0.00000e+00,2.74063e-05,9.99791e-01,9.93678e-01
1.070273294e+01,0.00000e+00,9.99999e-01,9.99999e-01,0.00000e+00,1.30952e-06,9.99795e-01,9.93342e-01
1.075624661e+01,0.00000e+00,9.99999e-01,9.99999e-01,0.00000e+00,8.39642e-07,9.99799e-01,9.93000e-01
1.081002784e+01,0.00000e+00,9.99999e-01,9.99999e-01,0.00000e+00,1.55221e-06,9.99803e-01,9.92639e-01
1.086407798e+01,0.00000e+00,9.99999e-01,9.99999e-01,0.00000e+00,7.82662e-09,9.99807e-01,9.92276e-01
1.091839837e+01,0.00000e+00,9.99999e-01,9.99999e-01,0.00000e+00,1.07045e-12,9.99811e-01,9.91860e-01
1.097299036e+01,0.00000e+00,9.99999e-01,9.99999e-01,0.00000e+00,1.33937e-20,9.99815e-01,9.91441e-01
1.102785531e+01,0.00000e+00,9.99999e-01,9.99999e-01,0.00000e+00,2.21753e-24,9.99818e-01,9.90989e-01
1.108299459e+01,0.00000e+00,9.99999e-01,9.99999e-01,0.00000e+00,7.46832e-10,9.99822e-01,9.90528e-01
1.113840956e+01,0.00000e+00,9.99999e-01,9.99999e-01,0.00000e+00,5.10806e-07,9.99825e-01,9.90039e-01
1.119410161e+01,0.00000e+00,9.99999e-01,9.99999e-01,0.00000e+00,4.85051e-06,9.99829e-01,9.89529e-01
1.125007212e+01,0.00000e+00,9.99999e-01,9.99999e-01,0.00000e+00,1.33069e-07,9.99832e-01,9.88993e-01
1.130632248e+01,0.00000e+00,9.99999e-01,9.99999e-01,0.00000e+00,6.41645e-08,9.99835e-01,9.88407e-01
1.136285409e+01,0.00000e+00,9.99999e-01,9.99999e-01,0.00000e+00,1.18715e-06,9.99839e-01,9.87816e-01
1.141966836e+01,0.00000e+00,9.99999e-01,9.99999e-01,0.00000e+00,2.91621e-06,9.99842e-01,9.87193e-01
1.147676670e+01,0.00000e+00,9.99999e-01,9.99999e-01,0.00000e+00,1.97324e-07,9.99845e-01,9.86568e-01
1.153415054e+01,0.00000e+00,9.99999e-01,9.99999e-01,0.00000e+00,6.17375e-09,9.99848e-01,9.85892e-01
1.159182129e+01,0.00000e+00,9.99999e-01,9.99999e-01,0.00000e+00,5.19700e-15,9.99851e-01,9.85199e-01
1.164978039e+01,0.00000e+00,9.99999e-01,9.99999e-01,0.00000e+00,5.41832e-19,9.99854e-01,9.84468e-01
1.170802930e+01,0.00000e+00,9.99999e-01,9.99999e-01,0.00000e+00,3.61002e-26,9.99857e-01,9.83690e-01
1.176656944e+01,0.00000e+00,9.99999e-01,9.99999e-01,0.00000e+00,1.65495e-15,9.99859e-01,9.82896e-01
1.182540229e+01,0.00000e+00,9.99999e-01,9.99999e-01,0.00000e+00,1.13049e-11,9.99862e-01,9.81999e-01
1.188452930e+01,0.00000e+00,9.99999e-01,9.99999e-01,0.00000e+00,2.00651e-11,9.99865e-01,9.81098e-01
1.194395195e+01,0.00000e+00,9.99999e-01,9.99999e-01,0.00000e+00,1.02534e-10,9.99868e-01,9.80088e-01
1.200367171e+01,0.00000e+00,9.99999e-01,9.99999e-01,0.00000e+00,9.07919e-09,9.99870e-01,9.79035e-01
1.206369007e+01,0.00000e+00,9.99999e-01,9.99999e-01,0.00000e+00,4.06064e-10,9.99873e-01,9.77939e-01
1.212400852e+01,0.00000e+00,9.99999e-01,9.99999e-01,0.00000e+00,9.74022e-09,9.99875e-01,9.76762e-01
1.218462856e+01,0.00000e+00,9.99999e-01,9.99999e-01,0.00000e+00,8.00783e-09,9.99878e-01,9.75580e-01
1.224555170e+01,0.00000e+00,9.99999e-01,9.99999e-01,0.00000e+00,1.56432e-11,9.99880e-01,9.74387e-01
1.230677946e+01,0.00000e+00,9.99999e-01,9.99999e-01,0.00000e+00,4.26657e-21,9.99882e-01,9.73189e-01
1.236831336e+01,0.00000e+00,9.99999e-01,9.99999e-01,0.00000e+00,1.16593e-23,9.99885e-01,9.71938e-01
1.243015492e+01,0.00000e+00,9.99999e-01,9.99999e-01,0.00000e+00,2.19266e-43,9.99887e-01,9.70621e-01
1.249230570e+01,0.00000e+00,9.99999e-01,9.99999e-01,0.00000e+00,1.21467e-40,9.99889e-01,9.69299e-01
1.255476723e+01,0.00000e+00,9.99999e-01,9.99999e-01,0.00000e+00,3.16768e-35,9.99891e-01,9.67879e-01
1.261754106e+01,0.00000e+00,9.99999e-01,9.99999e-01,0.00000e+00,9.92407e-17,9.99893e-01,9.66450e-01
1.268062877e+01,0.00000e+00,9.99999e-01,9.99999e-01,0.00000e+00,5.35428e-15,9.99896e-01,9.64920e-01
1.274403191e+01,0.00000e+00,9.99999e-01,9.99999e-01,0.00000e+00,3.52242e-14,9.99898e-01,9.63262e-01
1.280775207e+01,0.00000e+00,9.99999e-01,9.99999e-01,0.00000e+00,4.44428e-13,9.99900e-01,9.61598e-01
1.287179083e+01,0.00000e+00,9.99999e-01,9.99999e-01,0.00000e+00,7.00979e-15,9.99902e-01,9.59784e-01
1.293614979e+01,0.00000e+00,9.99999e-01,9.99999e-01,0.00000e+00,4.14520e-15,9.99903e-01,9.57944e-01
1.300083054e+01,0.00000e+00,9.99999e-01,9.99999e-01,0.00000e+00,1.80325e-18,9.99905e-01,9.56073e-01
1.306583469e+01,0.00000e+00,9.99999e-01,9.99999e-01,0.00000e+00,2.67177e-24,9.99907e-01,9.54132e-01
1.313116386e+01,0.00000e+00,9.99999e-01,9.99999e-01,0.00000e+00,6.29420e-25,9.99909e-01,9.52187e-01
1.319681968e+01,0.00000e+00,9.99999e-01,9.99999e-01,0.00000e+00,4.71602e-27,9.99911e-01,9.50082e-01
1.326280378e+01,0.00000e+00,9.99999e-01,9.99999e-01,0.00000e+00,4.30443e-40,9.99913e-01,9.47898e-01
1.332911780e+01,0.00000e+00,9.99999e-01,9.99999e-01,0.00000e+00,1.94072e-45,9.99914e-01,9.45700e-01
1.339576339e+01,0.00000e+00,9.99999e-01,9.99999e-01,0.00000e+00,5.85443e-46,9.99916e-01,9.00286e-01
1.346274221e+01,0.00000e+00,9.99999e-01,9.99999e-01,0.00000e+00,5.48363e-69,9.99918e-01,8.93507e-01
1.353005592e+01,0.00000e+00,9.99999e-01,9.99999e-01,0.00000e+00,1.01872e-35,9.99919e-01,8.86156e-01
1.359770620e+01,0.00000e+00,9.99999e-01,9.99999e-01,0.00000e+00,1.12839e-33,9.99921e-01,8.78694e-01
1.366569473e+01,0.00000e+00,9.99999e-01,9.99999e-01,0.00000e+00,6.67045e-32,9.99922e-01,8.70868e-01
1.373402320e+01,0.00000e+00,9.99999e-01,9.99999e-01,0.00000e+00,6.93055e-24,9.99924e-01,8.62619e-01
1.380269332e+01,0.00000e+00,9.99999e-01,9.99999e-01,0.00000e+00,6.86845e-23,9.99925e-01,8.53914e-01
1.387170678e+01,0.00000e+00,9.99999e-01,9.99999e-01,0.00000e+00,2.30193e-28,9.99927e-01,8.43896e-01
1.394106532e+01,0.00000e+00,9.99999e-01,9.99999e-01,0.00000e+00,2.95277e-34,9.99928e-01,8.34277e-01
1.401077064e+01,0.00000e+00,9.99999e-01,9.99999e-01,0.00000e+00,4.00344e-40,9.99930e-01,8.24148e-01
1.408082450e+01,0.00000e+00,9.99999e-01,9.99999e-01,0.00000e+00,2.17745e-41,9.99931e-01,8.13529e-01
1.415122862e+01,0.00000e+00,9.99999e-01,9.99999e-01,0.00000e+00,9.70201e-58,9.99932e-01,8.02159e-01
1.422198476e+01,0.00000e+00,9.99999e-01,9.99999e-01,0.00000e+00,9.66628e-79,9.99934e-01,7.90267e-01
1.429309469e+01,0.00000e+00,9.99999e-01,9.99999e-01,0.00000e+00,2.81212e-78,9.99935e-01,7.77616e-01
1.436456016e+01,0.00000e+00,9.99999e-01,9.99999e-01,0.00000e+00,1.22796e-95,9.99936e-01,7.63975e-01
1.443638296e+01,0.00000e+00,9.99999e-01,9.99999e-01,0.00000e+00,5.36237e-112,9.99937e-01,7.49646e-01
1.450856487e+01,0.00000e+00,9.99999e-01,9.99999e-01,0.00000e+00,5.24088e-73,9.99939e-01,7.34568e-01
1.458110770e+01,0.00000e+00,9.99999e-01,9.99999e-01,0.00000e+00,5.21608e-53,9.99940e-01,7.18571e-01
1.465401324e+01,0.00000e+00,9.99999e-01,9.99999e-01,0.00000e+00,6.69379e-49,9.99941e-01,7.01885e-01
1.472728330e+01,0.00000e+00,9.99999e-01,9.99999e-01,0.00000e+00,1.75024e-48,9.99942e-01,6.86337e-01
1.480091972e+01,0.00000e+00,9.99999e-01,9.99999e-01,0.00000e+00,1.08748e-51,9.99943e-01,6.67901e-01
1.487492432e+01,0.00000e+00,9.99999e-01,9.99999e-01,0.00000e+00,1.11765e-90,9.99944e-01,6.48740e-01
1.494929894e+01,0.00000e+00,9.99999e-01,9.99999e-01,0.00000e+00,1.86886e-70,9.99945e-01,6.28530e-01
1.502404544e+01,0.00000e+00,9.99999e-01,9.99999e-01,0.00000e+00,5.11825e-60,9.99947e-01,6.07305e-01
1.509916566e+01,0.00000e+00,9.99999e-01,9.99999e-01,0.00000e+00,1.28468e-58,9.99948e-01,5.87900e-01
1.517466149e+01,0.00000e+00,9.99999e-01,9.99999e-01,0.00000e+00,3.94576e-62,9.99949e-01,5.67881e-01
1.525053480e+01,0.00000e+00,9.99999e-01,9.99999e-01,0.00000e+00,1.35290e-58,9.99950e-01,5.44262e-01
1.532678747e+01,0.00000e+00,9.99999e-01,9.99999e-01,0.00000e+00,8.70850e-67,9.99951e-01,5.20083e-01
1.540342141e+01,0.00000e+00,9.99999e-01,9.99999e-01,0.00000e+00,2.10059e-86,9.99951e-01,4.78371e-01
1.548043852e+01,0.00000e+00,9.99999e-01,9.99999e-01,0.00000e+00,2.20140e-96,9.99952e-01,4.55466e-01
1.555784071e+01,0.00000e+00,9.99999e-01,9.99999e-01,0.00000e+00,6.25632e-121,9.99953e-01,4.29893e-01
1.563562991e+01,0.00000e+00,9.99999e-01,9.99999e-01,0.00000e+00,1.03625e-183,9.99954e-01,4.04032e-01
1.571380806e+01,0.00000e+00,9.99999e-01,9.99999e-01,0.00000e+00,1.96086e-185,9.99955e-01,3.80994e-01
1.579237710e+01,0.00000e+00,9.99999e-01,9.99999e-01,0.00000e+00,2.51429e-132,9.99956e-01,3.57885e-01
1.587133899e+01,0.00000e+00,9.99999e-01,9.99999e-01,0.00000e+00,2.37588e-117,9.99957e-01,3.34787e-01
1.595069568e+01,0.00000e+00,9.99999e-01,9.99999e-01,0.00000e+00,1.11828e-125,9.99958e-01,3.11187e-01
1.603044916e+01,0.00000e+00,9.99999e-01,9.99999e-01,0.00000e+00,2.37242e-175,9.99958e-01,2.87897e-01
1.611060141e+01,0.00000e+00,9.99999e-01,9.99999e-01,0.00000e+00,1.48700e-168,9.99959e-01,2.61761e-01
1.619115441e+01,0.00000e+00,9.99999e-01,9.99999e-01,0.00000e+00,1.78136e-165,9.99960e-01,2.36220e-01
1.627211019e+01,0.00000e+00,9.99999e-01,9.99999e-01,0.00000e+00,6.15774e-185,9.99961e-01,2.14503e-01
1.635347074e+01,0.00000e+00,9.99999e-01,9.99999e-01,0.00000e+00,1.44741e-170,9.99962e-01,1.93537e-01
1.643523809e+01,0.00000e+00,9.99999e-01,9.99999e-01,0.00000e+00,7.76929e-174,9.99962e-01,1.73365e-01
1.651741428e+01,0.00000e+00,9.99999e-01,9.99999e-01,0.00000e+00,4.61214e-182,9.99963e-01,1.54112e-01
1.660000135e+01,0.00000e+00,9.99999e-01,9.99999e-01,0.00000e+00,1.51772e-231,9.99964e-01,1.35984e-01
1.668300136e+01,0.00000e+00,9.99999e-01,9.99999e-01,0.00000e+00,4.14638e-237,9.99964e-01,1.18926e-01
1.676641637e+01,0.00000e+00,9.99999e-01,9.99999e-01,0.00000e+00,1.96660e-211,9.99965e-01,1.03111e-01
1.685024845e+01,0.00000e+00,9.99999e-01,9.99999e-01,0.00000e+00,2.64895e-216,9.99966e-01,8.85220e-02
1.693449969e+01,0.00000e+00,9.99999e-01,9.99999e-01,0.00000e+00,1.50688e-269,9.99966e-01,7.52112e-02
1.701917219e+01,0.00000e+00,9.99999e-01,9.99999e-01,0.00000e+00,1.62618e-288,9.99967e-01,6.31331e-02
1.710426805e+01,0.00000e+00,9.99999e-01,9.99999e-01,0.00000e+00,0.00000e+00,9.99968e-01,5.23541e-02
1.718978939e+01,0.00000e+00,9.99999e-01,9.99999e-01,0.00000e+00,0.00000e+00,9.99968e-01,4.42417e-02
1.727573834e+01,0.00000e+00,9.99999e-01,9.99999e-01,0.00000e+00,0.00000e+00,9.99969e-01,3.69678e-02
1.736211703e+01,0.00000e+00,9.99999e-01,9.99999e-01,0.00000e+00,0.00000e+00,9.99970e-01,2.94661e-02
1.744892761e+01,0.00000e+00,9.99999e-01,9.99999e-01,0.00000e+00,0.00000e+00,9.99970e-01,2.31070e-02
1.753617225e+01,0.00000e+00,9.99999e-01,9.99999e-01,0.00000e+00,5.51573e-305,9.99971e-01,1.78212e-02
1.762385311e+01,0.00000e+00,9.99999e-01,9.99999e-01,0.00000e+00,9.98348e-302,9.99971e-01,1.34937e-02
1.771197238e+01,0.00000e+00,9.99999e-01,9.99999e-01,0.00000e+00,7.78845e-320,9.99972e-01,1.00175e-02
1.780053224e+01,0.00000e+00,9.99999e-01,9.99999e-01,0.00000e+00,0.00000e+00,9.99972e-01,7.66962e-03
1.788953490e+01,0.00000e+00,9.99999e-01,9.99999e-01,0.00000e+00,0.00000e+00,9.99973e-01,5.76745e-03
1.797898258e+01,0.00000e+00,9.99999e-01,9.99999e-01,0.00000e+00,0.00000e+00,9.99973e-01,4.01422e-03
1.806887749e+01,0.00000e+00,9.99999e-01,9.99999e-01,0.00000e+00,0.00000e+00,9.99974e-01,2.72413e-03
1.815922188e+01,0.00000e+00,9.99999e-01,9.99999e-01,0.00000e+00,0.00000e+00,9.99974e-01,1.92435e-03
1.825001799e+01,0.00000e+00,9.99999e-01,9.99999e-01,0.00000e+00,0.00000e+00,9.99975e-01,1.33098e-03
1.834126808e+01,0.00000e+00,9.99999e-01,9.99999e-01,0.00000e+00,0.00000e+00,9.99975e-01,8.35636e-04
1.843297442e+01,0.00000e+00,9.99999e-01,9.99999e-01,0.00000e+00,0.00000e+00,9.99976e-01,5.07681e-04
1.852513929e+01,0.00000e+00,9.99999e-01,9.99999e-01,0.00000e+00,0.00000e+00,9.99976e-01,3.25017e-04
1.861776499e+01,0.00000e+00,9.99999e-01,9.99999e-01,0.00000e+00,0.00000e+00,9.99977e-01,2.02238e-04
1.871085381e+01,0.00000e+00,9.99999e-01,9.99999e-01,0.00000e+00,0.00000e+00,9.99977e-01,1.10979e-04
1.880440808e+01,0.00000e+00,9.99999e-01,9.99999e-01,0.00000e+00,0.00000e+00,9.99978e-01,6.49246e-05
1.889843012e+01,0.00000e+00,9.99999e-01,9.99999e-01,0.00000e+00,0.00000e+00,9.99978e-01,3.67293e-05
1.899292227e+01,0.00000e+00,9.99999e-01,9.99999e-01,0.00000e+00,0.00000e+00,9.99978e-01,1.78586e-05
1.908788688e+01,0.00000e+00,9.99999e-01,9.99999e-01,0.00000e+00,0.00000e+00,9.99979e-01,9.38134e-06
1.918332632e+01,0.00000e+00,9.99999e-01,9.99999e-01,0.00000e+00,0.00000e+00,9.99979e-01,4.72986e-06
1.927924295e+01,0.00000e+00,9.99999e-01,9.99999e-01,0.00000e+00,0.00000e+00,9.99980e-01,2.29260e-06
1.937563916e+01,0.00000e+00,9.99999e-01,9.99999e-01,0.00000e+00,0.00000e+00,9.99980e-01,1.05912e-06
1.947251736e+01,0.00000e+00,9.99999e-01,9.99999e-01,0.00000e+00,0.00000e+00,9.99980e-01,4.69149e-07
1.956987994e+01,0.00000e+00,9.99999e-01,9.99999e-01,0.00000e+00,0.00000e+00,9.99981e-01,1.97464e-07
1.966772934e+01,0.00000e+00,9.99999e-01,9.99999e-01,0.00000e+00,0.00000e+00,9.99981e-01,6.54739e-08
1.976606799e+01,0.00000e+00,9.99999e-01,9.99999e-01,0.00000e+00,0.00000e+00,9.99981e-01,2.44695e-08
1.986489833e+01,0.00000e+00,9.99999e-01,9.99999e-01,0.00000e+00,0.00000e+00,9.99982e-01,8.59606e-09
1.996422282e+01,0.00000e+00,9.99999e-01,9.99999e-01,0.00000e+00,0.00000e+00,9.99982e-01,2.85613e-09
