#,Wave/freq,Total,N2,O2,CO2,H2O,Rayleigh,CIA
4.000000000e-01,5.54535e-08,9.99999e-01,9.99999e-01,9.99999e-01,9.99967e-01,5.54552e-08,9.99999e-01
4.020000000e-01,7.71622e-08,9.99999e-01,9.99999e-01,9.99999e-01,9.99979e-01,7.71637e-08,9.99999e-01
4.040100000e-01,1.06635e-07,9.99999e-01,9.99999e-01,9.99999e-01,9.99991e-01,1.06636e-07,9.99999e-01
4.060300500e-01,1.46426e-07,9.99999e-01,9.99999e-01,9.99999e-01,9.99997e-01,1.46427e-07,9.99999e-01
4.080602003e-01,1.99809e-07,9.99999e-01,9.99999e-01,9.99999e-01,9.99998e-01,1.99810e-07,9.99999e-01
4.101005013e-01,2.70985e-07,9.99999e-01,9.99999e-01,9.99999e-01,9.99999e-01,2.70985e-07,9.99999e-01
4.121510038e-01,3.65309e-07,9.99999e-01,9.99999e-01,9.99999e-01,9.99998e-01,3.65310e-07,9.99999e-01
4.142117588e-01,4.89566e-07,9.99999e-01,9.99999e-01,9.99999e-01,9.99990e-01,4.89570e-07,9.99999e-01
4.162828176e-01,6.52288e-07,9.99999e-01,9.99999e-01,9.99999e-01,9.99959e-01,6.52314e-07,9.99999e-01
4.183642317e-01,8.64224e-07,9.99999e-01,9.99999e-01,9.99999e-01,9.99975e-01,8.64244e-07,9.99999e-01
4.204560528e-01,1.13867e-06,9.99999e-01,9.99999e-01,9.99999e-01,9.99985e-01,1.13868e-06,9.99999e-01
4.225583331e-01,1.49211e-06,9.99999e-01,9.99999e-01,9.99999e-01,9.99994e-01,1.49212e-06,9.99999e-01
4.246711247e-01,1.94484e-06,9.99999e-01,9.99999e-01,9.99999e-01,9.99995e-01,1.94485e-06,9.99999e-01
4.267944804e-01,2.52169e-06,9.99999e-01,9.99999e-01,9.99999e-01,9.99993e-01,2.52170e-06,9.99999e-01
4.289284528e-01,3.25291e-06,9.99999e-01,9.99999e-01,9.99999e-01,9.99994e-01,3.25293e-06,9.99999e-01
4.310730950e-01,4.17513e-06,9.99999e-01,9.99999e-01,9.99999e-01,9.99997e-01,4.17514e-06,9.99999e-01
4.332284605e-01,5.33243e-06,9.99999e-01,9.99999e-01,9.99999e-01,9.99998e-01,5.33244e-06,9.99999e-01
4.353946028e-01,6.77769e-06,9.99999e-01,9.99999e-01,9.99999e-01,9.99999e-01,6.77769e-06,9.99999e-01
4.375715758e-01,8.57391e-06,9.99999e-01,9.99999e-01,9.99999e-01,9.99995e-01,8.57395e-06,9.99999e-01
4.397594337e-01,1.07956e-05,9.99999e-01,9.99999e-01,9.99999e-01,9.99964e-01,1.07960e-05,9.99999e-01
4.419582309e-01,1.35298e-05,9.99999e-01,9.99999e-01,9.99999e-01,9.99820e-01,1.35322e-05,9.99999e-01
4.441680220e-01,1.68840e-05,9.99999e-01,9.99999e-01,9.99999e-01,9.99861e-01,1.68864e-05,9.99999e-01
4.463888621e-01,2.09769e-05,9.99999e-01,9.99999e-01,9.99999e-01,9.99855e-01,2.09799e-05,9.99999e-01
4.486208064e-01,2.59520e-05,9.99999e-01,9.99999e-01,9.99999e-01,9.99910e-01,2.59543e-05,9.99999e-01
4.508639105e-01,3.19722e-05,9.99999e-01,9.99999e-01,9.99999e-01,9.99957e-01,3.19735e-05,9.99999e-01
4.531182300e-01,3.92261e-05,9.99999e-01,9.99999e-01,9.99999e-01,9.99983e-01,3.92267e-05,9.99999e-01
4.553838212e-01,4.79308e-05,9.99999e-01,9.99999e-01,9.99999e-01,9.99988e-01,4.79314e-05,9.99999e-01
4.576607403e-01,5.83359e-05,9.99999e-01,9.99999e-01,9.99999e-01,9.99994e-01,5.83362e-05,9.99999e-01
4.599490440e-01,7.07245e-05,9.99999e-01,9.99999e-01,9.99999e-01,9.99995e-01,7.07248e-05,9.99999e-01
4.622487892e-01,8.54186e-05,9.99999e-01,9.99999e-01,9.99999e-01,9.99998e-01,8.54187e-05,9.99999e-01
4.645600332e-01,1.02781e-04,9.99999e-01,9.99999e-01,9.99999e-01,9.99996e-01,1.02781e-04,9.99999e-01
4.668828333e-01,1.23217e-04,9.99999e-01,9.99999e-01,9.99999e-01,9.99956e-01,1.23222e-04,9.99999e-01
4.692172475e-01,1.47187e-04,9.99999e-01,9.99999e-01,9.99999e-01,9.99909e-01,1.47200e-04,9.99999e-01
4.715633337e-01,1.75217e-04,9.99999e-01,9.99999e-01,9.99999e-01,9.99940e-01,1.75227e-04,9.99999e-01
4.739211504e-01,2.07862e-04,9.99999e-01,9.99999e-01,9.99999e-01,9.99943e-01,2.07874e-04,9.99999e-01
4.762907561e-01,2.45765e-04,9.99999e-01,9.99999e-01,9.99999e-01,9.99970e-01,2.45772e-04,9.99999e-01
4.786722099e-01,2.89616e-04,9.99999e-01,9.99999e-01,9.99999e-01,9.99987e-01,2.89619e-04,9.99999e-01
4.810655710e-01,3.40184e-04,9.99999e-01,9.99999e-01,9.99999e-01,9.99995e-01,3.40185e-04,9.99999e-01
4.834708988e-01,3.98297e-04,9.99999e-01,9.99999e-01,9.99999e-01,9.99964e-01,3.98311e-04,9.99999e-01
4.858882533e-01,4.64889e-04,9.99999e-01,9.99999e-01,9.99999e-01,9.99935e-01,4.64918e-04,9.99999e-01
4.883176946e-01,5.40980e-04,9.99999e-01,9.99999e-01,9.99999e-01,9.99945e-01,5.41009e-04,9.99999e-01
4.907592831e-01,6.27640e-04,9.99999e-01,9.99999e-01,9.99999e-01,9.99951e-01,6.27670e-04,9.99999e-01
4.932130795e-01,7.26055e-04,9.99999e-01,9.99999e-01,9.99999e-01,9.99965e-01,7.26080e-04,9.99999e-01
4.956791449e-01,8.37490e-04,9.99999e-01,9.99999e-01,9.99999e-01,9.99981e-01,8.37505e-04,9.99999e-01
4.981575406e-01,9.63222e-04,9.99999e-01,9.99999e-01,9.99999e-01,9.99908e-01,9.63310e-04,9.99999e-01
5.006483283e-01,1.10469e-03,9.99999e-01,9.99999e-01,9.99999e-01,9.99762e-01,1.10495e-03,9.99997e-01
5.031515699e-01,1.26247e-03,9.99999e-01,9.99999e-01,9.99999e-01,9.98802e-01,1.26400e-03,9.99986e-01
5.056673278e-01,1.44116e-03,9.99999e-01,9.99999e-01,9.99999e-01,9.99369e-01,1.44209e-03,9.99985e-01
5.081956644e-01,1.63969e-03,9.99999e-01,9.99999e-01,9.99999e-01,9.99204e-01,1.64101e-03,9.99990e-01
5.107366428e-01,1.86159e-03,9.99999e-01,9.99999e-01,9.99999e-01,9.99463e-01,1.86260e-03,9.99998e-01
5.132903260e-01,2.10818e-03,9.99999e-01,9.99999e-01,9.99999e-01,9.99693e-01,2.10883e-03,9.99999e-01
5.158567776e-01,2.38145e-03,9.99999e-01,9.99999e-01,9.99999e-01,9.99870e-01,2.38176e-03,9.99999e-01
5.184360615e-01,2.68341e-03,9.99999e-01,9.99999e-01,9.99999e-01,9.99947e-01,2.68355e-03,9.99999e-01
5.210282418e-01,3.01641e-03,9.99999e-01,9.99999e-01,9.99999e-01,9.99980e-01,3.01647e-03,9.99999e-01
5.236333830e-01,3.38261e-03,9.99999e-01,9.99999e-01,9.99999e-01,9.99921e-01,3.38287e-03,9.99998e-01
5.262515499e-01,3.78501e-03,9.99999e-01,9.99999e-01,9.99999e-01,9.99950e-01,3.78520e-03,9.99998e-01
5.288828077e-01,4.22579e-03,9.99999e-01,9.99999e-01,9.99999e-01,9.99954e-01,4.22598e-03,9.99999e-01
5.315272217e-01,4.70765e-03,9.99999e-01,9.99999e-01,9.99999e-01,9.99960e-01,4.70783e-03,9.99999e-01
5.341848578e-01,5.23332e-03,9.99999e-01,9.99999e-01,9.99999e-01,9.99973e-01,5.23345e-03,9.99999e-01
5.368557821e-01,5.80508e-03,9.99999e-01,9.99999e-01,9.99999e-01,9.99908e-01,5.80561e-03,9.99999e-01
5.395400610e-01,6.42500e-03,9.99999e-01,9.99999e-01,9.99999e-01,9.99669e-01,6.42714e-03,9.99996e-01
5.422377613e-01,7.09787e-03,9.99999e-01,9.99999e-01,9.99999e-01,9.99577e-01,7.10092e-03,9.99991e-01
5.449489501e-01,7.82675e-03,9.99999e-01,9.99999e-01,9.99999e-01,9.99605e-01,7.82990e-03,9.99991e-01
5.476736949e-01,8.61405e-03,9.99999e-01,9.99999e-01,9.99999e-01,9.99652e-01,8.61708e-03,9.99995e-01
5.504120634e-01,9.46306e-03,9.99999e-01,9.99999e-01,9.99999e-01,9.99747e-01,9.46546e-03,9.99998e-01
5.531641237e-01,1.03768e-02,9.99999e-01,9.99999e-01,9.99999e-01,9.99872e-01,1.03781e-02,9.99999e-01
5.559299443e-01,1.13574e-02,9.99999e-01,9.99999e-01,9.99999e-01,9.99938e-01,1.13581e-02,9.99999e-01
5.587095940e-01,1.24080e-02,9.99999e-01,9.99999e-01,9.99999e-01,9.99961e-01,1.24084e-02,9.99999e-01
5.615031420e-01,1.35317e-02,9.99999e-01,9.99999e-01,9.99999e-01,9.99956e-01,1.35323e-02,9.99999e-01
5.643106577e-01,1.47319e-02,9.99999e-01,9.99999e-01,9.99999e-01,9.99950e-01,1.47327e-02,9.99999e-01
5.671322110e-01,1.60029e-02,9.99999e-01,9.99999e-01,9.99999e-01,9.99401e-01,1.60126e-02,9.99994e-01
5.699678720e-01,1.73640e-02,9.99999e-01,9.99999e-01,9.99999e-01,9.99374e-01,1.73751e-02,9.99983e-01
5.728177114e-01,1.88106e-02,9.99999e-01,9.99999e-01,9.99999e-01,9.99344e-01,1.88232e-02,9.99986e-01
5.756818000e-01,2.03474e-02,9.99999e-01,9.99999e-01,9.99999e-01,9.99398e-01,2.03598e-02,9.99991e-01
5.785602090e-01,2.19761e-02,9.99999e-01,9.99999e-01,9.99999e-01,9.99476e-01,2.19877e-02,9.99997e-01
5.814530100e-01,2.36972e-02,9.99999e-01,9.99999e-01,9.99999e-01,9.99473e-01,2.37096e-02,9.99998e-01
5.843602750e-01,2.55123e-02,9.99999e-01,9.99999e-01,9.99999e-01,9.99369e-01,2.55284e-02,9.99996e-01
5.872820764e-01,2.72969e-02,9.99999e-01,9.99999e-01,9.99999e-01,9.94582e-01,2.74467e-02,9.99961e-01
5.902184868e-01,2.92715e-02,9.99999e-01,9.99999e-01,9.99999e-01,9.93473e-01,2.94668e-02,9.99896e-01
5.931695792e-01,3.14422e-02,9.99999e-01,9.99999e-01,9.99999e-01,9.95378e-01,3.15913e-02,9.99900e-01
5.961354271e-01,3.36494e-02,9.99999e-01,9.99999e-01,9.99999e-01,9.94940e-01,3.38224e-02,9.99942e-01
5.991161043e-01,3.60283e-02,9.99999e-01,9.99999e-01,9.99999e-01,9.96310e-01,3.61624e-02,9.99981e-01
6.021116848e-01,3.85322e-02,9.99999e-01,9.99999e-01,9.99999e-01,9.97906e-01,3.86131e-02,9.99997e-01
6.051222432e-01,4.11330e-02,9.99999e-01,9.99999e-01,9.99999e-01,9.98940e-01,4.11766e-02,9.99999e-01
6.081478544e-01,4.38345e-02,9.99999e-01,9.99999e-01,9.99999e-01,9.99542e-01,4.38545e-02,9.99999e-01
6.111885937e-01,4.66395e-02,9.99999e-01,9.99999e-01,9.99999e-01,9.99806e-01,4.66485e-02,9.99999e-01
6.142445367e-01,4.95558e-02,9.99999e-01,9.99999e-01,9.99999e-01,9.99913e-01,4.95600e-02,9.99999e-01
6.173157594e-01,5.25878e-02,9.99999e-01,9.99999e-01,9.99999e-01,9.99951e-01,5.25903e-02,9.99999e-01
6.204023382e-01,5.57383e-02,9.99999e-01,9.99999e-01,9.99999e-01,9.99959e-01,5.57406e-02,9.99999e-01
6.235043498e-01,5.90010e-02,9.99999e-01,9.99999e-01,9.99999e-01,9.99819e-01,5.90116e-02,9.99999e-01
6.266218716e-01,6.23451e-02,9.99999e-01,9.99999e-01,9.99999e-01,9.99057e-01,6.24043e-02,9.99992e-01
6.297549810e-01,6.58956e-02,9.99999e-01,9.99999e-01,9.99999e-01,9.99654e-01,6.59192e-02,9.99986e-01
6.329037559e-01,6.95086e-02,9.99999e-01,9.99999e-01,9.99999e-01,9.99317e-01,6.95568e-02,9.99988e-01
6.360682746e-01,7.32741e-02,9.99999e-01,9.99999e-01,9.99999e-01,9.99417e-01,7.33172e-02,9.99993e-01
6.392486160e-01,7.71423e-02,9.99999e-01,9.99999e-01,9.99999e-01,9.99246e-01,7.72007e-02,9.99996e-01
6.424448591e-01,8.11243e-02,9.99999e-01,9.99999e-01,9.99999e-01,9.98986e-01,8.12070e-02,9.99994e-01
6.456570834e-01,8.49325e-02,9.99999e-01,9.99999e-01,9.99999e-01,9.95301e-01,8.53359e-02,9.99971e-01
6.488853688e-01,8.92742e-02,9.99999e-01,9.99999e-01,9.99999e-01,9.96581e-01,8.95869e-02,9.99926e-01
6.521297956e-01,9.36264e-02,9.99999e-01,9.99999e-01,9.99999e-01,9.96515e-01,9.39594e-02,9.99939e-01
6.553904446e-01,9.81058e-02,9.99999e-01,9.99999e-01,9.99999e-01,9.96521e-01,9.84526e-02,9.99954e-01
6.586673968e-01,1.02758e-01,9.99999e-01,9.99999e-01,9.99999e-01,9.97028e-01,1.03065e-01,9.99984e-01
6.619607338e-01,1.07618e-01,9.99999e-01,9.99999e-01,9.99999e-01,9.98343e-01,1.07797e-01,9.99996e-01
6.652705375e-01,1.12534e-01,9.99999e-01,9.99999e-01,9.99999e-01,9.99005e-01,1.12646e-01,9.99997e-01
6.685968902e-01,1.17561e-01,9.99999e-01,9.99999e-01,9.99999e-01,9.99577e-01,1.17611e-01,9.99999e-01
6.719398746e-01,1.22663e-01,9.99999e-01,9.99999e-01,9.99999e-01,9.99785e-01,1.22689e-01,9.99999e-01
6.752995740e-01,1.27866e-01,9.99999e-01,9.99999e-01,9.99999e-01,9.99883e-01,1.27881e-01,9.99999e-01
6.786760719e-01,1.33160e-01,9.99999e-01,9.99999e-01,9.99999e-01,9.99831e-01,1.33183e-01,9.99999e-01
6.820694522e-01,1.38553e-01,9.99999e-01,9.99999e-01,9.99999e-01,9.99712e-01,1.38593e-01,9.99998e-01
6.854797995e-01,1.44056e-01,9.99999e-01,9.99999e-01,9.99999e-01,9.99628e-01,1.44110e-01,9.99996e-01
6.889071985e-01,1.49595e-01,9.99999e-01,9.99999e-01,9.99999e-01,9.99093e-01,1.49731e-01,9.99991e-01
6.923517345e-01,1.53170e-01,9.99999e-01,9.99999e-01,9.99999e-01,9.85375e-01,1.55454e-01,9.99929e-01
6.958134932e-01,1.60037e-01,9.99999e-01,9.99999e-01,9.99999e-01,9.92468e-01,1.61276e-01,9.99844e-01
6.992925606e-01,1.65960e-01,9.99999e-01,9.99999e-01,9.99999e-01,9.92751e-01,1.67195e-01,9.99859e-01
7.027890234e-01,1.71648e-01,9.99999e-01,9.99999e-01,9.99999e-01,9.91100e-01,1.73207e-01,9.99892e-01
7.063029686e-01,1.77958e-01,9.99999e-01,9.99999e-01,9.99999e-01,9.92508e-01,1.79311e-01,9.99946e-01
7.098344834e-01,1.84163e-01,9.99999e-01,9.99999e-01,9.99999e-01,9.92811e-01,1.85502e-01,9.99968e-01
7.133836558e-01,1.89919e-01,9.99999e-01,9.99999e-01,9.99999e-01,9.90360e-01,1.91779e-01,9.99937e-01
7.169505741e-01,1.83262e-01,9.99999e-01,9.99999e-01,9.99999e-01,9.25376e-01,1.98138e-01,9.99507e-01
7.205353270e-01,1.96867e-01,9.99999e-01,9.99999e-01,9.99999e-01,9.63154e-01,2.04576e-01,9.99131e-01
7.241380036e-01,2.01012e-01,9.99999e-01,9.99999e-01,9.99999e-01,9.52974e-01,2.11090e-01,9.99250e-01
7.277586936e-01,2.08296e-01,9.99999e-01,9.99999e-01,9.99999e-01,9.57493e-01,2.17676e-01,9.99386e-01
7.313974871e-01,2.14177e-01,9.99999e-01,9.99999e-01,9.99999e-01,9.55010e-01,2.24331e-01,9.99712e-01
7.350544745e-01,2.25288e-01,9.99999e-01,9.99999e-01,9.99999e-01,9.75143e-01,2.31053e-01,9.99899e-01
7.387297469e-01,2.33464e-01,9.99999e-01,9.99999e-01,9.99999e-01,9.81655e-01,2.37837e-01,9.99953e-01
7.424233956e-01,2.42476e-01,9.99999e-01,9.99999e-01,9.99999e-01,9.90996e-01,2.44681e-01,9.99991e-01
7.461355126e-01,2.50204e-01,9.99999e-01,9.99999e-01,9.99999e-01,9.94530e-01,2.51580e-01,9.99998e-01
7.498661902e-01,2.57874e-01,9.99999e-01,9.99999e-01,9.99999e-01,9.97454e-01,2.58532e-01,9.99998e-01
7.536155211e-01,2.65201e-01,9.99999e-01,9.99999e-01,9.99999e-01,9.98748e-01,2.65533e-01,9.99999e-01
7.573835987e-01,2.72405e-01,9.99999e-01,9.99999e-01,9.99999e-01,9.99355e-01,2.72580e-01,9.99999e-01
7.611705167e-01,2.79557e-01,9.99999e-01,9.99999e-01,9.99999e-01,9.99599e-01,2.79669e-01,9.99999e-01
7.649763693e-01,2.86725e-01,9.99999e-01,9.99999e-01,9.99999e-01,9.99748e-01,2.86797e-01,9.99999e-01
7.688012511e-01,2.93909e-01,9.99999e-01,9.99999e-01,9.99999e-01,9.99824e-01,2.93960e-01,9.99999e-01
7.726452574e-01,3.01113e-01,9.99999e-01,9.99999e-01,9.99999e-01,9.99855e-01,3.01156e-01,9.99999e-01
7.765084837e-01,3.08317e-01,9.99999e-01,9.99999e-01,9.99999e-01,9.99794e-01,3.08380e-01,9.99999e-01
7.803910261e-01,2.99100e-01,9.99999e-01,9.99999e-01,9.48431e-01,9.99110e-01,3.15630e-01,9.99998e-01
7.842929812e-01,2.54627e-01,9.99999e-01,9.99999e-01,7.90841e-01,9.96897e-01,3.22902e-01,9.99993e-01
7.882144461e-01,2.55269e-01,9.99999e-01,9.99999e-01,7.77771e-01,9.93648e-01,3.30193e-01,9.99955e-01
7.921555184e-01,2.89781e-01,9.99999e-01,9.99999e-01,8.61561e-01,9.96524e-01,3.37500e-01,9.99923e-01
7.961162960e-01,3.10207e-01,9.99999e-01,9.99999e-01,9.05201e-01,9.93821e-01,3.44819e-01,9.99927e-01
8.000968774e-01,3.31225e-01,9.99999e-01,9.99999e-01,9.47362e-01,9.92890e-01,3.52148e-01,9.99922e-01
8.040973618e-01,3.47074e-01,9.99999e-01,9.99999e-01,9.72438e-01,9.92882e-01,3.59483e-01,9.99940e-01
8.081178486e-01,3.56317e-01,9.99999e-01,9.99999e-01,9.87217e-01,9.83964e-01,3.66821e-01,9.99940e-01
8.121584379e-01,3.48381e-01,9.99999e-01,9.99999e-01,9.96059e-01,9.34935e-01,3.74160e-01,9.99774e-01
8.162192301e-01,3.51793e-01,9.99999e-01,9.99999e-01,9.99128e-01,9.23698e-01,3.81497e-01,9.99155e-01
8.203003262e-01,3.73285e-01,9.99999e-01,9.99999e-01,9.99987e-01,9.60986e-01,3.88828e-01,9.99010e-01
8.244018279e-01,3.74768e-01,9.99999e-01,9.99999e-01,9.99999e-01,9.46766e-01,3.96151e-01,9.99212e-01
8.285238370e-01,3.84482e-01,9.99999e-01,9.99999e-01,9.99999e-01,9.53544e-01,4.03463e-01,9.99381e-01
8.326664562e-01,3.91429e-01,9.99999e-01,9.99999e-01,9.99999e-01,9.53177e-01,4.10762e-01,9.99743e-01
8.368297885e-01,4.03952e-01,9.99999e-01,9.99999e-01,9.99999e-01,9.66343e-01,4.18045e-01,9.99941e-01
8.410139374e-01,4.16735e-01,9.99999e-01,9.99999e-01,9.99999e-01,9.79872e-01,4.25309e-01,9.99965e-01
8.452190071e-01,4.28257e-01,9.99999e-01,9.99999e-01,9.99999e-01,9.90088e-01,4.32552e-01,9.99979e-01
8.494451021e-01,4.37226e-01,9.99999e-01,9.99999e-01,9.99999e-01,9.94226e-01,4.39772e-01,9.99983e-01
8.536923276e-01,4.45438e-01,9.99999e-01,9.99999e-01,9.99999e-01,9.96589e-01,4.46966e-01,9.99989e-01
8.579607893e-01,4.53176e-01,9.99999e-01,9.99999e-01,9.99999e-01,9.97894e-01,4.54133e-01,9.99997e-01
8.622505932e-01,4.60653e-01,9.99999e-01,9.99999e-01,9.99999e-01,9.98664e-01,4.61269e-01,9.99999e-01
8.665618462e-01,4.22044e-01,9.99999e-01,9.99999e-01,9.01793e-01,9.99171e-01,4.68373e-01,9.99999e-01
8.708946554e-01,2.63030e-01,9.99999e-01,9.99999e-01,5.53731e-01,9.99050e-01,4.75443e-01,9.99998e-01
8.752491287e-01,2.98120e-01,9.99999e-01,9.99999e-01,6.18646e-01,9.98730e-01,4.82477e-01,9.99998e-01
8.796253743e-01,3.74511e-01,9.99999e-01,9.99999e-01,7.66422e-01,9.98238e-01,4.89473e-01,9.99995e-01
8.840235012e-01,4.31281e-01,9.99999e-01,9.99999e-01,8.70486e-01,9.97989e-01,4.96429e-01,9.99987e-01
8.884436187e-01,4.73098e-01,9.99999e-01,9.99999e-01,9.46835e-01,9.92608e-01,5.03344e-01,9.99964e-01
8.928858368e-01,4.61852e-01,9.99999e-01,9.99999e-01,9.78081e-01,9.25400e-01,5.10216e-01,9.99799e-01
8.973502660e-01,4.48377e-01,9.99999e-01,9.99999e-01,9.94652e-01,8.72605e-01,5.17043e-01,9.98972e-01
9.018370173e-01,4.87717e-01,9.99999e-01,9.99999e-01,9.99410e-01,9.33100e-01,5.23824e-01,9.98385e-01
9.063462024e-01,4.90924e-01,9.99999e-01,9.99999e-01,9.84711e-01,9.40296e-01,5.30557e-01,9.98581e-01
9.108779334e-01,4.71032e-01,9.99999e-01,9.99999e-01,9.65593e-01,9.08739e-01,5.37241e-01,9.98525e-01
9.154323231e-01,4.83451e-01,9.99999e-01,9.99999e-01,9.91869e-01,8.97038e-01,5.43875e-01,9.98781e-01
9.200094847e-01,4.52824e-01,9.99999e-01,9.99999e-01,8.90241e-01,9.18596e-01,5.50457e-01,9.99317e-01
9.246095321e-01,4.12379e-01,9.99999e-01,9.99999e-01,8.42652e-01,8.75344e-01,5.56987e-01,9.99213e-01
9.292325798e-01,2.09839e-01,9.99999e-01,9.99999e-01,8.74320e-01,4.19168e-01,5.63462e-01,9.96210e-01
9.338787427e-01,1.65523e-01,9.99999e-01,9.99999e-01,8.78546e-01,3.29003e-01,5.69883e-01,9.86372e-01
9.385481364e-01,3.31640e-01,9.99999e-01,9.99999e-01,9.09003e-01,6.37638e-01,5.76248e-01,9.85037e-01
9.432408771e-01,2.93051e-01,9.99999e-01,9.99999e-01,9.43280e-01,5.37776e-01,5.82557e-01,9.87078e-01
9.479570815e-01,2.42454e-01,9.99999e-01,9.99999e-01,9.70442e-01,4.27831e-01,5.88808e-01,9.89470e-01
9.526968669e-01,3.06553e-01,9.99999e-01,9.99999e-01,9.85662e-01,5.25169e-01,5.95000e-01,9.93564e-01
9.574603512e-01,3.25945e-01,9.99999e-01,9.99999e-01,9.93846e-01,5.47030e-01,6.01133e-01,9.96725e-01
9.622476530e-01,3.69383e-01,9.99999e-01,9.99999e-01,9.98078e-01,6.10780e-01,6.07207e-01,9.97734e-01
9.670588912e-01,4.60049e-01,9.99999e-01,9.99999e-01,9.99424e-01,7.51782e-01,6.13220e-01,9.98449e-01
9.718941857e-01,5.16653e-01,9.99999e-01,9.99999e-01,9.99959e-01,8.35408e-01,6.19172e-01,9.98858e-01
9.767536566e-01,5.37860e-01,9.99999e-01,9.99999e-01,9.99999e-01,8.61240e-01,6.25063e-01,9.99127e-01
9.816374249e-01,5.64627e-01,9.99999e-01,9.99999e-01,9.99999e-01,8.95235e-01,6.30892e-01,9.99697e-01
9.865456120e-01,5.94068e-01,9.99999e-01,9.99999e-01,9.99999e-01,9.33162e-01,6.36658e-01,9.99936e-01
9.914783401e-01,6.15444e-01,9.99999e-01,9.99999e-01,9.99999e-01,9.58111e-01,6.42361e-01,9.99982e-01
9.964357318e-01,6.33074e-01,9.99999e-01,9.99999e-01,9.99999e-01,9.76972e-01,6.48002e-01,9.99989e-01
1.001417910e+00,6.44509e-01,9.99999e-01,9.99999e-01,9.99999e-01,9.86137e-01,6.53579e-01,9.99983e-01
1.006425000e+00,6.53849e-01,9.99999e-01,9.99999e-01,9.99999e-01,9.92065e-01,6.59093e-01,9.99977e-01
1.011457125e+00,6.61257e-01,9.99999e-01,9.99999e-01,9.99999e-01,9.95076e-01,6.64542e-01,9.99978e-01
1.016514411e+00,6.67676e-01,9.99999e-01,9.99999e-01,9.99999e-01,9.96652e-01,6.69928e-01,9.99984e-01
1.021596983e+00,6.73379e-01,9.99999e-01,9.99999e-01,9.99910e-01,9.97330e-01,6.75250e-01,9.99985e-01
1.026704968e+00,6.74998e-01,9.99999e-01,9.99999e-01,9.93978e-01,9.97916e-01,6.80508e-01,9.99990e-01
1.031838492e+00,6.41633e-01,9.99999e-01,9.99999e-01,9.37094e-01,9.98487e-01,6.85701e-01,9.99996e-01
1.036997685e+00,6.82715e-02,9.99999e-01,9.99999e-01,9.88939e-02,9.99100e-01,6.90831e-01,9.99999e-01
1.042182673e+00,2.82435e-02,9.99999e-01,9.99999e-01,4.06226e-02,9.98924e-01,6.95896e-01,9.99999e-01
1.047393587e+00,4.35811e-02,9.99999e-01,9.99999e-01,6.22556e-02,9.98576e-01,7.00898e-01,9.99999e-01
1.052630555e+00,2.29260e-04,9.99999e-01,9.99999e-01,3.25245e-04,9.98044e-01,7.05835e-01,9.99998e-01
1.057893707e+00,7.38942e-04,9.99999e-01,9.99999e-01,1.04180e-03,9.96734e-01,7.10709e-01,9.99998e-01
1.063183176e+00,4.30030e-03,9.99999e-01,9.99999e-01,6.03131e-03,9.94635e-01,7.15519e-01,9.99996e-01
1.068499092e+00,1.82470e-02,9.99999e-01,9.99999e-01,2.55123e-02,9.91038e-01,7.20266e-01,9.99993e-01
1.073841587e+00,7.01672e-02,9.99999e-01,9.99999e-01,9.76162e-02,9.89509e-01,7.24950e-01,9.99986e-01
1.079210795e+00,1.65322e-01,9.99999e-01,9.99999e-01,2.29284e-01,9.86599e-01,7.29570e-01,9.99963e-01
1.084606849e+00,3.17933e-01,9.99999e-01,9.99999e-01,4.41438e-01,9.79763e-01,7.34128e-01,9.99913e-01
1.090029883e+00,4.68880e-01,9.99999e-01,9.99999e-01,6.53083e-01,9.70964e-01,7.38623e-01,9.99820e-01
1.095480033e+00,5.56487e-01,9.99999e-01,9.99999e-01,8.10607e-01,9.22948e-01,7.43057e-01,9.99675e-01
1.100957433e+00,5.51792e-01,9.99999e-01,9.99999e-01,9.03627e-01,8.16123e-01,7.47429e-01,9.99403e-01
1.106462220e+00,4.33052e-01,9.99999e-01,9.99999e-01,9.58981e-01,5.99941e-01,7.51739e-01,9.98988e-01
1.111994531e+00,2.57610e-01,9.99999e-01,9.99999e-01,9.84590e-01,3.46452e-01,7.55988e-01,9.97319e-01
1.117554504e+00,1.37989e-01,9.99999e-01,9.99999e-01,9.96228e-01,1.83802e-01,7.60177e-01,9.90355e-01
1.123142276e+00,2.23734e-01,9.99999e-01,9.99999e-01,9.99752e-01,2.99558e-01,7.64305e-01,9.77280e-01
1.128757988e+00,3.36955e-01,9.99999e-01,9.99999e-01,9.99999e-01,4.50344e-01,7.68374e-01,9.73764e-01
1.134401778e+00,1.70078e-01,9.99999e-01,9.99999e-01,9.99999e-01,2.25233e-01,7.72383e-01,9.77647e-01
1.140073787e+00,4.69237e-01,9.99999e-01,9.99999e-01,9.99999e-01,6.15442e-01,7.76334e-01,9.82099e-01
1.145774156e+00,2.85719e-01,9.99999e-01,9.99999e-01,9.99999e-01,3.72304e-01,7.80226e-01,9.83602e-01
1.151503026e+00,2.60268e-01,9.99999e-01,9.99999e-01,9.99999e-01,3.35021e-01,7.84060e-01,9.90831e-01
1.157260541e+00,3.07421e-01,9.99999e-01,9.99999e-01,9.99999e-01,3.91285e-01,7.87836e-01,9.97249e-01
1.163046844e+00,3.94446e-01,9.99999e-01,9.99999e-01,9.99999e-01,4.98706e-01,7.91556e-01,9.99219e-01
1.168862078e+00,4.87833e-01,9.99999e-01,9.99999e-01,9.99999e-01,6.13704e-01,7.95219e-01,9.99597e-01
1.174706389e+00,5.90527e-01,9.99999e-01,9.99999e-01,9.99999e-01,7.39637e-01,7.98826e-01,9.99466e-01
1.180579921e+00,6.67041e-01,9.99999e-01,9.99999e-01,9.99999e-01,8.31999e-01,8.02378e-01,9.99193e-01
1.186482820e+00,7.25535e-01,9.99999e-01,9.99999e-01,9.99986e-01,9.01061e-01,8.05876e-01,9.99172e-01
1.192415234e+00,7.45211e-01,9.99999e-01,9.99999e-01,9.78811e-01,9.40947e-01,8.09318e-01,9.99380e-01
1.198377311e+00,4.25866e-01,9.99999e-01,9.99999e-01,5.47259e-01,9.49947e-01,8.12708e-01,9.99414e-01
1.204369197e+00,1.67186e-16,9.99999e-01,9.99999e-01,2.10814e-16,9.52634e-01,8.16043e-01,9.99470e-01
1.210391043e+00,1.92192e-63,9.99999e-01,9.99999e-01,2.40778e-63,9.54642e-01,8.19327e-01,9.99677e-01
1.216442998e+00,4.76616e-55,9.99999e-01,9.99999e-01,5.93882e-55,9.61332e-01,8.22558e-01,9.99802e-01
1.222525213e+00,3.10220e-54,9.99999e-01,9.99999e-01,3.81729e-54,9.69740e-01,8.25738e-01,9.99877e-01
1.228637839e+00,5.53633e-42,9.99999e-01,9.99999e-01,6.77765e-42,9.78882e-01,8.28867e-01,9.99942e-01
1.234781029e+00,1.34585e-26,9.99999e-01,9.99999e-01,1.62885e-26,9.84289e-01,8.31946e-01,9.99983e-01
1.240954934e+00,7.89086e-18,9.99999e-01,9.99999e-01,9.51065e-18,9.90033e-01,8.34975e-01,9.99994e-01
1.247159708e+00,3.03026e-09,9.99999e-01,9.99999e-01,3.63295e-09,9.92234e-01,8.37954e-01,9.99996e-01
1.253395507e+00,3.82946e-06,9.99999e-01,9.99999e-01,4.57695e-06,9.93097e-01,8.40886e-01,9.99995e-01
1.259662485e+00,7.27196e-04,9.99999e-01,9.99999e-01,8.66184e-04,9.93433e-01,8.43769e-01,9.99993e-01
1.265960797e+00,1.51108e-02,9.99999e-01,9.99999e-01,1.79853e-02,9.89539e-01,8.46605e-01,9.99989e-01
1.272290601e+00,1.43493e-01,9.99999e-01,9.99999e-01,1.71405e-01,9.83582e-01,8.49394e-01,9.99981e-01
1.278652054e+00,1.20304e-01,9.99999e-01,9.99999e-01,1.44645e-01,9.67637e-01,8.52137e-01,9.99967e-01
1.285045314e+00,9.74344e-04,9.99999e-01,9.99999e-01,1.16845e-03,9.42060e-01,8.54835e-01,9.99940e-01
1.291470541e+00,4.77539e-08,9.99999e-01,9.99999e-01,5.92908e-08,9.01242e-01,8.57487e-01,9.99895e-01
1.297927893e+00,1.29755e-03,9.99999e-01,9.99999e-01,1.61315e-03,8.62596e-01,8.60095e-01,9.99805e-01
1.304417533e+00,2.94552e-02,9.99999e-01,9.99999e-01,3.95985e-02,8.40510e-01,8.62660e-01,9.99587e-01
1.310939621e+00,4.96475e-03,9.99999e-01,9.99999e-01,6.43538e-03,8.02841e-01,8.65181e-01,9.99154e-01
1.317494319e+00,2.20380e-22,9.99999e-01,9.99999e-01,2.87429e-22,8.06268e-01,8.67659e-01,9.98436e-01
1.324081790e+00,5.85436e-15,9.99999e-01,9.99999e-01,7.82349e-15,7.25166e-01,8.70095e-01,9.97448e-01
1.330702199e+00,4.54366e-09,9.99999e-01,9.99999e-01,8.96059e-09,3.15387e-01,8.72490e-01,9.95604e-01
1.337355710e+00,2.83071e-09,9.99999e-01,9.99999e-01,2.59277e-08,4.56856e-02,8.74844e-01,9.91552e-01
1.344042489e+00,3.90957e-10,9.99999e-01,9.99999e-01,9.38491e-09,1.68637e-03,8.77158e-01,9.74770e-01
1.350762701e+00,6.50619e-15,9.99999e-01,9.99999e-01,5.06529e-09,2.69745e-07,8.79431e-01,9.16232e-01
1.357516515e+00,1.22325e-14,9.99999e-01,9.99999e-01,6.98822e-06,2.77560e-10,8.81666e-01,7.73561e-01
1.364304097e+00,5.94539e-10,9.99999e-01,9.99999e-01,3.18386e-04,1.06699e-06,8.83862e-01,6.37645e-01
1.371125618e+00,2.29606e-06,9.99999e-01,9.99999e-01,1.58072e-02,1.19609e-04,8.86020e-01,6.54270e-01
1.377981246e+00,1.10592e-05,9.99999e-01,9.99999e-01,3.05943e-02,3.59872e-04,8.88140e-01,6.95133e-01
1.384871152e+00,4.88602e-07,9.99999e-01,9.99999e-01,1.31454e-01,4.05743e-06,8.90224e-01,7.12583e-01
1.391795508e+00,1.91390e-07,9.99999e-01,9.99999e-01,1.53550e-01,1.27015e-06,8.92271e-01,7.23970e-01
1.398754485e+00,4.26065e-06,9.99999e-01,9.99999e-01,3.12218e-01,1.75405e-05,8.94282e-01,7.65814e-01
1.405748258e+00,6.21128e-06,9.99999e-01,9.99999e-01,4.26047e-01,1.62745e-05,8.96258e-01,8.55577e-01
1.412776999e+00,8.94181e-06,9.99999e-01,9.99999e-01,5.82595e-01,1.58954e-05,8.98199e-01,9.31261e-01
1.419840884e+00,1.92760e-05,9.99999e-01,9.99999e-01,5.18870e-01,3.22910e-05,9.00106e-01,9.69256e-01
1.426940089e+00,1.20977e-04,9.99999e-01,9.99999e-01,3.30932e-02,3.71737e-04,9.01979e-01,9.76555e-01
1.434074789e+00,0.00000e+00,9.99999e-01,9.99999e-01,0.00000e+00,2.15684e-03,9.03819e-01,9.72394e-01
1.441245163e+00,0.00000e+00,9.99999e-01,9.99999e-01,0.00000e+00,7.27855e-03,9.05626e-01,9.70133e-01
1.448451389e+00,0.00000e+00,9.99999e-01,9.99999e-01,0.00000e+00,3.22054e-02,9.07401e-01,9.73799e-01
1.455693646e+00,0.00000e+00,9.99999e-01,9.99999e-01,0.00000e+00,9.72474e-02,9.09144e-01,9.79553e-01
1.462972114e+00,3.95124e-251,9.99999e-01,9.99999e-01,1.59587e-250,1.28978e-01,9.10856e-01,9.80490e-01
1.470286975e+00,4.91445e-105,9.99999e-01,9.99999e-01,2.19261e-104,9.30050e-02,9.12538e-01,9.80819e-01
1.477638409e+00,1.63361e-66,9.99999e-01,9.99999e-01,7.22967e-66,1.16854e-01,9.14189e-01,9.87010e-01
1.485026601e+00,1.48195e-37,9.99999e-01,9.99999e-01,5.53412e-37,1.70187e-01,9.15810e-01,9.94000e-01
1.492451734e+00,6.05050e-32,9.99999e-01,9.99999e-01,1.62773e-31,2.68616e-01,9.17403e-01,9.97373e-01
1.499913993e+00,2.30613e-14,9.99999e-01,9.99999e-01,4.20227e-14,4.09516e-01,9.18966e-01,9.98865e-01
1.507413563e+00,3.86607e-13,9.99999e-01,9.99999e-01,7.00963e-13,5.24049e-01,9.20501e-01,9.99467e-01
1.514950631e+00,1.87292e-14,9.99999e-01,9.99999e-01,2.64602e-14,6.65523e-01,9.22009e-01,9.99750e-01
1.522525384e+00,3.85306e-47,9.99999e-01,9.99999e-01,4.98629e-47,7.68188e-01,9.23489e-01,9.99908e-01
1.530138011e+00,1.92533e-111,9.99999e-01,9.99999e-01,2.31452e-111,8.23962e-01,9.24942e-01,9.99967e-01
1.537788701e+00,1.27254e-82,9.99999e-01,9.99999e-01,1.47847e-82,8.96340e-01,9.26368e-01,9.99985e-01
1.545477645e+00,4.96169e-18,9.99999e-01,9.99999e-01,5.60613e-18,9.32448e-01,9.27769e-01,9.99991e-01
1.553205033e+00,5.50931e-13,9.99999e-01,9.99999e-01,6.17811e-13,9.44461e-01,9.29144e-01,9.99995e-01
1.560971058e+00,1.96007e-13,9.99999e-01,9.99999e-01,2.15322e-13,9.65364e-01,9.30494e-01,9.99996e-01
1.568775913e+00,3.15374e-281,9.99999e-01,9.99999e-01,3.43872e-281,9.76954e-01,9.31819e-01,9.99996e-01
1.576619793e+00,0.00000e+00,9.99999e-01,9.99999e-01,0.00000e+00,9.82075e-01,9.33119e-01,9.99996e-01
1.584502892e+00,0.00000e+00,9.99999e-01,9.99999e-01,0.00000e+00,9.89059e-01,9.34396e-01,9.99995e-01
1.592425406e+00,1.12303e-250,9.99999e-01,9.99999e-01,1.20753e-250,9.89859e-01,9.35649e-01,9.99994e-01
1.600387533e+00,0.00000e+00,9.99999e-01,9.99999e-01,0.00000e+00,9.92991e-01,9.36879e-01,9.99994e-01
1.608389471e+00,0.00000e+00,9.99999e-01,9.99999e-01,0.00000e+00,9.92752e-01,9.38087e-01,9.99994e-01
1.616431418e+00,0.00000e+00,9.99999e-01,9.99999e-01,0.00000e+00,9.92576e-01,9.39272e-01,9.99995e-01
1.624513575e+00,2.03178e-318,9.99999e-01,9.99999e-01,2.17150e-318,9.92062e-01,9.40435e-01,9.99994e-01
1.632636143e+00,1.67744e-236,9.99999e-01,9.99999e-01,1.79212e-236,9.87582e-01,9.41576e-01,9.99992e-01
1.640799324e+00,8.38176e-97,9.99999e-01,9.99999e-01,8.96950e-97,9.83473e-01,9.42696e-01,9.99988e-01
1.649003321e+00,8.34675e-97,9.99999e-01,9.99999e-01,8.97207e-97,9.78974e-01,9.43796e-01,9.99985e-01
1.657248337e+00,5.69090e-75,9.99999e-01,9.99999e-01,6.11293e-75,9.72248e-01,9.44875e-01,9.99983e-01
1.665534579e+00,1.79041e-75,9.99999e-01,9.99999e-01,1.94161e-75,9.62404e-01,9.45934e-01,9.99982e-01
1.673862252e+00,2.28886e-48,9.99999e-01,9.99999e-01,2.46741e-48,9.49157e-01,9.46973e-01,9.99978e-01
1.682231563e+00,1.03394e-33,9.99999e-01,9.99999e-01,1.11252e-33,9.55447e-01,9.47992e-01,9.99969e-01
1.690642721e+00,4.66404e-19,9.99999e-01,9.99999e-01,5.09706e-19,9.23086e-01,9.48993e-01,9.99952e-01
1.699095934e+00,2.69486e-12,9.99999e-01,9.99999e-01,2.97258e-12,9.12127e-01,9.49975e-01,9.99926e-01
1.707591414e+00,1.07434e-06,9.99999e-01,9.99999e-01,1.18881e-06,9.05752e-01,9.50938e-01,9.99886e-01
1.716129371e+00,3.52408e-04,9.99999e-01,9.99999e-01,4.02672e-04,8.84548e-01,9.51884e-01,9.99822e-01
1.724710018e+00,1.01232e-02,9.99999e-01,9.99999e-01,1.22152e-02,8.31881e-01,9.52811e-01,9.99742e-01
1.733333568e+00,4.27911e-02,9.99999e-01,9.99999e-01,5.50435e-02,7.86549e-01,9.53721e-01,9.99623e-01
1.742000236e+00,1.24173e-01,9.99999e-01,9.99999e-01,1.80659e-01,6.94441e-01,9.54615e-01,9.99403e-01
1.750710237e+00,1.29875e-03,9.99999e-01,9.99999e-01,2.10316e-03,5.08261e-01,9.55491e-01,9.99043e-01
1.759463788e+00,1.88176e-46,9.99999e-01,9.99999e-01,3.65887e-46,2.82086e-01,9.56350e-01,9.98382e-01
1.768261107e+00,6.67992e-49,9.99999e-01,9.99999e-01,2.53345e-48,9.74427e-02,9.57194e-01,9.97213e-01
1.777102413e+00,5.63298e-48,9.99999e-01,9.99999e-01,6.51097e-47,2.15717e-02,9.58021e-01,9.95638e-01
1.785987925e+00,5.97755e-46,9.99999e-01,9.99999e-01,3.85034e-44,2.17536e-03,9.58833e-01,9.92984e-01
1.794917864e+00,2.01313e-44,9.99999e-01,9.99999e-01,3.69900e-42,2.65487e-04,9.59630e-01,9.86250e-01
1.803892454e+00,4.77538e-45,9.99999e-01,9.99999e-01,1.40743e-40,1.18366e-06,9.60411e-01,9.71353e-01
1.812911916e+00,3.21132e-45,9.99999e-01,9.99999e-01,5.60672e-39,4.06203e-08,9.61178e-01,9.31454e-01
1.821976476e+00,2.56514e-45,9.99999e-01,9.99999e-01,4.65070e-39,6.92006e-08,9.61930e-01,8.60329e-01
1.831086358e+00,2.24853e-38,9.99999e-01,9.99999e-01,1.69840e-31,6.30593e-09,9.62667e-01,7.37262e-01
1.840241790e+00,1.52622e-32,9.99999e-01,9.99999e-01,7.76985e-27,2.06311e-07,9.63391e-01,5.97895e-01
1.849442999e+00,2.94515e-24,9.99999e-01,9.99999e-01,1.02809e-18,8.31351e-07,9.64101e-01,5.38718e-01
1.858690214e+00,1.52294e-26,9.99999e-01,9.99999e-01,1.64422e-17,3.42305e-10,9.64798e-01,5.39028e-01
1.867983665e+00,4.13495e-27,9.99999e-01,9.99999e-01,3.17977e-18,8.10821e-11,9.65481e-01,5.66293e-01
1.877323583e+00,5.04071e-91,9.99999e-01,9.99999e-01,1.04809e-87,9.33642e-05,9.66151e-01,6.05244e-01
1.886710201e+00,1.02580e-117,9.99999e-01,9.99999e-01,4.76290e-115,1.97757e-04,9.66808e-01,6.44900e-01
1.896143752e+00,8.23498e-134,9.99999e-01,9.99999e-01,2.66946e-131,7.30999e-04,9.67453e-01,6.50741e-01
1.905624471e+00,2.32899e-157,9.99999e-01,9.99999e-01,3.22056e-152,1.74243e-06,9.68086e-01,6.76220e-01
1.915152593e+00,3.96002e-124,9.99999e-01,9.99999e-01,4.75938e-118,6.94748e-08,9.68706e-01,7.56106e-01
1.924728356e+00,6.62978e-148,9.99999e-01,9.99999e-01,3.27206e-141,8.60600e-09,9.69314e-01,8.53771e-01
1.934351998e+00,0.00000e+00,9.99999e-01,9.99999e-01,0.00000e+00,1.89126e-09,9.69911e-01,9.27134e-01
1.944023758e+00,0.00000e+00,9.99999e-01,9.99999e-01,0.00000e+00,5.05568e-06,9.70497e-01,9.73853e-01
1.953743877e+00,0.00000e+00,9.99999e-01,9.99999e-01,0.00000e+00,2.20208e-05,9.71071e-01,9.88977e-01
1.963512596e+00,0.00000e+00,9.99999e-01,9.99999e-01,0.00000e+00,6.91290e-04,9.71634e-01,9.94414e-01
1.973330159e+00,0.00000e+00,9.99999e-01,9.99999e-01,0.00000e+00,3.96361e-03,9.72187e-01,9.97074e-01
1.983196810e+00,0.00000e+00,9.99999e-01,9.99999e-01,0.00000e+00,5.91795e-02,9.72728e-01,9.98394e-01
1.993112794e+00,0.00000e+00,9.99999e-01,9.99999e-01,0.00000e+00,1.08791e-01,9.73260e-01,9.99124e-01
2.003078358e+00,0.00000e+00,9.99999e-01,9.99999e-01,0.00000e+00,2.48306e-01,9.73781e-01,9.99507e-01
2.013093750e+00,0.00000e+00,9.99999e-01,9.99999e-01,0.00000e+00,4.04297e-01,9.74292e-01,9.99705e-01
2.023159218e+00,0.00000e+00,9.99999e-01,9.99999e-01,0.00000e+00,5.91560e-01,9.74794e-01,9.99793e-01
2.033275015e+00,0.00000e+00,9.99999e-01,9.99999e-01,0.00000e+00,6.68434e-01,9.75285e-01,9.99832e-01
2.043441390e+00,0.00000e+00,9.99999e-01,9.99999e-01,0.00000e+00,7.78529e-01,9.75767e-01,9.99823e-01
2.053658597e+00,0.00000e+00,9.99998e-01,9.99999e-01,0.00000e+00,8.15576e-01,9.76240e-01,9.99757e-01
2.063926890e+00,0.00000e+00,9.99997e-01,9.99999e-01,0.00000e+00,8.71561e-01,9.76704e-01,9.99627e-01
2.074246524e+00,0.00000e+00,9.99996e-01,9.99999e-01,0.00000e+00,8.87929e-01,9.77159e-01,9.99403e-01
2.084617757e+00,0.00000e+00,9.99994e-01,9.99999e-01,0.00000e+00,9.25286e-01,9.77605e-01,9.99056e-01
2.095040845e+00,0.00000e+00,9.99991e-01,9.99999e-01,0.00000e+00,9.40558e-01,9.78042e-01,9.98593e-01
2.105516050e+00,0.00000e+00,9.99990e-01,9.99999e-01,0.00000e+00,9.48833e-01,9.78471e-01,9.98035e-01
2.116043630e+00,0.00000e+00,9.99990e-01,9.99999e-01,0.00000e+00,9.51038e-01,9.78892e-01,9.97579e-01
2.126623848e+00,0.00000e+00,9.99992e-01,9.99999e-01,0.00000e+00,9.69909e-01,9.79305e-01,9.97284e-01
2.137256967e+00,0.00000e+00,9.99993e-01,9.99999e-01,0.00000e+00,9.71349e-01,9.79709e-01,9.96978e-01
2.147943252e+00,5.43472e-323,9.99996e-01,9.99999e-01,5.92879e-323,9.72416e-01,9.80106e-01,9.96355e-01
2.158682968e+00,4.43505e-194,9.99978e-01,9.99999e-01,4.63554e-194,9.74747e-01,9.80495e-01,9.95777e-01
2.169476383e+00,2.27058e-94,9.99992e-01,9.99999e-01,2.36919e-94,9.73130e-01,9.80877e-01,9.96786e-01
2.180323765e+00,5.15799e-59,9.99995e-01,9.99999e-01,5.37848e-59,9.69290e-01,9.81251e-01,9.97604e-01
2.191225384e+00,3.85137e-30,9.99995e-01,9.99999e-01,4.01149e-30,9.62650e-01,9.81618e-01,9.97994e-01
2.202181511e+00,1.06562e-19,9.99996e-01,9.99999e-01,1.11783e-19,9.53819e-01,9.81977e-01,9.98456e-01
2.213192418e+00,1.26247e-10,9.99996e-01,9.99999e-01,1.31893e-10,9.53421e-01,9.82330e-01,9.98928e-01
2.224258381e+00,5.16767e-07,9.99997e-01,9.99999e-01,5.44082e-07,9.45121e-01,9.82676e-01,9.99314e-01
2.235379672e+00,5.31479e-05,9.99997e-01,9.99999e-01,5.61115e-05,9.53200e-01,9.83015e-01,9.99589e-01
2.246556571e+00,1.20398e-03,9.99998e-01,9.99999e-01,1.30289e-03,9.18555e-01,9.83348e-01,9.99739e-01
2.257789354e+00,1.43287e-02,9.99998e-01,9.99999e-01,1.54493e-02,9.36678e-01,9.83674e-01,9.99811e-01
2.269078300e+00,2.00502e-02,9.99999e-01,9.99999e-01,2.37540e-02,8.50938e-01,9.83994e-01,9.99843e-01
2.280423692e+00,2.46552e-02,9.99999e-01,9.99999e-01,2.83057e-02,8.74978e-01,9.84308e-01,9.99837e-01
2.291825810e+00,7.22378e-02,9.99999e-01,9.99999e-01,9.41685e-02,7.69078e-01,9.84615e-01,9.99810e-01
2.303284939e+00,1.21392e-01,9.99999e-01,9.99999e-01,1.54695e-01,7.90720e-01,9.84917e-01,9.99742e-01
2.314801364e+00,1.26751e-01,9.99999e-01,9.99999e-01,1.89836e-01,6.69244e-01,9.85213e-01,9.99636e-01
2.326375371e+00,2.17576e-01,9.99999e-01,9.99999e-01,3.31121e-01,6.58389e-01,9.85503e-01,9.99515e-01
2.338007248e+00,1.86763e-01,9.99999e-01,9.99999e-01,2.99585e-01,6.22478e-01,9.85787e-01,9.99339e-01
2.349697284e+00,1.61520e-01,9.99999e-01,9.99999e-01,3.52092e-01,4.49722e-01,9.86066e-01,9.99105e-01
2.361445770e+00,2.22210e-01,9.99999e-01,9.99999e-01,4.32550e-01,5.16055e-01,9.86339e-01,9.98764e-01
2.373252999e+00,1.97272e-01,9.99999e-01,9.99999e-01,4.69455e-01,4.12293e-01,9.86607e-01,9.98298e-01
2.385119264e+00,1.61911e-01,9.99999e-01,9.99999e-01,7.18234e-01,2.20634e-01,9.86870e-01,9.97715e-01
2.397044861e+00,3.32189e-01,9.99999e-01,9.99999e-01,8.71823e-01,3.84454e-01,9.87127e-01,9.96576e-01
2.409030085e+00,1.38113e-01,9.99999e-01,9.99999e-01,7.88369e-01,1.75275e-01,9.87380e-01,9.95023e-01
2.421075235e+00,1.40831e-01,9.99999e-01,9.99999e-01,6.59159e-01,1.96988e-01,9.87628e-01,9.93019e-01
2.433180612e+00,1.81975e-02,9.99999e-01,9.99999e-01,1.20700e-01,9.62268e-02,9.87871e-01,9.90350e-01
2.445346515e+00,1.17697e-02,9.99999e-01,9.99999e-01,3.60235e-01,2.48188e-02,9.88109e-01,9.86574e-01
2.457573247e+00,2.39017e-04,9.99999e-01,9.99999e-01,7.74637e-03,9.82363e-03,9.88342e-01,9.80374e-01
2.469861113e+00,5.08990e-15,9.99999e-01,9.99999e-01,1.10247e-12,2.79549e-04,9.88571e-01,9.71450e-01
2.482210419e+00,8.89456e-62,9.99999e-01,9.99999e-01,1.23479e-55,1.06350e-07,9.88796e-01,9.58859e-01
2.494621471e+00,2.05931e-95,9.99999e-01,9.99999e-01,1.22132e-86,5.89481e-11,9.89016e-01,9.40363e-01
2.507094578e+00,6.42774e-102,9.99999e-01,9.99999e-01,2.96916e-84,1.01363e-19,9.89231e-01,9.07809e-01
2.519630051e+00,1.60662e-139,9.99999e-01,9.99999e-01,9.67113e-112,5.94830e-30,9.89443e-01,8.46905e-01
2.532228202e+00,5.99111e-189,9.99999e-01,9.99999e-01,1.01106e-150,2.82229e-40,9.89650e-01,7.38231e-01
2.544889343e+00,4.62928e-199,9.99999e-01,9.99999e-01,2.02030e-148,1.31089e-52,9.89854e-01,5.45212e-01
2.557613789e+00,4.93789e-274,9.99999e-01,9.99999e-01,7.28902e-223,7.01131e-53,9.90053e-01,3.06076e-01
2.570401858e+00,0.00000e+00,9.99999e-01,9.99999e-01,0.00000e+00,2.04760e-87,9.90249e-01,1.08926e-01
2.583253867e+00,0.00000e+00,9.99999e-01,9.99999e-01,0.00000e+00,4.03135e-74,9.90440e-01,2.98065e-02
2.596170137e+00,0.00000e+00,9.99999e-01,9.99999e-01,0.00000e+00,5.09279e-63,9.90628e-01,1.19624e-02
2.609150988e+00,0.00000e+00,9.99999e-01,9.99999e-01,0.00000e+00,2.06375e-44,9.90813e-01,6.26517e-03
2.622196742e+00,0.00000e+00,9.99999e-01,9.99999e-01,0.00000e+00,2.37068e-37,9.90993e-01,5.62608e-03
2.635307726e+00,0.00000e+00,9.99999e-01,9.99999e-01,0.00000e+00,2.93981e-17,9.91170e-01,7.89017e-03
2.648484265e+00,0.00000e+00,9.99999e-01,9.99999e-01,0.00000e+00,1.03325e-20,9.91344e-01,8.77798e-03
2.661726686e+00,0.00000e+00,9.99999e-01,9.99999e-01,0.00000e+00,3.11974e-36,9.91514e-01,8.15779e-03
2.675035320e+00,0.00000e+00,9.99999e-01,9.99999e-01,0.00000e+00,9.88033e-131,9.91681e-01,8.50776e-03
2.688410496e+00,0.00000e+00,9.99999e-01,9.99999e-01,0.00000e+00,9.87668e-64,9.91845e-01,1.09558e-02
2.701852549e+00,0.00000e+00,9.99999e-01,9.99999e-01,0.00000e+00,1.03823e-55,9.92005e-01,1.26276e-02
2.715361811e+00,0.00000e+00,9.99999e-01,9.99999e-01,0.00000e+00,2.90491e-55,9.92162e-01,1.46386e-02
2.728938620e+00,0.00000e+00,9.99999e-01,9.99999e-01,0.00000e+00,1.86365e-39,9.92317e-01,2.21824e-02
2.742583314e+00,0.00000e+00,9.99999e-01,9.99999e-01,0.00000e+00,3.38773e-42,9.92468e-01,4.77689e-02
2.756296230e+00,0.00000e+00,9.99999e-01,9.99999e-01,0.00000e+00,8.81227e-44,9.92616e-01,1.17925e-01
2.770077711e+00,0.00000e+00,9.99999e-01,9.99999e-01,0.00000e+00,7.18934e-60,9.92761e-01,2.51751e-01
2.783928100e+00,0.00000e+00,9.99999e-01,9.99999e-01,0.00000e+00,8.34983e-60,9.92904e-01,3.82040e-01
2.797847740e+00,0.00000e+00,9.99999e-01,9.99999e-01,0.00000e+00,1.42244e-45,9.93043e-01,5.24645e-01
2.811836979e+00,0.00000e+00,9.99999e-01,9.99999e-01,0.00000e+00,1.52480e-48,9.93180e-01,6.72953e-01
2.825896164e+00,0.00000e+00,9.99999e-01,9.99999e-01,0.00000e+00,5.19255e-42,9.93315e-01,7.74490e-01
2.840025645e+00,0.00000e+00,9.99999e-01,9.99999e-01,0.00000e+00,2.76927e-32,9.93446e-01,8.31862e-01
2.854225773e+00,0.00000e+00,9.99999e-01,9.99999e-01,0.00000e+00,2.17069e-28,9.93575e-01,8.70031e-01
2.868496902e+00,0.00000e+00,9.99999e-01,9.99999e-01,0.00000e+00,8.27820e-27,9.93702e-01,9.10834e-01
2.882839386e+00,0.00000e+00,9.99999e-01,9.99999e-01,0.00000e+00,1.98951e-21,9.93826e-01,9.38965e-01
2.897253583e+00,0.00000e+00,9.99999e-01,9.99999e-01,0.00000e+00,2.86012e-18,9.93947e-01,9.54404e-01
2.911739851e+00,0.00000e+00,9.99999e-01,9.99999e-01,0.00000e+00,1.57490e-12,9.94066e-01,9.64535e-01
2.926298550e+00,0.00000e+00,9.99999e-01,9.99999e-01,0.00000e+00,3.03944e-09,9.94183e-01,9.73727e-01
2.940930043e+00,0.00000e+00,9.99999e-01,9.99999e-01,0.00000e+00,5.12236e-09,9.94298e-01,9.78895e-01
2.955634693e+00,0.00000e+00,9.99999e-01,9.99999e-01,0.00000e+00,8.58425e-09,9.94410e-01,9.81093e-01
2.970412867e+00,0.00000e+00,9.99999e-01,9.99999e-01,0.00000e+00,3.57166e-08,9.94520e-01,9.83436e-01
2.985264931e+00,0.00000e+00,9.99999e-01,9.99999e-01,0.00000e+00,3.25295e-06,9.94628e-01,9.84470e-01
3.000191256e+00,0.00000e+00,9.99999e-01,9.99999e-01,0.00000e+00,1.63703e-05,9.94734e-01,9.84077e-01
3.015192212e+00,0.00000e+00,9.99999e-01,9.99999e-01,0.00000e+00,9.94264e-05,9.94838e-01,9.81787e-01
3.030268173e+00,0.00000e+00,9.99999e-01,9.99999e-01,0.00000e+00,4.49474e-04,9.94939e-01,9.77832e-01
3.045419514e+00,9.98894e-224,9.99999e-01,9.99999e-01,1.57438e-220,7.76154e-05,9.95039e-01,9.74473e-01
3.060646612e+00,3.47277e-103,9.99999e-01,9.99999e-01,3.97407e-101,3.07833e-03,9.95137e-01,9.69393e-01
3.075949845e+00,3.79420e-83,9.99999e-01,9.99999e-01,2.67984e-80,3.84675e-03,9.95233e-01,1.32363e-01
3.091329594e+00,6.05387e-80,9.99999e-01,9.99999e-01,3.43897e-76,2.96516e-03,9.95327e-01,7.98584e-03
3.106786242e+00,6.30902e-83,9.99999e-01,9.99999e-01,1.21429e-75,9.70204e-03,9.95419e-01,2.20644e-06
3.122320173e+00,1.47619e-69,9.99999e-01,9.99999e-01,1.15746e-52,1.82503e-02,9.95509e-01,2.57643e-16
3.137931774e+00,2.10153e-60,9.99999e-01,9.99999e-01,1.06272e-51,2.13528e-02,9.95597e-01,4.64930e-08
3.153621433e+00,5.09009e-56,9.99999e-01,9.99999e-01,1.93978e-53,7.89663e-02,9.95684e-01,1.19718e-02
3.169389540e+00,5.54625e-80,9.99999e-01,9.99999e-01,1.47365e-71,9.82305e-02,9.95769e-01,1.71595e-08
3.185236488e+00,4.50379e-71,9.99999e-01,9.99999e-01,1.45600e-57,6.14453e-02,9.95853e-01,2.02076e-13
3.201162670e+00,6.67177e-70,9.99999e-01,9.99999e-01,5.47975e-46,3.69842e-03,9.95934e-01,6.16267e-23
3.217168483e+00,1.35661e-77,9.99999e-01,9.99999e-01,4.48082e-44,1.71617e-02,9.96014e-01,9.32205e-33
3.233254326e+00,6.86259e-87,9.99999e-01,9.99999e-01,1.95393e-37,6.35988e-02,9.96093e-01,2.52651e-49
3.249420598e+00,3.98113e-102,9.99999e-01,9.99999e-01,1.26477e-21,1.52968e-01,9.96170e-01,1.12002e-80
3.265667701e+00,4.00329e-148,9.99999e-01,9.99999e-01,1.42512e-18,6.15726e-02,9.96245e-01,2.04567e-129
3.281996039e+00,1.06497e-216,9.99999e-01,9.99999e-01,4.32559e-14,1.08276e-01,9.96319e-01,1.44300e-202
3.298406019e+00,2.52152e-304,9.99999e-01,9.99999e-01,5.53540e-12,2.56420e-02,9.96392e-01,8.18541e-292
3.314898049e+00,0.00000e+00,9.99999e-01,9.99999e-01,1.25458e-11,2.09791e-02,9.96463e-01,0.00000e+00
3.331472540e+00,0.00000e+00,9.99999e-01,9.99999e-01,3.66338e-11,4.89722e-02,9.96533e-01,0.00000e+00
3.348129902e+00,2.52671e-251,9.99999e-01,9.99999e-01,6.35778e-09,4.03263e-02,9.96601e-01,5.60844e-242
3.364870552e+00,2.71115e-173,9.99999e-01,9.99999e-01,1.61909e-08,7.46867e-02,9.96668e-01,1.74311e-164
3.381694905e+00,7.22157e-109,9.99999e-01,9.99999e-01,1.77236e-07,1.00022e-01,9.96734e-01,1.90642e-101
3.398603379e+00,1.57618e-66,9.99999e-01,9.99999e-01,9.32880e-06,1.84614e-01,9.96798e-01,7.45172e-61
3.415596396e+00,8.43143e-41,9.99999e-01,9.99999e-01,1.97148e-05,2.89059e-01,9.96861e-01,1.30904e-35
3.432674378e+00,9.03661e-28,9.99999e-01,9.99999e-01,2.32226e-06,3.11287e-01,9.96923e-01,9.94426e-22
3.449837750e+00,2.76843e-18,9.99999e-01,9.99999e-01,1.29777e-08,4.49069e-01,9.96984e-01,3.74016e-10
3.467086939e+00,1.16751e-16,9.99999e-01,9.99999e-01,8.16586e-15,5.76252e-01,9.97043e-01,2.17734e-02
3.484422373e+00,2.81187e-20,9.99999e-01,9.99999e-01,7.21864e-20,5.95322e-01,9.97102e-01,5.38557e-01
3.501844485e+00,3.73840e-29,9.99999e-01,9.99999e-01,2.38726e-28,7.41863e-01,9.97159e-01,1.95387e-01
3.519353708e+00,3.27103e-34,9.99999e-01,9.99999e-01,3.84457e-34,7.79417e-01,9.97215e-01,9.98231e-01
3.536950476e+00,3.32588e-42,9.99999e-01,9.99999e-01,3.99887e-42,7.97898e-01,9.97270e-01,9.96778e-01
3.554635228e+00,1.63846e-41,9.99999e-01,9.99999e-01,1.84144e-41,8.70627e-01,9.97324e-01,9.93022e-01
3.572408405e+00,4.21649e-34,9.99999e-01,9.99999e-01,4.68293e-34,8.74694e-01,9.97376e-01,9.88546e-01
3.590270447e+00,3.80637e-32,9.99999e-01,9.99999e-01,4.08635e-32,9.11061e-01,9.97428e-01,9.92992e-01
3.608221799e+00,6.15038e-23,9.99999e-01,9.99999e-01,6.52627e-23,9.30243e-01,9.97479e-01,9.95652e-01
3.626262908e+00,3.11811e-13,9.99999e-01,9.99999e-01,3.24306e-13,9.40128e-01,9.97529e-01,9.97740e-01
3.644394222e+00,1.77914e-10,9.99999e-01,9.99999e-01,1.84489e-10,9.63671e-01,9.97577e-01,9.97568e-01
3.662616193e+00,1.42051e-05,9.99999e-01,9.99999e-01,1.48419e-05,9.40289e-01,9.97625e-01,9.95821e-01
3.680929274e+00,4.73241e-03,9.99999e-01,9.99999e-01,5.16133e-03,9.05380e-01,9.97672e-01,9.89502e-01
3.699333921e+00,7.60012e-02,9.99999e-01,9.99999e-01,8.11614e-02,9.54535e-01,9.97718e-01,9.80071e-01
3.717830590e+00,4.05234e-02,9.99999e-01,9.99999e-01,4.34575e-02,9.64244e-01,9.97763e-01,9.63718e-01
3.736419743e+00,5.77109e-04,9.99999e-01,9.99999e-01,6.31423e-04,9.58360e-01,9.97807e-01,9.45834e-01
3.755101842e+00,1.58891e-11,9.99998e-01,9.99999e-01,1.73033e-11,9.55319e-01,9.97850e-01,9.49532e-01
3.773877351e+00,6.98015e-26,9.99997e-01,9.99999e-01,7.46351e-26,9.63013e-01,9.97893e-01,9.64534e-01
3.792746738e+00,7.21967e-65,9.99996e-01,9.99999e-01,7.64205e-65,9.55585e-01,9.97934e-01,9.75560e-01
3.811710472e+00,2.08273e-42,9.99993e-01,9.99999e-01,2.20199e-42,9.45684e-01,9.97975e-01,9.76801e-01
3.830769024e+00,3.49820e-42,9.99990e-01,9.99999e-01,3.73179e-42,9.41476e-01,9.98015e-01,9.74569e-01
3.849922869e+00,3.76447e-58,9.99982e-01,9.99999e-01,4.07802e-58,9.15307e-01,9.98054e-01,9.69582e-01
3.869172484e+00,3.01169e-36,9.99975e-01,9.99999e-01,3.31326e-36,9.02808e-01,9.98092e-01,9.58686e-01
3.888518346e+00,8.90756e-16,9.99957e-01,9.99999e-01,9.87719e-16,9.44386e-01,9.98130e-01,9.43400e-01
3.907960938e+00,2.98090e-12,9.99948e-01,9.99999e-01,3.39780e-12,9.37969e-01,9.98167e-01,9.24015e-01
3.927500742e+00,1.44676e-12,9.99911e-01,9.99999e-01,1.78026e-12,6.72697e-01,9.98203e-01,9.04183e-01
3.947138246e+00,2.40356e-18,9.99876e-01,9.99999e-01,3.25540e-18,7.79186e-01,9.98239e-01,8.89851e-01
3.966873937e+00,1.20513e-27,9.99859e-01,9.99999e-01,1.57270e-27,5.36207e-01,9.98273e-01,8.69143e-01
3.986708307e+00,9.79946e-43,9.99771e-01,9.99999e-01,1.24657e-42,8.95277e-01,9.98307e-01,8.37016e-01
4.006641849e+00,1.53111e-77,9.99699e-01,9.99999e-01,1.97064e-77,9.61103e-01,9.98341e-01,7.97658e-01
4.026675058e+00,0.00000e+00,9.99752e-01,9.99999e-01,0.00000e+00,9.55083e-01,9.98373e-01,7.54350e-01
4.046808433e+00,0.00000e+00,9.99740e-01,9.99999e-01,0.00000e+00,9.45723e-01,9.98406e-01,7.09986e-01
4.067042475e+00,0.00000e+00,9.99631e-01,9.99999e-01,0.00000e+00,9.37817e-01,9.98437e-01,6.68193e-01
4.087377688e+00,0.00000e+00,9.99567e-01,9.99999e-01,0.00000e+00,9.33410e-01,9.98468e-01,6.31282e-01
4.107814576e+00,0.00000e+00,9.99494e-01,9.99999e-01,0.00000e+00,9.09134e-01,9.98498e-01,6.02635e-01
4.128353649e+00,0.00000e+00,9.99490e-01,9.99999e-01,0.00000e+00,8.60877e-01,9.98528e-01,5.84421e-01
4.148995417e+00,0.00000e+00,9.99645e-01,9.99999e-01,0.00000e+00,8.29746e-01,9.98557e-01,5.76119e-01
4.169740394e+00,0.00000e+00,9.99673e-01,9.99999e-01,0.00000e+00,7.42768e-01,9.98585e-01,5.77681e-01
4.190589096e+00,0.00000e+00,9.99697e-01,9.99999e-01,0.00000e+00,6.96878e-01,9.98613e-01,5.85385e-01
4.211542042e+00,0.00000e+00,9.99719e-01,9.99999e-01,0.00000e+00,5.66125e-01,9.98640e-01,5.87456e-01
4.232599752e+00,0.00000e+00,9.99828e-01,9.99999e-01,0.00000e+00,5.33013e-01,9.98667e-01,5.74919e-01
4.253762751e+00,0.00000e+00,9.99880e-01,9.99999e-01,0.00000e+00,4.51544e-01,9.98694e-01,5.37398e-01
4.275031564e+00,0.00000e+00,9.99801e-01,9.99999e-01,0.00000e+00,3.33390e-01,9.98719e-01,4.73244e-01
4.296406722e+00,0.00000e+00,9.98088e-01,9.99999e-01,0.00000e+00,2.38432e-01,9.98745e-01,4.54395e-01
4.317888756e+00,0.00000e+00,9.99626e-01,9.99999e-01,0.00000e+00,2.84709e-01,9.98769e-01,5.07108e-01
4.339478200e+00,0.00000e+00,9.99778e-01,9.99999e-01,0.00000e+00,2.06078e-01,9.98794e-01,5.87947e-01
4.361175591e+00,0.00000e+00,9.99819e-01,9.99999e-01,0.00000e+00,1.60990e-01,9.98817e-01,6.41175e-01
4.382981469e+00,0.00000e+00,9.99809e-01,9.99999e-01,0.00000e+00,1.61868e-01,9.98841e-01,6.69618e-01
4.404896376e+00,0.00000e+00,9.99733e-01,9.99999e-01,0.00000e+00,1.52556e-01,9.98864e-01,6.86393e-01
4.426920858e+00,0.00000e+00,9.99730e-01,9.99999e-01,0.00000e+00,8.05858e-02,9.98886e-01,7.00989e-01
4.449055462e+00,0.00000e+00,9.99813e-01,9.99999e-01,0.00000e+00,1.55262e-01,9.98908e-01,7.17759e-01
4.471300739e+00,0.00000e+00,9.99804e-01,9.99999e-01,0.00000e+00,9.22353e-02,9.98930e-01,7.38490e-01
4.493657243e+00,0.00000e+00,9.99830e-01,9.99999e-01,0.00000e+00,1.50298e-01,9.98951e-01,7.62826e-01
4.516125529e+00,0.00000e+00,9.99839e-01,9.99999e-01,0.00000e+00,5.74537e-02,9.98971e-01,7.89402e-01
4.538706157e+00,0.00000e+00,9.99809e-01,9.99999e-01,0.00000e+00,1.15334e-01,9.98992e-01,8.17467e-01
4.561399688e+00,0.00000e+00,9.99865e-01,9.99999e-01,0.00000e+00,1.02765e-01,9.99011e-01,8.45147e-01
4.584206686e+00,0.00000e+00,9.99894e-01,9.99999e-01,0.00000e+00,1.58270e-01,9.99031e-01,8.71187e-01
4.607127720e+00,0.00000e+00,9.99896e-01,9.99999e-01,0.00000e+00,9.32131e-02,9.99050e-01,8.94568e-01
4.630163358e+00,0.00000e+00,9.99934e-01,9.99999e-01,0.00000e+00,2.33697e-02,9.99069e-01,9.15102e-01
4.653314175e+00,0.00000e+00,9.99938e-01,9.99999e-01,0.00000e+00,1.94792e-02,9.99087e-01,9.32211e-01
4.676580746e+00,0.00000e+00,9.99940e-01,9.99999e-01,0.00000e+00,3.44225e-03,9.99105e-01,9.46064e-01
4.699963650e+00,0.00000e+00,9.99967e-01,9.99999e-01,0.00000e+00,1.49509e-02,9.99123e-01,9.57068e-01
4.723463468e+00,0.00000e+00,9.99961e-01,9.99999e-01,0.00000e+00,3.07327e-03,9.99140e-01,9.65635e-01
4.747080785e+00,0.00000e+00,9.99979e-01,9.99999e-01,0.00000e+00,2.76002e-02,9.99157e-01,9.72001e-01
4.770816189e+00,0.00000e+00,9.99981e-01,9.99999e-01,0.00000e+00,4.54105e-03,9.99174e-01,9.76716e-01
4.794670270e+00,0.00000e+00,9.99980e-01,9.99999e-01,0.00000e+00,1.05089e-03,9.99190e-01,9.80209e-01
4.818643622e+00,0.00000e+00,9.99990e-01,9.99999e-01,0.00000e+00,7.23458e-04,9.99206e-01,9.82647e-01
4.842736840e+00,0.00000e+00,9.99991e-01,9.99999e-01,0.00000e+00,2.06212e-04,9.99222e-01,9.84013e-01
4.866950524e+00,0.00000e+00,9.99994e-01,9.99999e-01,0.00000e+00,2.25735e-03,9.99237e-01,9.84440e-01
4.891285276e+00,0.00000e+00,9.99995e-01,9.99999e-01,0.00000e+00,6.84583e-05,9.99252e-01,9.83949e-01
4.915741703e+00,0.00000e+00,9.99996e-01,9.99999e-01,0.00000e+00,4.19537e-04,9.99267e-01,9.83144e-01
4.940320411e+00,0.00000e+00,9.99997e-01,9.99999e-01,0.00000e+00,3.53238e-05,9.99281e-01,9.81227e-01
4.965022013e+00,0.00000e+00,9.99997e-01,9.99999e-01,0.00000e+00,3.30212e-06,9.99295e-01,9.78830e-01
4.989847123e+00,0.00000e+00,9.99998e-01,9.99999e-01,0.00000e+00,2.14649e-05,9.99309e-01,9.76434e-01
5.014796359e+00,0.00000e+00,9.99998e-01,9.99999e-01,0.00000e+00,1.04093e-08,9.99323e-01,9.72905e-01
5.039870341e+00,0.00000e+00,9.99999e-01,9.99999e-01,0.00000e+00,1.84608e-06,9.99336e-01,9.68685e-01
5.065069693e+00,0.00000e+00,9.99999e-01,9.99999e-01,0.00000e+00,2.86151e-06,9.99349e-01,9.62019e-01
5.090395041e+00,0.00000e+00,9.99999e-01,9.99999e-01,0.00000e+00,9.22266e-09,9.99362e-01,9.55095e-01
5.115847016e+00,0.00000e+00,9.99999e-01,9.99999e-01,0.00000e+00,2.94112e-09,9.99375e-01,9.45938e-01
5.141426251e+00,0.00000e+00,9.99999e-01,9.99999e-01,0.00000e+00,7.64055e-12,9.99387e-01,9.33494e-01
5.167133383e+00,0.00000e+00,9.99999e-01,9.99999e-01,0.00000e+00,3.54619e-13,9.99399e-01,9.21570e-01
5.192969049e+00,0.00000e+00,9.99999e-01,9.99999e-01,0.00000e+00,3.71837e-13,9.99411e-01,9.07779e-01
5.218933895e+00,0.00000e+00,9.99999e-01,9.99999e-01,0.00000e+00,2.64347e-20,9.99423e-01,8.89866e-01
5.245028564e+00,0.00000e+00,9.99999e-01,9.99999e-01,0.00000e+00,1.91771e-15,9.99434e-01,8.66900e-01
5.271253707e+00,0.00000e+00,9.99999e-01,9.99999e-01,0.00000e+00,1.99737e-16,9.99445e-01,8.36767e-01
5.297609976e+00,0.00000e+00,9.99999e-01,9.99999e-01,0.00000e+00,2.64332e-19,9.99456e-01,8.02011e-01
5.324098025e+00,0.00000e+00,9.99999e-01,9.99999e-01,0.00000e+00,8.68286e-20,9.99467e-01,7.61672e-01
5.350718516e+00,0.00000e+00,9.99999e-01,9.99999e-01,0.00000e+00,5.31198e-24,9.99477e-01,7.09334e-01
5.377472108e+00,0.00000e+00,9.99999e-01,9.99999e-01,0.00000e+00,9.36683e-25,9.99488e-01,6.62055e-01
5.404359469e+00,0.00000e+00,9.99999e-01,9.99999e-01,0.00000e+00,9.57576e-25,9.99498e-01,6.11255e-01
5.431381266e+00,0.00000e+00,9.99999e-01,9.99999e-01,0.00000e+00,4.50206e-45,9.99508e-01,5.67771e-01
5.458538172e+00,0.00000e+00,9.99999e-01,9.99999e-01,0.00000e+00,3.45293e-45,9.99517e-01,5.14955e-01
5.485830863e+00,0.00000e+00,9.99999e-01,9.99999e-01,1.57693e-283,4.23803e-48,9.99527e-01,4.51483e-01
5.513260018e+00,4.45852e-258,9.99999e-01,9.99999e-01,9.89455e-209,8.51143e-51,9.99536e-01,3.92516e-01
5.540826318e+00,2.92881e-190,9.99999e-01,9.99999e-01,1.33419e-138,2.07413e-53,9.99545e-01,3.31655e-01
5.568530449e+00,2.29029e-186,9.99999e-01,9.99999e-01,7.13064e-105,3.69572e-83,9.99554e-01,2.66734e-01
5.596373101e+00,1.94801e-155,9.99999e-01,9.99999e-01,1.39433e-77,1.96122e-79,9.99563e-01,2.14799e-01
5.624354967e+00,4.84749e-139,9.99999e-01,9.99999e-01,1.65412e-68,1.12747e-71,9.99572e-01,1.69114e-01
5.652476742e+00,4.25105e-135,9.99999e-01,9.99999e-01,3.35582e-58,3.10958e-78,9.99580e-01,1.28752e-01
5.680739126e+00,1.69634e-141,9.99999e-01,9.99999e-01,2.30138e-52,3.93495e-90,9.99588e-01,9.43987e-02
5.709142821e+00,1.88521e-147,9.99999e-01,9.99999e-01,1.49407e-49,3.53498e-98,9.99596e-01,6.73882e-02
5.737688535e+00,5.51680e-146,9.99999e-01,9.99999e-01,5.37798e-51,4.03331e-95,9.99604e-01,4.38887e-02
5.766376978e+00,6.96870e-117,9.99999e-01,9.99999e-01,5.08737e-45,1.55997e-72,9.99612e-01,2.64792e-02
5.795208863e+00,6.13024e-99,9.99999e-01,9.99999e-01,6.86605e-33,4.04337e-66,9.99620e-01,1.46076e-02
5.824184907e+00,7.32914e-105,9.99999e-01,9.99999e-01,8.03768e-24,1.76316e-80,9.99627e-01,7.61956e-03
5.853305832e+00,5.45086e-104,9.99999e-01,9.99999e-01,2.96819e-24,4.33845e-79,9.99635e-01,4.01566e-03
5.882572361e+00,6.05098e-126,9.99999e-01,9.99999e-01,2.60410e-28,3.33513e-97,9.99642e-01,2.17237e-03
5.911985223e+00,6.46219e-119,9.99999e-01,9.99999e-01,1.48087e-24,2.89092e-93,9.99649e-01,1.15192e-03
5.941545149e+00,2.41163e-110,9.99999e-01,9.99999e-01,3.05309e-13,4.18053e-96,9.99656e-01,5.98017e-04
5.971252874e+00,4.57706e-93,9.99999e-01,9.99999e-01,2.42651e-08,5.62546e-83,9.99663e-01,3.15999e-04
6.001109139e+00,1.44269e-65,9.99999e-01,9.99999e-01,1.18732e-06,4.53647e-56,9.99669e-01,1.68756e-04
6.031114685e+00,1.12315e-71,9.99999e-01,9.99999e-01,2.01810e-07,9.49654e-62,9.99676e-01,9.08118e-05
6.061270258e+00,1.64635e-73,9.99999e-01,9.99999e-01,7.95428e-10,2.00883e-61,9.99682e-01,4.20474e-05
6.091576609e+00,9.97434e-69,9.99999e-01,9.99999e-01,1.33600e-13,4.94621e-52,9.99688e-01,1.53032e-05
6.122034492e+00,5.93011e-54,9.99999e-01,9.99999e-01,1.60520e-17,3.36660e-33,9.99695e-01,4.42471e-06
6.152644665e+00,1.55811e-61,9.99999e-01,9.99999e-01,1.32927e-23,7.76552e-34,9.99701e-01,8.26896e-07
6.183407888e+00,4.88101e-55,9.99999e-01,9.99999e-01,2.98213e-27,7.84090e-23,9.99706e-01,7.92884e-08
6.214324928e+00,1.92403e-51,9.99999e-01,9.99999e-01,7.07448e-29,1.48642e-15,9.99712e-01,3.00407e-09
6.245396552e+00,3.96731e-42,9.99999e-01,9.99999e-01,2.88656e-22,7.63995e-11,9.99718e-01,3.36823e-11
6.276623535e+00,2.34514e-43,9.99999e-01,9.99999e-01,4.15589e-20,2.50033e-11,9.99723e-01,8.40042e-14
6.308006653e+00,4.04991e-47,9.99999e-01,9.99999e-01,3.18049e-21,3.43630e-11,9.99729e-01,3.46802e-17
6.339546686e+00,2.33697e-70,9.99999e-01,9.99999e-01,2.67443e-28,1.82833e-23,9.99734e-01,1.67574e-21
6.371244419e+00,8.72886e-106,9.99999e-01,9.99999e-01,4.44262e-32,9.59765e-50,9.99739e-01,6.34924e-27
6.403100641e+00,9.30067e-124,9.99999e-01,9.99999e-01,1.72520e-23,5.83076e-70,9.99745e-01,3.65477e-33
6.435116145e+00,3.27219e-202,9.99999e-01,9.99999e-01,3.14597e-11,2.99989e-153,9.99750e-01,1.06137e-40
6.467291725e+00,5.83675e-212,9.99999e-01,9.99999e-01,4.26343e-06,3.86256e-154,9.99755e-01,2.74408e-54
6.499628184e+00,7.18603e-245,9.99999e-01,9.99999e-01,3.55772e-03,5.78895e-176,9.99759e-01,5.44911e-68
6.532126325e+00,4.59725e-239,9.99999e-01,9.99999e-01,3.63180e-02,2.54554e-155,9.99764e-01,2.61948e-83
6.564786956e+00,1.43211e-292,9.99999e-01,9.99999e-01,9.65494e-02,1.01846e-186,9.99769e-01,1.00979e-105
6.597610891e+00,0.00000e+00,9.99999e-01,9.99999e-01,1.46102e-01,9.34192e-252,9.99773e-01,2.49756e-128
6.630598946e+00,0.00000e+00,9.99999e-01,9.99999e-01,1.86936e-01,1.64452e-165,9.99778e-01,2.25774e-160
6.663751940e+00,0.00000e+00,9.99999e-01,9.99999e-01,1.86485e-01,3.92990e-154,9.99782e-01,2.80119e-194
6.697070700e+00,0.00000e+00,9.99999e-01,9.99999e-01,1.17256e-01,6.08121e-122,9.99786e-01,5.69379e-238
6.730556054e+00,0.00000e+00,9.99999e-01,9.99999e-01,4.97268e-02,1.37679e-83,9.99791e-01,9.27597e-284
6.764208834e+00,0.00000e+00,9.99999e-01,9.99999e-01,1.03129e-02,1.18601e-83,9.99795e-01,0.00000e+00
6.798029878e+00,0.00000e+00,9.99999e-01,9.99999e-01,1.04026e-03,1.73451e-102,9.99799e-01,0.00000e+00
6.832020027e+00,0.00000e+00,9.99999e-01,9.99999e-01,2.74713e-05,1.57609e-102,9.99803e-01,0.00000e+00
6.866180128e+00,0.00000e+00,9.99999e-01,9.99999e-01,1.03385e-07,8.26787e-118,9.99807e-01,0.00000e+00
6.900511028e+00,0.00000e+00,9.99999e-01,9.99999e-01,6.64370e-11,1.37458e-67,9.99810e-01,0.00000e+00
6.935013583e+00,0.00000e+00,9.99999e-01,9.99999e-01,1.41474e-17,1.89617e-67,9.99814e-01,0.00000e+00
6.969688651e+00,0.00000e+00,9.99999e-01,9.99999e-01,9.23706e-25,8.44045e-85,9.99818e-01,0.00000e+00
7.004537095e+00,0.00000e+00,9.99999e-01,9.99999e-01,9.28387e-39,1.49212e-83,9.99821e-01,0.00000e+00
7.039559780e+00,0.00000e+00,9.99999e-01,9.99999e-01,7.26442e-50,9.83686e-91,9.99825e-01,0.00000e+00
7.074757579e+00,0.00000e+00,9.99999e-01,9.99999e-01,2.30233e-68,2.43496e-71,9.99828e-01,0.00000e+00
7.110131367e+00,0.00000e+00,9.99999e-01,9.99999e-01,1.49983e-79,1.01467e-70,9.99832e-01,0.00000e+00
7.145682024e+00,0.00000e+00,9.99999e-01,9.99999e-01,6.72532e-95,2.86153e-79,9.99835e-01,0.00000e+00
7.181410434e+00,0.00000e+00,9.99999e-01,9.99999e-01,1.53086e-103,1.42407e-100,9.99838e-01,0.00000e+00
7.217317486e+00,0.00000e+00,9.99999e-01,9.99999e-01,1.11532e-108,2.15533e-74,9.99841e-01,0.00000e+00
7.253404073e+00,0.00000e+00,9.99999e-01,9.99999e-01,2.85269e-107,1.52584e-74,9.99844e-01,0.00000e+00
7.289671094e+00,0.00000e+00,9.99999e-01,9.99999e-01,3.48584e-85,2.37115e-65,9.99848e-01,0.00000e+00
7.326119449e+00,0.00000e+00,9.99999e-01,9.99999e-01,2.54992e-80,3.61949e-65,9.99851e-01,0.00000e+00
7.362750046e+00,0.00000e+00,9.99999e-01,9.99999e-01,2.08071e-87,1.03208e-47,9.99853e-01,0.00000e+00
7.399563797e+00,0.00000e+00,9.99999e-01,9.99999e-01,8.89024e-87,5.67895e-39,9.99856e-01,0.00000e+00
7.436561616e+00,0.00000e+00,9.99999e-01,9.99999e-01,2.23272e-72,1.38089e-42,9.99859e-01,0.00000e+00
7.473744424e+00,0.00000e+00,9.99999e-01,9.99999e-01,7.46629e-48,3.59206e-40,9.99862e-01,0.00000e+00
7.511113146e+00,0.00000e+00,9.99999e-01,9.99999e-01,8.71315e-34,1.27361e-34,9.99865e-01,0.00000e+00
7.548668712e+00,0.00000e+00,9.99999e-01,9.99999e-01,7.14534e-21,1.93797e-36,9.99867e-01,0.00000e+00
7.586412055e+00,0.00000e+00,9.99999e-01,9.99999e-01,2.32495e-17,4.39197e-65,9.99870e-01,0.00000e+00
7.624344115e+00,0.00000e+00,9.99999e-01,9.99999e-01,6.64191e-17,2.16522e-32,9.99872e-01,0.00000e+00
7.662465836e+00,0.00000e+00,9.99999e-01,9.99999e-01,1.62630e-19,4.35685e-20,9.99875e-01,0.00000e+00
7.700778165e+00,0.00000e+00,9.99999e-01,9.99999e-01,4.39342e-26,1.99928e-20,9.99877e-01,0.00000e+00
7.739282056e+00,0.00000e+00,9.99999e-01,9.99999e-01,1.12962e-42,6.52045e-33,9.99880e-01,0.00000e+00
7.777978466e+00,0.00000e+00,9.99999e-01,9.99999e-01,6.65713e-57,1.14131e-22,9.99882e-01,0.00000e+00
7.816868359e+00,0.00000e+00,9.99999e-01,9.99999e-01,1.31383e-76,1.09888e-18,9.99884e-01,0.00000e+00
7.855952700e+00,0.00000e+00,9.99999e-01,9.99999e-01,2.26894e-78,3.35581e-19,9.99887e-01,0.00000e+00
7.895232464e+00,0.00000e+00,9.99999e-01,9.99999e-01,5.50704e-66,3.95945e-19,9.99889e-01,0.00000e+00
7.934708626e+00,0.00000e+00,9.99999e-01,9.99999e-01,1.03608e-60,4.55095e-12,9.99891e-01,0.00000e+00
7.974382169e+00,0.00000e+00,9.99999e-01,9.99999e-01,7.38074e-67,6.89705e-09,9.99893e-01,0.00000e+00
8.014254080e+00,0.00000e+00,9.99999e-01,9.99999e-01,1.27192e-80,1.22972e-09,9.99895e-01,0.00000e+00
8.054325351e+00,0.00000e+00,9.99999e-01,9.99999e-01,2.12128e-82,3.63908e-09,9.99897e-01,0.00000e+00
8.094596977e+00,0.00000e+00,9.99999e-01,9.99999e-01,5.80427e-79,3.53962e-07,9.99899e-01,0.00000e+00
8.135069962e+00,0.00000e+00,9.99999e-01,9.99999e-01,1.65463e-71,4.13795e-07,9.99901e-01,0.00000e+00
8.175745312e+00,0.00000e+00,9.99999e-01,9.99999e-01,2.37795e-59,6.02119e-08,9.99903e-01,0.00000e+00
8.216624039e+00,0.00000e+00,9.99999e-01,9.99999e-01,2.38181e-51,5.55152e-06,9.99905e-01,5.48713e-271
8.257707159e+00,2.93827e-254,9.99999e-01,9.99999e-01,7.85773e-41,8.59060e-05,9.99907e-01,2.11589e-211
8.298995695e+00,9.29894e-201,9.99999e-01,9.99999e-01,6.68523e-37,1.05288e-03,9.99909e-01,7.44457e-162
8.340490673e+00,5.18109e-159,9.99999e-01,9.99999e-01,3.98355e-34,2.01899e-04,9.99911e-01,1.82763e-122
8.382193126e+00,7.06620e-126,9.99999e-01,9.99999e-01,8.96978e-32,2.78943e-03,9.99912e-01,1.53541e-92
8.424104092e+00,1.27657e-97,9.99999e-01,9.99999e-01,8.15388e-26,6.39688e-04,9.99914e-01,2.87982e-70
8.466224613e+00,1.49678e-75,9.99999e-01,9.99999e-01,2.80227e-20,2.00780e-03,9.99916e-01,1.56977e-53
8.508555736e+00,8.11405e-52,9.99999e-01,9.99999e-01,3.12553e-12,7.83387e-04,9.99917e-01,1.65193e-38
8.551098514e+00,2.61747e-38,9.99999e-01,9.99999e-01,7.29901e-09,2.20735e-02,9.99919e-01,8.86483e-29
8.593854007e+00,2.01974e-31,9.99999e-01,9.99999e-01,1.83159e-08,8.81906e-02,9.99921e-01,9.85809e-23
8.636823277e+00,1.60911e-27,9.99999e-01,9.99999e-01,7.38871e-10,1.10529e-01,9.99922e-01,1.66643e-17
8.680007393e+00,3.35125e-25,9.99999e-01,9.99999e-01,3.38809e-11,2.93538e-02,9.99924e-01,1.83701e-13
8.723407430e+00,9.59826e-23,9.99999e-01,9.99999e-01,6.05671e-12,5.94399e-02,9.99925e-01,2.35183e-10
8.767024467e+00,1.55949e-22,9.99999e-01,9.99999e-01,7.04156e-14,3.57230e-02,9.99927e-01,3.73527e-08
8.810859590e+00,1.41812e-50,9.99999e-01,9.99999e-01,4.14589e-44,4.63962e-02,9.99928e-01,1.85995e-06
8.854913888e+00,1.53358e-155,9.99999e-01,9.99999e-01,1.32783e-150,2.47589e-01,9.99929e-01,3.92347e-05
8.899188457e+00,0.00000e+00,9.99999e-01,9.99999e-01,0.00000e+00,1.99410e-01,9.99931e-01,4.05376e-04
8.943684399e+00,0.00000e+00,9.99999e-01,9.99999e-01,0.00000e+00,1.24109e-01,9.99932e-01,2.84894e-03
8.988402821e+00,0.00000e+00,9.99999e-01,9.99999e-01,0.00000e+00,1.07307e-01,9.99933e-01,1.11454e-02
9.033344836e+00,0.00000e+00,9.99999e-01,9.99999e-01,0.00000e+00,6.71809e-02,9.99935e-01,3.15231e-02
9.078511560e+00,0.00000e+00,9.99999e-01,9.99999e-01,0.00000e+00,1.29273e-01,9.99936e-01,7.05295e-02
9.123904118e+00,0.00000e+00,9.99999e-01,9.99999e-01,0.00000e+00,2.35130e-01,9.99937e-01,1.30325e-01
9.169523638e+00,0.00000e+00,9.99999e-01,9.99999e-01,0.00000e+00,1.71334e-01,9.99939e-01,2.09589e-01
9.215371256e+00,0.00000e+00,9.99999e-01,9.99999e-01,0.00000e+00,3.88897e-01,9.99940e-01,3.00959e-01
9.261448113e+00,0.00000e+00,9.99999e-01,9.99999e-01,0.00000e+00,3.56384e-01,9.99941e-01,3.98210e-01
9.307755353e+00,0.00000e+00,9.99999e-01,9.99999e-01,0.00000e+00,2.20866e-01,9.99942e-01,4.84801e-01
9.354294130e+00,0.00000e+00,9.99999e-01,9.99999e-01,0.00000e+00,1.63139e-01,9.99943e-01,5.73265e-01
9.401065601e+00,0.00000e+00,9.99999e-01,9.99999e-01,0.00000e+00,6.51804e-02,9.99944e-01,6.52644e-01
9.448070929e+00,0.00000e+00,9.99999e-01,9.99999e-01,0.00000e+00,1.15836e-01,9.99945e-01,7.14886e-01
9.495311283e+00,0.00000e+00,9.99999e-01,9.99999e-01,0.00000e+00,3.30057e-01,9.99946e-01,7.67981e-01
9.542787840e+00,0.00000e+00,9.99999e-01,9.99999e-01,0.00000e+00,4.39738e-01,9.99947e-01,8.16356e-01
9.590501779e+00,0.00000e+00,9.99999e-01,9.99999e-01,0.00000e+00,2.60636e-01,9.99948e-01,8.55843e-01
9.638454288e+00,0.00000e+00,9.99999e-01,9.99999e-01,0.00000e+00,2.69121e-01,9.99949e-01,8.84714e-01
9.686646559e+00,0.00000e+00,9.99999e-01,9.99999e-01,0.00000e+00,2.88616e-01,9.99950e-01,9.08102e-01
9.735079792e+00,0.00000e+00,9.99999e-01,9.99999e-01,0.00000e+00,4.01675e-01,9.99951e-01,9.26910e-01
9.783755191e+00,0.00000e+00,9.99999e-01,9.99999e-01,0.00000e+00,3.22727e-01,9.99952e-01,9.41965e-01
9.832673967e+00,0.00000e+00,9.99999e-01,9.99999e-01,0.00000e+00,8.55370e-02,9.99953e-01,9.53972e-01
9.881837337e+00,0.00000e+00,9.99999e-01,9.99999e-01,0.00000e+00,1.97331e-02,9.99954e-01,9.64312e-01
9.931246523e+00,0.00000e+00,9.99999e-01,9.99999e-01,0.00000e+00,1.91803e-01,9.99955e-01,9.72393e-01
9.980902756e+00,0.00000e+00,9.99999e-01,9.99999e-01,0.00000e+00,3.35624e-01,9.99956e-01,9.99462e-01
1.003080727e+01,0.00000e+00,9.99999e-01,9.99999e-01,0.00000e+00,3.37617e-01,9.99957e-01,9.99436e-01
1.008096131e+01,0.00000e+00,9.99999e-01,9.99999e-01,0.00000e+00,3.88588e-01,9.99958e-01,9.99410e-01
1.013136611e+01,0.00000e+00,9.99999e-01,9.99999e-01,0.00000e+00,4.85579e-01,9.99958e-01,9.99381e-01
1.018202294e+01,0.00000e+00,9.99999e-01,9.99999e-01,0.00000e+00,5.24813e-01,9.99959e-01,9.99352e-01
1.023293306e+01,0.00000e+00,9.99999e-01,9.99999e-01,0.00000e+00,3.20989e-01,9.99960e-01,9.99319e-01
1.028409772e+01,0.00000e+00,9.99999e-01,9.99999e-01,0.00000e+00,1.33108e-01,9.99961e-01,9.99285e-01
1.033551821e+01,0.00000e+00,9.99999e-01,9.99999e-01,0.00000e+00,1.09483e-01,9.99962e-01,9.99249e-01
1.038719580e+01,0.00000e+00,9.99999e-01,9.99999e-01,0.00000e+00,3.19433e-02,9.99962e-01,9.99211e-01
1.043913178e+01,0.00000e+00,9.99999e-01,9.99999e-01,0.00000e+00,3.64555e-02,9.99963e-01,9.99170e-01
1.049132744e+01,0.00000e+00,9.99999e-01,9.99999e-01,0.00000e+00,1.36804e-01,9.99964e-01,9.99127e-01
1.054378408e+01,0.00000e+00,9.99999e-01,9.99999e-01,0.00000e+00,2.17581e-01,9.99964e-01,9.99081e-01
1.059650300e+01,0.00000e+00,9.99999e-01,9.99999e-01,0.00000e+00,2.00877e-01,9.99965e-01,9.99033e-01
1.064948551e+01,0.00000e+00,9.99999e-01,9.99999e-01,0.00000e+00,1.69257e-01,9.99966e-01,9.98983e-01
1.070273294e+01,0.00000e+00,9.99999e-01,9.99999e-01,0.00000e+00,8.14819e-02,9.99966e-01,9.98929e-01
1.075624661e+01,0.00000e+00,9.99999e-01,9.99999e-01,0.00000e+00,9.36741e-02,9.99967e-01,9.98874e-01
1.081002784e+01,0.00000e+00,9.99999e-01,9.99999e-01,0.00000e+00,9.90643e-02,9.99968e-01,9.98816e-01
1.086407798e+01,0.00000e+00,9.99999e-01,9.99999e-01,0.00000e+00,2.17327e-02,9.99968e-01,9.98758e-01
1.091839837e+01,0.00000e+00,9.99999e-01,9.99999e-01,0.00000e+00,4.42265e-03,9.99969e-01,9.98690e-01
1.097299036e+01,0.00000e+00,9.99999e-01,9.99999e-01,0.00000e+00,2.10101e-04,9.99969e-01,9.98623e-01
1.102785531e+01,0.00000e+00,9.99999e-01,9.99999e-01,0.00000e+00,8.72789e-05,9.99970e-01,9.98550e-01
1.108299459e+01,0.00000e+00,9.99999e-01,9.99999e-01,0.00000e+00,1.11640e-02,9.99971e-01,9.98475e-01
1.113840956e+01,0.00000e+00,9.99999e-01,9.99999e-01,0.00000e+00,7.72910e-02,9.99971e-01,9.98396e-01
1.119410161e+01,0.00000e+00,9.99999e-01,9.99999e-01,0.00000e+00,1.33198e-01,9.99972e-01,9.98314e-01
1.125007212e+01,0.00000e+00,9.99999e-01,9.99999e-01,0.00000e+00,6.38863e-02,9.99972e-01,9.98227e-01
1.130632248e+01,0.00000e+00,9.99999e-01,9.99999e-01,0.00000e+00,4.74583e-02,9.99973e-01,9.98132e-01
1.136285409e+01,0.00000e+00,9.99999e-01,9.99999e-01,0.00000e+00,9.97741e-02,9.99973e-01,9.98037e-01
1.141966836e+01,0.00000e+00,9.99999e-01,9.99999e-01,0.00000e+00,1.22117e-01,9.99974e-01,9.97936e-01
1.147676670e+01,0.00000e+00,9.99999e-01,9.99999e-01,0.00000e+00,7.70593e-02,9.99974e-01,9.97835e-01
1.153415054e+01,0.00000e+00,9.99999e-01,9.99999e-01,0.00000e+00,1.33760e-02,9.99975e-01,9.97725e-01
1.159182129e+01,0.00000e+00,9.99999e-01,9.99999e-01,0.00000e+00,3.45032e-03,9.99975e-01,9.97613e-01
1.164978039e+01,0.00000e+00,9.99999e-01,9.99999e-01,0.00000e+00,1.50335e-04,9.99976e-01,9.97494e-01
1.170802930e+01,0.00000e+00,9.99999e-01,9.99999e-01,0.00000e+00,1.51340e-05,9.99976e-01,9.97368e-01
1.176656944e+01,0.00000e+00,9.99999e-01,9.99999e-01,0.00000e+00,1.08504e-03,9.99977e-01,9.97238e-01
1.182540229e+01,0.00000e+00,9.99999e-01,9.99999e-01,0.00000e+00,1.13000e-02,9.99977e-01,9.97093e-01
1.188452930e+01,0.00000e+00,9.99999e-01,9.99999e-01,0.00000e+00,1.16609e-02,9.99978e-01,9.96946e-01
1.194395195e+01,0.00000e+00,9.99999e-01,9.99999e-01,0.00000e+00,2.10915e-02,9.99978e-01,9.96781e-01
1.200367171e+01,0.00000e+00,9.99999e-01,9.99999e-01,0.00000e+00,4.74771e-02,9.99978e-01,9.96610e-01
1.206369007e+01,0.00000e+00,9.99999e-01,9.99999e-01,0.00000e+00,1.49676e-02,9.99979e-01,9.96431e-01
1.212400852e+01,0.00000e+00,9.99999e-01,9.99999e-01,0.00000e+00,4.41338e-02,9.99979e-01,9.96239e-01
1.218462856e+01,0.00000e+00,9.99999e-01,9.99999e-01,0.00000e+00,4.16286e-02,9.99980e-01,9.96046e-01
1.224555170e+01,0.00000e+00,9.99999e-01,9.99999e-01,0.00000e+00,2.32402e-03,9.99980e-01,9.95850e-01
1.230677946e+01,0.00000e+00,9.99999e-01,9.99999e-01,0.00000e+00,3.76636e-04,9.99980e-01,9.95654e-01
1.236831336e+01,0.00000e+00,9.99999e-01,9.99999e-01,0.00000e+00,1.31545e-05,9.99981e-01,9.95449e-01
1.243015492e+01,0.00000e+00,9.99999e-01,9.99999e-01,0.00000e+00,5.45820e-08,9.99981e-01,9.95233e-01
1.249230570e+01,0.00000e+00,9.99999e-01,9.99999e-01,0.00000e+00,1.27275e-07,9.99981e-01,9.95015e-01
1.255476723e+01,0.00000e+00,9.99999e-01,9.99999e-01,0.00000e+00,1.08395e-06,9.99982e-01,9.94782e-01
1.261754106e+01,0.00000e+00,9.99999e-01,9.99999e-01,0.00000e+00,6.88115e-04,9.99982e-01,9.94546e-01
1.268062877e+01,0.00000e+00,9.99999e-01,9.99999e-01,0.00000e+00,4.60225e-03,9.99982e-01,9.94294e-01
1.274403191e+01,0.00000e+00,9.99999e-01,9.99999e-01,0.00000e+00,2.52102e-03,9.99983e-01,9.94020e-01
1.280775207e+01,0.00000e+00,9.99999e-01,9.99999e-01,0.00000e+00,8.68387e-03,9.99983e-01,9.93744e-01
1.287179083e+01,0.00000e+00,9.99999e-01,9.99999e-01,0.00000e+00,1.91466e-03,9.99983e-01,9.93444e-01
1.293614979e+01,0.00000e+00,9.99999e-01,9.99999e-01,0.00000e+00,3.76180e-03,9.99984e-01,9.93138e-01
1.300083054e+01,0.00000e+00,9.99999e-01,9.99999e-01,0.00000e+00,1.40047e-04,9.99984e-01,9.92827e-01
1.306583469e+01,0.00000e+00,9.99999e-01,9.99999e-01,0.00000e+00,1.03472e-04,9.99984e-01,9.92504e-01
1.313116386e+01,0.00000e+00,9.99999e-01,9.99999e-01,0.00000e+00,5.73780e-05,9.99985e-01,9.92180e-01
1.319681968e+01,0.00000e+00,9.99999e-01,9.99999e-01,0.00000e+00,2.36635e-05,9.99985e-01,9.91828e-01
1.326280378e+01,0.00000e+00,9.99999e-01,9.99999e-01,0.00000e+00,3.05799e-08,9.99985e-01,9.91462e-01
1.332911780e+01,0.00000e+00,9.99999e-01,9.99999e-01,0.00000e+00,3.43003e-08,9.99985e-01,9.91093e-01
1.339576339e+01,0.00000e+00,9.99999e-01,9.99999e-01,0.00000e+00,8.34231e-09,9.99986e-01,9.83312e-01
1.346274221e+01,0.00000e+00,9.99999e-01,9.99999e-01,0.00000e+00,1.11110e-12,9.99986e-01,9.82123e-01
1.353005592e+01,0.00000e+00,9.99999e-01,9.99999e-01,0.00000e+00,6.58816e-07,9.99986e-01,9.80823e-01
1.359770620e+01,0.00000e+00,9.99999e-01,9.99999e-01,0.00000e+00,2.77461e-06,9.99986e-01,9.79495e-01
1.366569473e+01,0.00000e+00,9.99999e-01,9.99999e-01,0.00000e+00,2.01859e-06,9.99987e-01,9.78093e-01
1.373402320e+01,0.00000e+00,9.99999e-01,9.99999e-01,0.00000e+00,8.58205e-05,9.99987e-01,9.76460e-01
1.380269332e+01,0.00000e+00,9.99999e-01,9.99999e-01,0.00000e+00,2.04860e-04,9.99987e-01,9.74867e-01
1.387170678e+01,0.00000e+00,9.99999e-01,9.99999e-01,0.00000e+00,1.09207e-05,9.99987e-01,9.73176e-01
1.394106532e+01,0.00000e+00,9.99999e-01,9.99999e-01,0.00000e+00,1.96731e-06,9.99988e-01,9.71391e-01
1.401077064e+01,0.00000e+00,9.99999e-01,9.99999e-01,0.00000e+00,1.04446e-07,9.99988e-01,9.69492e-01
1.408082450e+01,0.00000e+00,9.99999e-01,9.99999e-01,0.00000e+00,1.18340e-07,9.99988e-01,9.67480e-01
1.415122862e+01,0.00000e+00,9.99999e-01,9.99999e-01,0.00000e+00,7.35327e-11,9.99988e-01,9.65302e-01
1.422198476e+01,0.00000e+00,9.99999e-01,9.99999e-01,0.00000e+00,2.63138e-14,9.99989e-01,9.62995e-01
1.429309469e+01,0.00000e+00,9.99999e-01,9.99999e-01,0.00000e+00,1.40748e-13,9.99989e-01,9.60509e-01
1.436456016e+01,0.00000e+00,9.99999e-01,9.99999e-01,0.00000e+00,7.14372e-17,9.99989e-01,9.57790e-01
1.443638296e+01,0.00000e+00,9.99999e-01,9.99999e-01,0.00000e+00,3.59448e-19,9.99989e-01,9.54889e-01
1.450856487e+01,0.00000e+00,9.99999e-01,9.99999e-01,0.00000e+00,1.39299e-13,9.99989e-01,9.51786e-01
1.458110770e+01,0.00000e+00,9.99999e-01,9.99999e-01,0.00000e+00,9.58292e-10,9.99990e-01,9.48435e-01
1.465401324e+01,0.00000e+00,9.99999e-01,9.99999e-01,0.00000e+00,1.09520e-08,9.99990e-01,9.44873e-01
1.472728330e+01,0.00000e+00,9.99999e-01,9.99999e-01,0.00000e+00,1.28067e-08,9.99990e-01,9.41488e-01
1.480091972e+01,0.00000e+00,9.99999e-01,9.99999e-01,0.00000e+00,4.90316e-10,9.99990e-01,9.37391e-01
1.487492432e+01,0.00000e+00,9.99999e-01,9.99999e-01,0.00000e+00,2.90825e-16,9.99990e-01,9.33031e-01
1.494929894e+01,0.00000e+00,9.99999e-01,9.99999e-01,0.00000e+00,3.67218e-13,9.99990e-01,9.28312e-01
1.502404544e+01,0.00000e+00,9.99999e-01,9.99999e-01,0.00000e+00,9.19809e-11,9.99991e-01,9.23218e-01
1.509916566e+01,0.00000e+00,9.99999e-01,9.99999e-01,0.00000e+00,2.67039e-10,9.99991e-01,9.18428e-01
1.517466149e+01,0.00000e+00,9.99999e-01,9.99999e-01,0.00000e+00,1.69449e-11,9.99991e-01,9.13345e-01
1.525053480e+01,0.00000e+00,9.99999e-01,9.99999e-01,0.00000e+00,3.56717e-10,9.99991e-01,9.07151e-01
1.532678747e+01,0.00000e+00,9.99999e-01,9.99999e-01,0.00000e+00,2.68439e-12,9.99991e-01,9.00572e-01
1.540342141e+01,0.00000e+00,9.99999e-01,9.99999e-01,0.00000e+00,4.81296e-15,9.99991e-01,8.88580e-01
1.548043852e+01,0.00000e+00,9.99999e-01,9.99999e-01,0.00000e+00,9.73630e-17,9.99992e-01,8.81632e-01
1.555784071e+01,0.00000e+00,9.99999e-01,9.99999e-01,0.00000e+00,2.96463e-21,9.99992e-01,8.73512e-01
1.563562991e+01,0.00000e+00,9.99999e-01,9.99999e-01,0.00000e+00,8.06251e-31,9.99992e-01,8.64874e-01
1.571380806e+01,0.00000e+00,9.99999e-01,9.99999e-01,0.00000e+00,2.26051e-31,9.99992e-01,8.56775e-01
1.579237710e+01,0.00000e+00,9.99999e-01,9.99999e-01,0.00000e+00,4.95078e-23,9.99992e-01,8.48231e-01
1.587133899e+01,0.00000e+00,9.99999e-01,9.99999e-01,0.00000e+00,1.14330e-19,9.99992e-01,8.39212e-01
1.595069568e+01,0.00000e+00,9.99999e-01,9.99999e-01,0.00000e+00,7.81438e-22,9.99992e-01,8.29442e-01
1.603044916e+01,0.00000e+00,9.99999e-01,9.99999e-01,0.00000e+00,1.98557e-29,9.99993e-01,8.17666e-01
1.611060141e+01,0.00000e+00,9.99999e-01,9.99999e-01,0.00000e+00,1.03412e-28,9.99993e-01,8.05208e-01
1.619115441e+01,0.00000e+00,9.99999e-01,9.99999e-01,0.00000e+00,1.25949e-27,9.99993e-01,7.93617e-01
1.627211019e+01,0.00000e+00,9.99999e-01,9.99999e-01,0.00000e+00,4.38424e-31,9.99993e-01,7.81451e-01
1.635347074e+01,0.00000e+00,9.99999e-01,9.99999e-01,0.00000e+00,2.37157e-28,9.99993e-01,7.68685e-01
1.643523809e+01,0.00000e+00,9.99999e-01,9.99999e-01,0.00000e+00,7.00873e-29,9.99993e-01,7.55250e-01
1.651741428e+01,0.00000e+00,9.99999e-01,9.99999e-01,0.00000e+00,5.15328e-31,9.99993e-01,7.41142e-01
1.660000135e+01,0.00000e+00,9.99999e-01,9.99999e-01,0.00000e+00,6.98777e-39,9.99993e-01,7.26433e-01
1.668300136e+01,0.00000e+00,9.99999e-01,9.99999e-01,0.00000e+00,7.17215e-40,9.99993e-01,7.11003e-01
1.676641637e+01,0.00000e+00,9.99999e-01,9.99999e-01,0.00000e+00,4.29319e-35,9.99994e-01,6.94934e-01
1.685024845e+01,0.00000e+00,9.99999e-01,9.99999e-01,0.00000e+00,2.91740e-36,9.99994e-01,6.78158e-01
1.693449969e+01,0.00000e+00,9.99999e-01,9.99999e-01,0.00000e+00,9.91125e-45,9.99994e-01,6.60686e-01
1.701917219e+01,0.00000e+00,9.99999e-01,9.99999e-01,0.00000e+00,4.59245e-48,9.99994e-01,6.42415e-01
1.710426805e+01,0.00000e+00,9.99999e-01,9.99999e-01,0.00000e+00,1.71181e-61,9.99994e-01,6.23435e-01
1.718978939e+01,0.00000e+00,9.99999e-01,9.99999e-01,0.00000e+00,5.44708e-67,9.99994e-01,6.06846e-01
1.727573834e+01,0.00000e+00,9.99999e-01,9.99999e-01,0.00000e+00,1.70758e-68,9.99994e-01,5.89632e-01
1.736211703e+01,0.00000e+00,9.99999e-01,9.99999e-01,0.00000e+00,1.88000e-73,9.99994e-01,5.68594e-01
1.744892761e+01,0.00000e+00,9.99999e-01,9.99999e-01,0.00000e+00,3.23035e-63,9.99994e-01,5.46873e-01
1.753617225e+01,0.00000e+00,9.99999e-01,9.99999e-01,0.00000e+00,9.80840e-51,9.99994e-01,5.24585e-01
1.762385311e+01,0.00000e+00,9.99999e-01,9.99999e-01,0.00000e+00,1.27263e-49,9.99995e-01,5.01726e-01
1.771197238e+01,0.00000e+00,9.99999e-01,9.99999e-01,0.00000e+00,4.00227e-53,9.99995e-01,4.78346e-01
1.780053224e+01,0.00000e+00,9.99999e-01,9.99999e-01,0.00000e+00,2.20069e-57,9.99995e-01,4.58313e-01
1.788953490e+01,0.00000e+00,9.99999e-01,9.99999e-01,0.00000e+00,2.81566e-62,9.99995e-01,4.37854e-01
1.797898258e+01,0.00000e+00,9.99999e-01,9.99999e-01,0.00000e+00,7.06266e-71,9.99995e-01,4.13160e-01
1.806887749e+01,0.00000e+00,9.99999e-01,9.99999e-01,0.00000e+00,1.52394e-72,9.99995e-01,3.88277e-01
1.815922188e+01,0.00000e+00,9.99999e-01,9.99999e-01,0.00000e+00,1.94072e-96,9.99995e-01,3.67250e-01
1.825001799e+01,0.00000e+00,9.99999e-01,9.99999e-01,0.00000e+00,2.25957e-72,9.99995e-01,3.46191e-01
1.834126808e+01,0.00000e+00,9.99999e-01,9.99999e-01,0.00000e+00,8.48743e-70,9.99995e-01,3.21313e-01
1.843297442e+01,0.00000e+00,9.99999e-01,9.99999e-01,0.00000e+00,2.05981e-70,9.99995e-01,2.96657e-01
1.852513929e+01,0.00000e+00,9.99999e-01,9.99999e-01,0.00000e+00,3.02102e-94,9.99995e-01,2.76204e-01
1.861776499e+01,0.00000e+00,9.99999e-01,9.99999e-01,0.00000e+00,5.07501e-114,9.99995e-01,2.55992e-01
1.871085381e+01,0.00000e+00,9.99999e-01,9.99999e-01,0.00000e+00,9.30896e-90,9.99996e-01,2.32528e-01
1.880440808e+01,0.00000e+00,9.99999e-01,9.99999e-01,0.00000e+00,3.78987e-76,9.99996e-01,2.13391e-01
1.889843012e+01,0.00000e+00,9.99999e-01,9.99999e-01,0.00000e+00,5.08877e-78,9.99996e-01,1.94780e-01
1.899292227e+01,0.00000e+00,9.99999e-01,9.99999e-01,0.00000e+00,1.14571e-105,9.99996e-01,1.73531e-01
1.908788688e+01,0.00000e+00,9.99999e-01,9.99999e-01,0.00000e+00,1.46726e-102,9.99996e-01,1.56526e-01
1.918332632e+01,0.00000e+00,9.99999e-01,9.99999e-01,0.00000e+00,4.20649e-103,9.99996e-01,1.40263e-01
1.927924295e+01,0.00000e+00,9.99999e-01,9.99999e-01,0.00000e+00,3.01336e-127,9.99996e-01,1.24898e-01
1.937563916e+01,0.00000e+00,9.99999e-01,9.99999e-01,0.00000e+00,1.16450e-197,9.99996e-01,1.10364e-01
1.947251736e+01,0.00000e+00,9.99999e-01,9.99999e-01,0.00000e+00,1.94891e-201,9.99996e-01,9.68668e-02
1.956987994e+01,0.00000e+00,9.99999e-01,9.99999e-01,0.00000e+00,7.29006e-193,9.99996e-01,8.43272e-02
1.966772934e+01,0.00000e+00,9.99999e-01,9.99999e-01,0.00000e+00,1.24692e-158,9.99996e-01,7.06582e-02
1.976606799e+01,0.00000e+00,9.99999e-01,9.99999e-01,0.00000e+00,1.43112e-155,9.99996e-01,6.03512e-02
1.986489833e+01,0.00000e+00,9.99999e-01,9.99999e-01,0.00000e+00,1.21053e-165,9.99996e-01,5.10390e-02
1.996422282e+01,0.00000e+00,9.99999e-01,9.99999e-01,0.00000e+00,8.23444e-155,9.99996e-01,4.27802e-02
