#,Wave/freq,Total,N2,Rayleigh,CIA
4.000000000e-01,4.78021e-01,9.99999e-01,4.78021e-01,9.99999e-01
4.020000000e-01,4.85049e-01,9.99999e-01,4.85049e-01,9.99999e-01
4.040100000e-01,4.92030e-01,9.99999e-01,4.92030e-01,9.99999e-01
4.060300500e-01,4.98971e-01,9.99999e-01,4.98971e-01,9.99999e-01
4.080602003e-01,5.05871e-01,9.99999e-01,5.05871e-01,9.99999e-01
4.101005013e-01,5.12726e-01,9.99999e-01,5.12726e-01,9.99999e-01
4.121510038e-01,5.19536e-01,9.99999e-01,5.19536e-01,9.99999e-01
4.142117588e-01,5.26300e-01,9.99999e-01,5.26300e-01,9.99999e-01
4.162828176e-01,5.33015e-01,9.99999e-01,5.33015e-01,9.99999e-01
4.183642317e-01,5.39681e-01,9.99999e-01,5.39681e-01,9.99999e-01
4.204560528e-01,5.46296e-01,9.99999e-01,5.46296e-01,9.99999e-01
4.225583331e-01,5.52859e-01,9.99999e-01,5.52859e-01,9.99999e-01
4.246711247e-01,5.59369e-01,9.99999e-01,5.59369e-01,9.99999e-01
4.267944804e-01,5.65825e-01,9.99999e-01,5.65825e-01,9.99999e-01
4.289284528e-01,5.72225e-01,9.99999e-01,5.72225e-01,9.99999e-01
4.310730950e-01,5.78570e-01,9.99999e-01,5.78570e-01,9.99999e-01
4.332284605e-01,5.84857e-01,9.99999e-01,5.84857e-01,9.99999e-01
4.353946028e-01,5.91087e-01,9.99999e-01,5.91087e-01,9.99999e-01
4.375715758e-01,5.97257e-01,9.99999e-01,5.97257e-01,9.99999e-01
4.397594337e-01,6.03369e-01,9.99999e-01,6.03369e-01,9.99999e-01
4.419582309e-01,6.09420e-01,9.99999e-01,6.09420e-01,9.99999e-01
4.441680220e-01,6.15411e-01,9.99999e-01,6.15411e-01,9.99999e-01
4.463888621e-01,6.21341e-01,9.99999e-01,6.21341e-01,9.99999e-01
4.486208064e-01,6.27209e-01,9.99999e-01,6.27209e-01,9.99999e-01
4.508639105e-01,6.33015e-01,9.99999e-01,6.33015e-01,9.99999e-01
4.531182300e-01,6.38758e-01,9.99999e-01,6.38758e-01,9.99999e-01
4.553838212e-01,6.44438e-01,9.99999e-01,6.44438e-01,9.99999e-01
4.576607403e-01,6.50056e-01,9.99999e-01,6.50056e-01,9.99999e-01
4.599490440e-01,6.55609e-01,9.99999e-01,6.55609e-01,9.99999e-01
4.622487892e-01,6.61100e-01,9.99999e-01,6.61100e-01,9.99999e-01
4.645600332e-01,6.66526e-01,9.99999e-01,6.66526e-01,9.99999e-01
4.668828333e-01,6.71888e-01,9.99999e-01,6.71888e-01,9.99999e-01
4.692172475e-01,6.77187e-01,9.99999e-01,6.77187e-01,9.99999e-01
4.715633337e-01,6.82421e-01,9.99999e-01,6.82421e-01,9.99999e-01
4.739211504e-01,6.87591e-01,9.99999e-01,6.87591e-01,9.99999e-01
4.762907561e-01,6.92697e-01,9.99999e-01,6.92697e-01,9.99999e-01
4.786722099e-01,6.97739e-01,9.99999e-01,6.97739e-01,9.99999e-01
4.810655710e-01,7.02717e-01,9.99999e-01,7.02717e-01,9.99999e-01
4.834708988e-01,7.07631e-01,9.99999e-01,7.07631e-01,9.99999e-01
4.858882533e-01,7.12481e-01,9.99999e-01,7.12481e-01,9.99999e-01
4.883176946e-01,7.17268e-01,9.99999e-01,7.17268e-01,9.99999e-01
4.907592831e-01,7.21992e-01,9.99999e-01,7.21992e-01,9.99999e-01
4.932130795e-01,7.26652e-01,9.99999e-01,7.26652e-01,9.99999e-01
4.956791449e-01,7.31250e-01,9.99999e-01,7.31250e-01,9.99999e-01
4.981575406e-01,7.35785e-01,9.99999e-01,7.35785e-01,9.99999e-01
5.006483283e-01,7.40257e-01,9.99999e-01,7.40257e-01,9.99999e-01
5.031515699e-01,7.44668e-01,9.99999e-01,7.44668e-01,9.99999e-01
5.056673278e-01,7.49017e-01,9.99999e-01,7.49017e-01,9.99999e-01
5.081956644e-01,7.53305e-01,9.99999e-01,7.53305e-01,9.99999e-01
5.107366428e-01,7.57532e-01,9.99999e-01,7.57532e-01,9.99999e-01
5.132903260e-01,7.61699e-01,9.99999e-01,7.61699e-01,9.99999e-01
5.158567776e-01,7.65805e-01,9.99999e-01,7.65805e-01,9.99999e-01
5.184360615e-01,7.69852e-01,9.99999e-01,7.69852e-01,9.99999e-01
5.210282418e-01,7.73839e-01,9.99999e-01,7.73839e-01,9.99999e-01
5.236333830e-01,7.77768e-01,9.99999e-01,7.77768e-01,9.99999e-01
5.262515499e-01,7.81639e-01,9.99999e-01,7.81639e-01,9.99999e-01
5.288828077e-01,7.85452e-01,9.99999e-01,7.85452e-01,9.99999e-01
5.315272217e-01,7.89208e-01,9.99999e-01,7.89208e-01,9.99999e-01
5.341848578e-01,7.92907e-01,9.99999e-01,7.92907e-01,9.99999e-01
5.368557821e-01,7.96549e-01,9.99999e-01,7.96549e-01,9.99999e-01
5.395400610e-01,8.00136e-01,9.99999e-01,8.00136e-01,9.99999e-01
5.422377613e-01,8.03668e-01,9.99999e-01,8.03668e-01,9.99999e-01
5.449489501e-01,8.07145e-01,9.99999e-01,8.07145e-01,9.99999e-01
5.476736949e-01,8.10568e-01,9.99999e-01,8.10568e-01,9.99999e-01
5.504120634e-01,8.13938e-01,9.99999e-01,8.13938e-01,9.99999e-01
5.531641237e-01,8.17254e-01,9.99999e-01,8.17254e-01,9.99999e-01
5.559299443e-01,8.20518e-01,9.99999e-01,8.20518e-01,9.99999e-01
5.587095940e-01,8.23731e-01,9.99999e-01,8.23731e-01,9.99999e-01
5.615031420e-01,8.26892e-01,9.99999e-01,8.26892e-01,9.99999e-01
5.643106577e-01,8.30002e-01,9.99999e-01,8.30002e-01,9.99999e-01
5.671322110e-01,8.33063e-01,9.99999e-01,8.33063e-01,9.99999e-01
5.699678720e-01,8.36074e-01,9.99999e-01,8.36074e-01,9.99999e-01
5.728177114e-01,8.39036e-01,9.99999e-01,8.39036e-01,9.99999e-01
5.756818000e-01,8.41949e-01,9.99999e-01,8.41949e-01,9.99999e-01
5.785602090e-01,8.44815e-01,9.99999e-01,8.44815e-01,9.99999e-01
5.814530100e-01,8.47634e-01,9.99999e-01,8.47634e-01,9.99999e-01
5.843602750e-01,8.50406e-01,9.99999e-01,8.50406e-01,9.99999e-01
5.872820764e-01,8.53132e-01,9.99999e-01,8.53132e-01,9.99999e-01
5.902184868e-01,8.55813e-01,9.99999e-01,8.55813e-01,9.99999e-01
5.931695792e-01,8.58449e-01,9.99999e-01,8.58449e-01,9.99999e-01
5.961354271e-01,8.61041e-01,9.99999e-01,8.61041e-01,9.99999e-01
5.991161043e-01,8.63590e-01,9.99999e-01,8.63590e-01,9.99999e-01
6.021116848e-01,8.66095e-01,9.99999e-01,8.66095e-01,9.99999e-01
6.051222432e-01,8.68558e-01,9.99999e-01,8.68558e-01,9.99999e-01
6.081478544e-01,8.70979e-01,9.99999e-01,8.70979e-01,9.99999e-01
6.111885937e-01,8.73358e-01,9.99999e-01,8.73358e-01,9.99999e-01
6.142445367e-01,8.75698e-01,9.99999e-01,8.75698e-01,9.99999e-01
6.173157594e-01,8.77996e-01,9.99999e-01,8.77996e-01,9.99999e-01
6.204023382e-01,8.80256e-01,9.99999e-01,8.80256e-01,9.99999e-01
6.235043498e-01,8.82476e-01,9.99999e-01,8.82476e-01,9.99999e-01
6.266218716e-01,8.84658e-01,9.99999e-01,8.84658e-01,9.99999e-01
6.297549810e-01,8.86802e-01,9.99999e-01,8.86802e-01,9.99999e-01
6.329037559e-01,8.88909e-01,9.99999e-01,8.88909e-01,9.99999e-01
6.360682746e-01,8.90979e-01,9.99999e-01,8.90979e-01,9.99999e-01
6.392486160e-01,8.93013e-01,9.99999e-01,8.93013e-01,9.99999e-01
6.424448591e-01,8.95011e-01,9.99999e-01,8.95011e-01,9.99999e-01
6.456570834e-01,8.96974e-01,9.99999e-01,8.96974e-01,9.99999e-01
6.488853688e-01,8.98903e-01,9.99999e-01,8.98903e-01,9.99999e-01
6.521297956e-01,9.00797e-01,9.99999e-01,9.00797e-01,9.99999e-01
6.553904446e-01,9.02658e-01,9.99999e-01,9.02658e-01,9.99999e-01
6.586673968e-01,9.04486e-01,9.99999e-01,9.04486e-01,9.99999e-01
6.619607338e-01,9.06281e-01,9.99999e-01,9.06281e-01,9.99999e-01
6.652705375e-01,9.08044e-01,9.99999e-01,9.08044e-01,9.99999e-01
6.685968902e-01,9.09776e-01,9.99999e-01,9.09776e-01,9.99999e-01
6.719398746e-01,9.11477e-01,9.99999e-01,9.11477e-01,9.99999e-01
6.752995740e-01,9.13147e-01,9.99999e-01,9.13147e-01,9.99999e-01
6.786760719e-01,9.14787e-01,9.99999e-01,9.14787e-01,9.99999e-01
6.820694522e-01,9.16398e-01,9.99999e-01,9.16398e-01,9.99999e-01
6.854797995e-01,9.17980e-01,9.99999e-01,9.17980e-01,9.99999e-01
6.889071985e-01,9.19533e-01,9.99999e-01,9.19533e-01,9.99999e-01
6.923517345e-01,9.21058e-01,9.99999e-01,9.21058e-01,9.99999e-01
6.958134932e-01,9.22555e-01,9.99999e-01,9.22555e-01,9.99999e-01
6.992925606e-01,9.24025e-01,9.99999e-01,9.24025e-01,9.99999e-01
7.027890234e-01,9.25468e-01,9.99999e-01,9.25468e-01,9.99999e-01
7.063029686e-01,9.26885e-01,9.99999e-01,9.26885e-01,9.99999e-01
7.098344834e-01,9.28276e-01,9.99999e-01,9.28276e-01,9.99999e-01
7.133836558e-01,9.29642e-01,9.99999e-01,9.29642e-01,9.99999e-01
7.169505741e-01,9.30983e-01,9.99999e-01,9.30983e-01,9.99999e-01
7.205353270e-01,9.32299e-01,9.99999e-01,9.32299e-01,9.99999e-01
7.241380036e-01,9.33590e-01,9.99999e-01,9.33590e-01,9.99999e-01
7.277586936e-01,9.34858e-01,9.99999e-01,9.34858e-01,9.99999e-01
7.313974871e-01,9.36103e-01,9.99999e-01,9.36103e-01,9.99999e-01
7.350544745e-01,9.37325e-01,9.99999e-01,9.37325e-01,9.99999e-01
7.387297469e-01,9.38524e-01,9.99999e-01,9.38524e-01,9.99999e-01
7.424233956e-01,9.39701e-01,9.99999e-01,9.39701e-01,9.99999e-01
7.461355126e-01,9.40856e-01,9.99999e-01,9.40856e-01,9.99999e-01
7.498661902e-01,9.41990e-01,9.99999e-01,9.41990e-01,9.99999e-01
7.536155211e-01,9.43102e-01,9.99999e-01,9.43102e-01,9.99999e-01
7.573835987e-01,9.44194e-01,9.99999e-01,9.44194e-01,9.99999e-01
7.611705167e-01,9.45266e-01,9.99999e-01,9.45266e-01,9.99999e-01
7.649763693e-01,9.46317e-01,9.99999e-01,9.46317e-01,9.99999e-01
7.688012511e-01,9.47349e-01,9.99999e-01,9.47349e-01,9.99999e-01
7.726452574e-01,9.48362e-01,9.99999e-01,9.48362e-01,9.99999e-01
7.765084837e-01,9.49355e-01,9.99999e-01,9.49355e-01,9.99999e-01
7.803910261e-01,9.50331e-01,9.99999e-01,9.50331e-01,9.99999e-01
7.842929812e-01,9.51287e-01,9.99999e-01,9.51287e-01,9.99999e-01
7.882144461e-01,9.52226e-01,9.99999e-01,9.52226e-01,9.99999e-01
7.921555184e-01,9.53147e-01,9.99999e-01,9.53147e-01,9.99999e-01
7.961162960e-01,9.54051e-01,9.99999e-01,9.54051e-01,9.99999e-01
8.000968774e-01,9.54938e-01,9.99999e-01,9.54938e-01,9.99999e-01
8.040973618e-01,9.55808e-01,9.99999e-01,9.55808e-01,9.99999e-01
8.081178486e-01,9.56662e-01,9.99999e-01,9.56662e-01,9.99999e-01
8.121584379e-01,9.57499e-01,9.99999e-01,9.57499e-01,9.99999e-01
8.162192301e-01,9.58321e-01,9.99999e-01,9.58321e-01,9.99999e-01
8.203003262e-01,9.59127e-01,9.99999e-01,9.59127e-01,9.99999e-01
8.244018279e-01,9.59918e-01,9.99999e-01,9.59918e-01,9.99999e-01
8.285238370e-01,9.60694e-01,9.99999e-01,9.60694e-01,9.99999e-01
8.326664562e-01,9.61455e-01,9.99999e-01,9.61455e-01,9.99999e-01
8.368297885e-01,9.62202e-01,9.99999e-01,9.62202e-01,9.99999e-01
8.410139374e-01,9.62935e-01,9.99999e-01,9.62935e-01,9.99999e-01
8.452190071e-01,9.63653e-01,9.99999e-01,9.63653e-01,9.99999e-01
8.494451021e-01,9.64358e-01,9.99999e-01,9.64358e-01,9.99999e-01
8.536923276e-01,9.65050e-01,9.99999e-01,9.65050e-01,9.99999e-01
8.579607893e-01,9.65728e-01,9.99999e-01,9.65728e-01,9.99999e-01
8.622505932e-01,9.66394e-01,9.99999e-01,9.66394e-01,9.99999e-01
8.665618462e-01,9.67046e-01,9.99999e-01,9.67046e-01,9.99999e-01
8.708946554e-01,9.67687e-01,9.99999e-01,9.67687e-01,9.99999e-01
8.752491287e-01,9.68315e-01,9.99999e-01,9.68315e-01,9.99999e-01
8.796253743e-01,9.68931e-01,9.99999e-01,9.68931e-01,9.99999e-01
8.840235012e-01,9.69535e-01,9.99999e-01,9.69535e-01,9.99999e-01
8.884436187e-01,9.70127e-01,9.99999e-01,9.70127e-01,9.99999e-01
8.928858368e-01,9.70709e-01,9.99999e-01,9.70709e-01,9.99999e-01
8.973502660e-01,9.71279e-01,9.99999e-01,9.71279e-01,9.99999e-01
9.018370173e-01,9.71838e-01,9.99999e-01,9.71838e-01,9.99999e-01
9.063462024e-01,9.72387e-01,9.99999e-01,9.72387e-01,9.99999e-01
9.108779334e-01,9.72925e-01,9.99999e-01,9.72925e-01,9.99999e-01
9.154323231e-01,9.73452e-01,9.99999e-01,9.73452e-01,9.99999e-01
9.200094847e-01,9.73970e-01,9.99999e-01,9.73970e-01,9.99999e-01
9.246095321e-01,9.74477e-01,9.99999e-01,9.74477e-01,9.99999e-01
9.292325798e-01,9.74975e-01,9.99999e-01,9.74975e-01,9.99999e-01
9.338787427e-01,9.75463e-01,9.99999e-01,9.75463e-01,9.99999e-01
9.385481364e-01,9.75942e-01,9.99999e-01,9.75942e-01,9.99999e-01
9.432408771e-01,9.76411e-01,9.99999e-01,9.76411e-01,9.99999e-01
9.479570815e-01,9.76872e-01,9.99999e-01,9.76872e-01,9.99999e-01
9.526968669e-01,9.77324e-01,9.99999e-01,9.77324e-01,9.99999e-01
9.574603512e-01,9.77766e-01,9.99999e-01,9.77766e-01,9.99999e-01
9.622476530e-01,9.78201e-01,9.99999e-01,9.78201e-01,9.99999e-01
9.670588912e-01,9.78627e-01,9.99999e-01,9.78627e-01,9.99999e-01
9.718941857e-01,9.79044e-01,9.99999e-01,9.79044e-01,9.99999e-01
9.767536566e-01,9.79454e-01,9.99999e-01,9.79454e-01,9.99999e-01
9.816374249e-01,9.79856e-01,9.99999e-01,9.79856e-01,9.99999e-01
9.865456120e-01,9.80250e-01,9.99999e-01,9.80250e-01,9.99999e-01
9.914783401e-01,9.80636e-01,9.99999e-01,9.80636e-01,9.99999e-01
9.964357318e-01,9.81015e-01,9.99999e-01,9.81015e-01,9.99999e-01
1.001417910e+00,9.81386e-01,9.99999e-01,9.81386e-01,9.99999e-01
1.006425000e+00,9.81751e-01,9.99999e-01,9.81751e-01,9.99999e-01
1.011457125e+00,9.82108e-01,9.99999e-01,9.82108e-01,9.99999e-01
1.016514411e+00,9.82458e-01,9.99999e-01,9.82458e-01,9.99999e-01
1.021596983e+00,9.82801e-01,9.99999e-01,9.82801e-01,9.99999e-01
1.026704968e+00,9.83138e-01,9.99999e-01,9.83138e-01,9.99999e-01
1.031838492e+00,9.83469e-01,9.99999e-01,9.83469e-01,9.99999e-01
1.036997685e+00,9.83792e-01,9.99999e-01,9.83792e-01,9.99999e-01
1.042182673e+00,9.84110e-01,9.99999e-01,9.84110e-01,9.99999e-01
1.047393587e+00,9.84421e-01,9.99999e-01,9.84421e-01,9.99999e-01
1.052630555e+00,9.84727e-01,9.99999e-01,9.84727e-01,9.99999e-01
1.057893707e+00,9.85026e-01,9.99999e-01,9.85026e-01,9.99999e-01
1.063183176e+00,9.85320e-01,9.99999e-01,9.85320e-01,9.99999e-01
1.068499092e+00,9.85608e-01,9.99999e-01,9.85608e-01,9.99999e-01
1.073841587e+00,9.85890e-01,9.99999e-01,9.85890e-01,9.99999e-01
1.079210795e+00,9.86166e-01,9.99999e-01,9.86167e-01,9.99999e-01
1.084606849e+00,9.86438e-01,9.99999e-01,9.86438e-01,9.99999e-01
1.090029883e+00,9.86704e-01,9.99999e-01,9.86704e-01,9.99999e-01
1.095480033e+00,9.86965e-01,9.99999e-01,9.86965e-01,9.99999e-01
1.100957433e+00,9.87221e-01,9.99999e-01,9.87221e-01,9.99999e-01
1.106462220e+00,9.87471e-01,9.99999e-01,9.87471e-01,9.99999e-01
1.111994531e+00,9.87717e-01,9.99999e-01,9.87717e-01,9.99999e-01
1.117554504e+00,9.87959e-01,9.99999e-01,9.87959e-01,9.99999e-01
1.123142276e+00,9.88195e-01,9.99999e-01,9.88195e-01,9.99999e-01
1.128757988e+00,9.88427e-01,9.99999e-01,9.88427e-01,9.99999e-01
1.134401778e+00,9.88654e-01,9.99999e-01,9.88654e-01,9.99999e-01
1.140073787e+00,9.88877e-01,9.99999e-01,9.88877e-01,9.99999e-01
1.145774156e+00,9.89095e-01,9.99999e-01,9.89095e-01,9.99999e-01
1.151503026e+00,9.89310e-01,9.99999e-01,9.89310e-01,9.99999e-01
1.157260541e+00,9.89520e-01,9.99999e-01,9.89520e-01,9.99999e-01
1.163046844e+00,9.89726e-01,9.99999e-01,9.89726e-01,9.99999e-01
1.168862078e+00,9.89927e-01,9.99999e-01,9.89927e-01,9.99999e-01
1.174706389e+00,9.90125e-01,9.99999e-01,9.90125e-01,9.99999e-01
1.180579921e+00,9.90319e-01,9.99999e-01,9.90319e-01,9.99999e-01
1.186482820e+00,9.90510e-01,9.99999e-01,9.90510e-01,9.99999e-01
1.192415234e+00,9.90696e-01,9.99999e-01,9.90696e-01,9.99999e-01
1.198377311e+00,9.90879e-01,9.99999e-01,9.90879e-01,9.99999e-01
1.204369197e+00,9.91059e-01,9.99999e-01,9.91059e-01,9.99999e-01
1.210391043e+00,9.91234e-01,9.99999e-01,9.91234e-01,9.99999e-01
1.216442998e+00,9.91407e-01,9.99999e-01,9.91407e-01,9.99999e-01
1.222525213e+00,9.91576e-01,9.99999e-01,9.91576e-01,9.99999e-01
1.228637839e+00,9.91741e-01,9.99999e-01,9.91741e-01,9.99999e-01
1.234781029e+00,9.91904e-01,9.99999e-01,9.91904e-01,9.99999e-01
1.240954934e+00,9.92063e-01,9.99999e-01,9.92063e-01,9.99999e-01
1.247159708e+00,9.92219e-01,9.99999e-01,9.92219e-01,9.99999e-01
1.253395507e+00,9.92372e-01,9.99999e-01,9.92372e-01,9.99999e-01
1.259662485e+00,9.92522e-01,9.99999e-01,9.92522e-01,9.99999e-01
1.265960797e+00,9.92670e-01,9.99999e-01,9.92670e-01,9.99999e-01
1.272290601e+00,9.92814e-01,9.99999e-01,9.92814e-01,9.99999e-01
1.278652054e+00,9.92955e-01,9.99999e-01,9.92955e-01,9.99999e-01
1.285045314e+00,9.93094e-01,9.99999e-01,9.93094e-01,9.99999e-01
1.291470541e+00,9.93230e-01,9.99999e-01,9.93230e-01,9.99999e-01
1.297927893e+00,9.93363e-01,9.99999e-01,9.93363e-01,9.99999e-01
1.304417533e+00,9.93494e-01,9.99999e-01,9.93494e-01,9.99999e-01
1.310939621e+00,9.93622e-01,9.99999e-01,9.93622e-01,9.99999e-01
1.317494319e+00,9.93747e-01,9.99999e-01,9.93747e-01,9.99999e-01
1.324081790e+00,9.93871e-01,9.99999e-01,9.93871e-01,9.99999e-01
1.330702199e+00,9.93991e-01,9.99999e-01,9.93991e-01,9.99999e-01
1.337355710e+00,9.94110e-01,9.99999e-01,9.94110e-01,9.99999e-01
1.344042489e+00,9.94226e-01,9.99999e-01,9.94226e-01,9.99999e-01
1.350762701e+00,9.94339e-01,9.99999e-01,9.94339e-01,9.99999e-01
1.357516515e+00,9.94451e-01,9.99999e-01,9.94451e-01,9.99999e-01
1.364304097e+00,9.94560e-01,9.99999e-01,9.94560e-01,9.99999e-01
1.371125618e+00,9.94667e-01,9.99999e-01,9.94667e-01,9.99999e-01
1.377981246e+00,9.94772e-01,9.99999e-01,9.94772e-01,9.99999e-01
1.384871152e+00,9.94875e-01,9.99999e-01,9.94875e-01,9.99999e-01
1.391795508e+00,9.94976e-01,9.99999e-01,9.94976e-01,9.99999e-01
1.398754485e+00,9.95075e-01,9.99999e-01,9.95075e-01,9.99999e-01
1.405748258e+00,9.95172e-01,9.99999e-01,9.95172e-01,9.99999e-01
1.412776999e+00,9.95267e-01,9.99999e-01,9.95267e-01,9.99999e-01
1.419840884e+00,9.95360e-01,9.99998e-01,9.95361e-01,9.99999e-01
1.426940089e+00,9.95451e-01,9.99998e-01,9.95452e-01,9.99999e-01
1.434074789e+00,9.95541e-01,9.99998e-01,9.95542e-01,9.99999e-01
1.441245163e+00,9.95629e-01,9.99999e-01,9.95629e-01,9.99999e-01
1.448451389e+00,9.95715e-01,9.99998e-01,9.95716e-01,9.99999e-01
1.455693646e+00,9.95800e-01,9.99999e-01,9.95800e-01,9.99999e-01
1.462972114e+00,9.95882e-01,9.99999e-01,9.95883e-01,9.99999e-01
1.470286975e+00,9.95964e-01,9.99999e-01,9.95964e-01,9.99999e-01
1.477638409e+00,9.96043e-01,9.99999e-01,9.96043e-01,9.99999e-01
1.485026601e+00,9.96121e-01,9.99999e-01,9.96121e-01,9.99999e-01
1.492451734e+00,9.96198e-01,9.99999e-01,9.96198e-01,9.99999e-01
1.499913993e+00,9.96273e-01,9.99999e-01,9.96273e-01,9.99999e-01
1.507413563e+00,9.96346e-01,9.99999e-01,9.96346e-01,9.99999e-01
1.514950631e+00,9.96418e-01,9.99999e-01,9.96418e-01,9.99999e-01
1.522525384e+00,9.96489e-01,9.99999e-01,9.96489e-01,9.99999e-01
1.530138011e+00,9.96558e-01,9.99999e-01,9.96558e-01,9.99999e-01
1.537788701e+00,9.96626e-01,9.99999e-01,9.96626e-01,9.99999e-01
1.545477645e+00,9.96692e-01,9.99999e-01,9.96692e-01,9.99999e-01
1.553205033e+00,9.96758e-01,9.99999e-01,9.96758e-01,9.99999e-01
1.560971058e+00,9.96822e-01,9.99999e-01,9.96822e-01,9.99999e-01
1.568775913e+00,9.96884e-01,9.99999e-01,9.96884e-01,9.99999e-01
1.576619793e+00,9.96946e-01,9.99999e-01,9.96946e-01,9.99999e-01
1.584502892e+00,9.97006e-01,9.99999e-01,9.97006e-01,9.99999e-01
1.592425406e+00,9.97065e-01,9.99999e-01,9.97065e-01,9.99999e-01
1.600387533e+00,9.97123e-01,9.99999e-01,9.97123e-01,9.99999e-01
1.608389471e+00,9.97180e-01,9.99999e-01,9.97180e-01,9.99999e-01
1.616431418e+00,9.97235e-01,9.99999e-01,9.97235e-01,9.99999e-01
1.624513575e+00,9.97290e-01,9.99999e-01,9.97290e-01,9.99999e-01
1.632636143e+00,9.97343e-01,9.99999e-01,9.97343e-01,9.99999e-01
1.640799324e+00,9.97395e-01,9.99999e-01,9.97395e-01,9.99999e-01
1.649003321e+00,9.97447e-01,9.99999e-01,9.97447e-01,9.99999e-01
1.657248337e+00,9.97497e-01,9.99999e-01,9.97497e-01,9.99999e-01
1.665534579e+00,9.97547e-01,9.99999e-01,9.97547e-01,9.99999e-01
1.673862252e+00,9.97595e-01,9.99999e-01,9.97595e-01,9.99999e-01
1.682231563e+00,9.97642e-01,9.99999e-01,9.97642e-01,9.99999e-01
1.690642721e+00,9.97689e-01,9.99999e-01,9.97689e-01,9.99999e-01
1.699095934e+00,9.97734e-01,9.99999e-01,9.97734e-01,9.99999e-01
1.707591414e+00,9.97779e-01,9.99999e-01,9.97779e-01,9.99999e-01
1.716129371e+00,9.97823e-01,9.99999e-01,9.97823e-01,9.99999e-01
1.724710018e+00,9.97866e-01,9.99999e-01,9.97866e-01,9.99999e-01
1.733333568e+00,9.97908e-01,9.99999e-01,9.97908e-01,9.99999e-01
1.742000236e+00,9.97949e-01,9.99999e-01,9.97949e-01,9.99999e-01
1.750710237e+00,9.97990e-01,9.99999e-01,9.97990e-01,9.99999e-01
1.759463788e+00,9.98029e-01,9.99999e-01,9.98029e-01,9.99999e-01
1.768261107e+00,9.98068e-01,9.99999e-01,9.98068e-01,9.99999e-01
1.777102413e+00,9.98106e-01,9.99999e-01,9.98106e-01,9.99999e-01
1.785987925e+00,9.98144e-01,9.99999e-01,9.98144e-01,9.99999e-01
1.794917864e+00,9.98180e-01,9.99999e-01,9.98180e-01,9.99999e-01
1.803892454e+00,9.98216e-01,9.99999e-01,9.98216e-01,9.99999e-01
1.812911916e+00,9.98251e-01,9.99999e-01,9.98251e-01,9.99999e-01
1.821976476e+00,9.98286e-01,9.99999e-01,9.98286e-01,9.99999e-01
1.831086358e+00,9.98320e-01,9.99999e-01,9.98320e-01,9.99999e-01
1.840241790e+00,9.98353e-01,9.99999e-01,9.98353e-01,9.99999e-01
1.849442999e+00,9.98385e-01,9.99999e-01,9.98385e-01,9.99999e-01
1.858690214e+00,9.98417e-01,9.99999e-01,9.98417e-01,9.99999e-01
1.867983665e+00,9.98448e-01,9.99999e-01,9.98448e-01,9.99999e-01
1.877323583e+00,9.98479e-01,9.99999e-01,9.98479e-01,9.99999e-01
1.886710201e+00,9.98509e-01,9.99999e-01,9.98509e-01,9.99999e-01
1.896143752e+00,9.98538e-01,9.99999e-01,9.98538e-01,9.99999e-01
1.905624471e+00,9.98567e-01,9.99999e-01,9.98567e-01,9.99999e-01
1.915152593e+00,9.98595e-01,9.99999e-01,9.98595e-01,9.99999e-01
1.924728356e+00,9.98623e-01,9.99999e-01,9.98623e-01,9.99999e-01
1.934351998e+00,9.98650e-01,9.99999e-01,9.98650e-01,9.99999e-01
1.944023758e+00,9.98677e-01,9.99999e-01,9.98677e-01,9.99999e-01
1.953743877e+00,9.98703e-01,9.99999e-01,9.98703e-01,9.99999e-01
1.963512596e+00,9.98729e-01,9.99999e-01,9.98729e-01,9.99999e-01
1.973330159e+00,9.98754e-01,9.99999e-01,9.98754e-01,9.99999e-01
1.983196810e+00,9.98778e-01,9.99999e-01,9.98778e-01,9.99999e-01
1.993112794e+00,9.98802e-01,9.99999e-01,9.98802e-01,9.99999e-01
2.003078358e+00,9.98793e-01,9.99999e-01,9.98826e-01,9.99966e-01
2.013093750e+00,9.98785e-01,9.99999e-01,9.98849e-01,9.99935e-01
2.023159218e+00,9.98770e-01,9.99999e-01,9.98872e-01,9.99897e-01
2.033275015e+00,9.98740e-01,9.99999e-01,9.98894e-01,9.99845e-01
2.043441390e+00,9.98660e-01,9.99998e-01,9.98916e-01,9.99744e-01
2.053658597e+00,9.98494e-01,9.99997e-01,9.98937e-01,9.99557e-01
2.063926890e+00,9.98187e-01,9.99995e-01,9.98958e-01,9.99231e-01
2.074246524e+00,9.97645e-01,9.99991e-01,9.98979e-01,9.98672e-01
2.084617757e+00,9.96783e-01,9.99986e-01,9.98999e-01,9.97794e-01
2.095040845e+00,9.95619e-01,9.99979e-01,9.99019e-01,9.96616e-01
2.105516050e+00,9.94209e-01,9.99975e-01,9.99038e-01,9.95189e-01
2.116043630e+00,9.93052e-01,9.99977e-01,9.99057e-01,9.94010e-01
2.126623848e+00,9.92293e-01,9.99980e-01,9.99076e-01,9.93229e-01
2.137256967e+00,9.91518e-01,9.99983e-01,9.99094e-01,9.92432e-01
2.147943252e+00,9.89981e-01,9.99992e-01,9.99112e-01,9.90868e-01
2.158682968e+00,9.88558e-01,9.99945e-01,9.99129e-01,9.89473e-01
2.169476383e+00,9.91283e-01,9.99981e-01,9.99146e-01,9.92147e-01
2.180323765e+00,9.93448e-01,9.99988e-01,9.99163e-01,9.94289e-01
2.191225384e+00,9.94421e-01,9.99988e-01,9.99180e-01,9.95247e-01
2.202181511e+00,9.95490e-01,9.99990e-01,9.99196e-01,9.96299e-01
2.213192418e+00,9.96614e-01,9.99992e-01,9.99212e-01,9.97406e-01
2.224258381e+00,9.97581e-01,9.99993e-01,9.99227e-01,9.98357e-01
2.235379672e+00,9.98299e-01,9.99995e-01,9.99243e-01,9.99059e-01
2.246556571e+00,9.98727e-01,9.99996e-01,9.99257e-01,9.99471e-01
2.257789354e+00,9.98978e-01,9.99997e-01,9.99272e-01,9.99707e-01
2.269078300e+00,9.99132e-01,9.99998e-01,9.99286e-01,9.99845e-01
2.280423692e+00,9.99211e-01,9.99998e-01,9.99301e-01,9.99910e-01
2.291825810e+00,9.99262e-01,9.99999e-01,9.99314e-01,9.99947e-01
2.303284939e+00,9.99298e-01,9.99999e-01,9.99328e-01,9.99970e-01
2.314801364e+00,9.99322e-01,9.99999e-01,9.99341e-01,9.99980e-01
2.326375371e+00,9.99354e-01,9.99999e-01,9.99354e-01,9.99999e-01
2.338007248e+00,9.99367e-01,9.99999e-01,9.99367e-01,9.99999e-01
2.349697284e+00,9.99379e-01,9.99999e-01,9.99379e-01,9.99999e-01
2.361445770e+00,9.99392e-01,9.99999e-01,9.99392e-01,9.99999e-01
2.373252999e+00,9.99404e-01,9.99999e-01,9.99404e-01,9.99999e-01
2.385119264e+00,9.99415e-01,9.99999e-01,9.99415e-01,9.99999e-01
2.397044861e+00,9.99427e-01,9.99999e-01,9.99427e-01,9.99999e-01
2.409030085e+00,9.99438e-01,9.99999e-01,9.99438e-01,9.99999e-01
2.421075235e+00,9.99449e-01,9.99999e-01,9.99449e-01,9.99999e-01
2.433180612e+00,9.99460e-01,9.99999e-01,9.99460e-01,9.99999e-01
2.445346515e+00,9.99471e-01,9.99999e-01,9.99471e-01,9.99999e-01
2.457573247e+00,9.99481e-01,9.99999e-01,9.99481e-01,9.99999e-01
2.469861113e+00,9.99491e-01,9.99999e-01,9.99491e-01,9.99999e-01
2.482210419e+00,9.99501e-01,9.99999e-01,9.99501e-01,9.99999e-01
2.494621471e+00,9.99511e-01,9.99999e-01,9.99511e-01,9.99999e-01
2.507094578e+00,9.99521e-01,9.99999e-01,9.99521e-01,9.99999e-01
2.519630051e+00,9.99530e-01,9.99999e-01,9.99530e-01,9.99999e-01
2.532228202e+00,9.99540e-01,9.99999e-01,9.99540e-01,9.99999e-01
2.544889343e+00,9.99549e-01,9.99999e-01,9.99549e-01,9.99999e-01
2.557613789e+00,9.99558e-01,9.99999e-01,9.99558e-01,9.99999e-01
2.570401858e+00,9.99566e-01,9.99999e-01,9.99566e-01,9.99999e-01
2.583253867e+00,9.99575e-01,9.99999e-01,9.99575e-01,9.99999e-01
2.596170137e+00,9.99583e-01,9.99999e-01,9.99583e-01,9.99999e-01
2.609150988e+00,9.99591e-01,9.99999e-01,9.99591e-01,9.99999e-01
2.622196742e+00,9.99599e-01,9.99999e-01,9.99599e-01,9.99999e-01
2.635307726e+00,9.99607e-01,9.99999e-01,9.99607e-01,9.99999e-01
2.648484265e+00,9.99615e-01,9.99999e-01,9.99615e-01,9.99999e-01
2.661726686e+00,9.99623e-01,9.99999e-01,9.99623e-01,9.99999e-01
2.675035320e+00,9.99630e-01,9.99999e-01,9.99630e-01,9.99999e-01
2.688410496e+00,9.99637e-01,9.99999e-01,9.99637e-01,9.99999e-01
2.701852549e+00,9.99644e-01,9.99999e-01,9.99644e-01,9.99999e-01
2.715361811e+00,9.99651e-01,9.99999e-01,9.99651e-01,9.99999e-01
2.728938620e+00,9.99658e-01,9.99999e-01,9.99658e-01,9.99999e-01
2.742583314e+00,9.99665e-01,9.99999e-01,9.99665e-01,9.99999e-01
2.756296230e+00,9.99672e-01,9.99999e-01,9.99672e-01,9.99999e-01
2.770077711e+00,9.99678e-01,9.99999e-01,9.99678e-01,9.99999e-01
2.783928100e+00,9.99684e-01,9.99999e-01,9.99684e-01,9.99999e-01
2.797847740e+00,9.99691e-01,9.99999e-01,9.99691e-01,9.99999e-01
2.811836979e+00,9.99697e-01,9.99999e-01,9.99697e-01,9.99999e-01
2.825896164e+00,9.99703e-01,9.99999e-01,9.99703e-01,9.99999e-01
2.840025645e+00,9.99709e-01,9.99999e-01,9.99709e-01,9.99999e-01
2.854225773e+00,9.99714e-01,9.99999e-01,9.99714e-01,9.99999e-01
2.868496902e+00,9.99720e-01,9.99999e-01,9.99720e-01,9.99999e-01
2.882839386e+00,9.99725e-01,9.99999e-01,9.99725e-01,9.99999e-01
2.897253583e+00,9.99731e-01,9.99999e-01,9.99731e-01,9.99999e-01
2.911739851e+00,9.99736e-01,9.99999e-01,9.99736e-01,9.99999e-01
2.926298550e+00,9.99741e-01,9.99999e-01,9.99741e-01,9.99999e-01
2.940930043e+00,9.99746e-01,9.99999e-01,9.99746e-01,9.99999e-01
2.955634693e+00,9.99751e-01,9.99999e-01,9.99751e-01,9.99999e-01
2.970412867e+00,9.99756e-01,9.99999e-01,9.99756e-01,9.99999e-01
2.985264931e+00,9.99761e-01,9.99999e-01,9.99761e-01,9.99999e-01
3.000191256e+00,9.99766e-01,9.99999e-01,9.99766e-01,9.99999e-01
3.015192212e+00,9.99770e-01,9.99999e-01,9.99770e-01,9.99999e-01
3.030268173e+00,9.99775e-01,9.99999e-01,9.99775e-01,9.99999e-01
3.045419514e+00,9.99779e-01,9.99999e-01,9.99779e-01,9.99999e-01
3.060646612e+00,9.99784e-01,9.99999e-01,9.99784e-01,9.99999e-01
3.075949845e+00,9.99788e-01,9.99999e-01,9.99788e-01,9.99999e-01
3.091329594e+00,9.99792e-01,9.99999e-01,9.99792e-01,9.99999e-01
3.106786242e+00,9.99796e-01,9.99999e-01,9.99796e-01,9.99999e-01
3.122320173e+00,9.99800e-01,9.99999e-01,9.99800e-01,9.99999e-01
3.137931774e+00,9.99804e-01,9.99999e-01,9.99804e-01,9.99999e-01
3.153621433e+00,9.99808e-01,9.99999e-01,9.99808e-01,9.99999e-01
3.169389540e+00,9.99812e-01,9.99999e-01,9.99812e-01,9.99999e-01
3.185236488e+00,9.99815e-01,9.99999e-01,9.99815e-01,9.99999e-01
3.201162670e+00,9.99819e-01,9.99999e-01,9.99819e-01,9.99999e-01
3.217168483e+00,9.99823e-01,9.99999e-01,9.99823e-01,9.99999e-01
3.233254326e+00,9.99826e-01,9.99999e-01,9.99826e-01,9.99999e-01
3.249420598e+00,9.99830e-01,9.99999e-01,9.99830e-01,9.99999e-01
3.265667701e+00,9.99833e-01,9.99999e-01,9.99833e-01,9.99999e-01
3.281996039e+00,9.99836e-01,9.99999e-01,9.99836e-01,9.99999e-01
3.298406019e+00,9.99839e-01,9.99999e-01,9.99839e-01,9.99999e-01
3.314898049e+00,9.99843e-01,9.99999e-01,9.99843e-01,9.99999e-01
3.331472540e+00,9.99340e-01,9.99999e-01,9.99846e-01,9.99493e-01
3.348129902e+00,9.97150e-01,9.99999e-01,9.99849e-01,9.97300e-01
3.364870552e+00,9.81836e-01,9.99999e-01,9.99852e-01,9.81980e-01
3.381694905e+00,9.86552e-01,9.99999e-01,9.99855e-01,9.86694e-01
3.398603379e+00,9.84464e-01,9.99999e-01,9.99857e-01,9.84603e-01
3.415596396e+00,9.84080e-01,9.99999e-01,9.99860e-01,9.84217e-01
3.432674378e+00,9.91285e-01,9.99999e-01,9.99863e-01,9.91420e-01
3.449837750e+00,9.93977e-01,9.99999e-01,9.99866e-01,9.94109e-01
3.467086939e+00,9.92874e-01,9.99999e-01,9.99868e-01,9.93004e-01
3.484422373e+00,9.91942e-01,9.99999e-01,9.99871e-01,9.92069e-01
3.501844485e+00,9.94840e-01,9.99999e-01,9.99873e-01,9.94965e-01
3.519353708e+00,9.98484e-01,9.99999e-01,9.99876e-01,9.98607e-01
3.536950476e+00,9.99593e-01,9.99999e-01,9.99878e-01,9.99714e-01
3.554635228e+00,9.99095e-01,9.99999e-01,9.99881e-01,9.99213e-01
3.572408405e+00,9.98822e-01,9.99999e-01,9.99883e-01,9.98937e-01
3.590270447e+00,9.98668e-01,9.99999e-01,9.99885e-01,9.98781e-01
3.608221799e+00,9.97851e-01,9.99999e-01,9.99888e-01,9.97962e-01
3.626262908e+00,9.97088e-01,9.99999e-01,9.99890e-01,9.97197e-01
3.644394222e+00,9.95670e-01,9.99999e-01,9.99892e-01,9.95777e-01
3.662616193e+00,9.94166e-01,9.99999e-01,9.99894e-01,9.94270e-01
3.680929274e+00,9.92102e-01,9.99999e-01,9.99896e-01,9.92204e-01
3.699333921e+00,9.89688e-01,9.99999e-01,9.99898e-01,9.89788e-01
3.717830590e+00,9.86524e-01,9.99999e-01,9.99900e-01,9.86622e-01
3.736419743e+00,9.82072e-01,9.99998e-01,9.99902e-01,9.82169e-01
3.755101842e+00,9.77479e-01,9.99997e-01,9.99904e-01,9.77574e-01
3.773877351e+00,9.71164e-01,9.99995e-01,9.99906e-01,9.71259e-01
3.792746738e+00,9.62389e-01,9.99992e-01,9.99908e-01,9.62484e-01
3.811710472e+00,9.52188e-01,9.99984e-01,9.99909e-01,9.52287e-01
3.830769024e+00,9.39788e-01,9.99976e-01,9.99911e-01,9.39893e-01
3.849922869e+00,9.24142e-01,9.99956e-01,9.99913e-01,9.24261e-01
3.869172484e+00,9.05020e-01,9.99938e-01,9.99915e-01,9.05151e-01
3.888518346e+00,8.79926e-01,9.99891e-01,9.99916e-01,8.80094e-01
3.907960938e+00,8.47701e-01,9.99868e-01,9.99918e-01,8.47881e-01
3.927500742e+00,8.07755e-01,9.99772e-01,9.99920e-01,8.08003e-01
3.947138246e+00,7.58291e-01,9.99680e-01,9.99921e-01,7.58591e-01
3.966873937e+00,6.98166e-01,9.99635e-01,9.99923e-01,6.98474e-01
3.986708307e+00,6.29896e-01,9.99410e-01,9.99924e-01,6.30314e-01
4.006641849e+00,5.55791e-01,9.99222e-01,9.99926e-01,5.56264e-01
4.026675058e+00,4.80993e-01,9.99355e-01,9.99927e-01,4.81337e-01
4.046808433e+00,4.11362e-01,9.99326e-01,9.99929e-01,4.11667e-01
4.067042475e+00,3.51421e-01,9.99049e-01,9.99930e-01,3.51780e-01
4.087377688e+00,3.03255e-01,9.98881e-01,9.99931e-01,3.03615e-01
4.107814576e+00,2.68820e-01,9.98691e-01,9.99933e-01,2.69190e-01
4.128353649e+00,2.48270e-01,9.98680e-01,9.99934e-01,2.48614e-01
4.148995417e+00,2.39332e-01,9.99079e-01,9.99935e-01,2.39568e-01
4.169740394e+00,2.41040e-01,9.99155e-01,9.99936e-01,2.41259e-01
4.190589096e+00,2.49525e-01,9.99218e-01,9.99938e-01,2.49735e-01
4.211542042e+00,2.51775e-01,9.99275e-01,9.99939e-01,2.51972e-01
4.232599752e+00,2.38035e-01,9.99555e-01,9.99940e-01,2.38155e-01
4.253762751e+00,1.99406e-01,9.99691e-01,9.99941e-01,1.99479e-01
4.275031564e+00,1.43602e-01,9.99483e-01,9.99942e-01,1.43684e-01
4.296406722e+00,1.29038e-01,9.95058e-01,9.99944e-01,1.29686e-01
4.317888756e+00,1.72316e-01,9.99037e-01,9.99945e-01,1.72491e-01
4.339478200e+00,2.52458e-01,9.99425e-01,9.99946e-01,2.52616e-01
4.361175591e+00,3.16321e-01,9.99531e-01,9.99947e-01,3.16485e-01
4.382981469e+00,3.54051e-01,9.99509e-01,9.99948e-01,3.54242e-01
4.404896376e+00,3.77260e-01,9.99311e-01,9.99949e-01,3.77539e-01
4.426920858e+00,3.98327e-01,9.99302e-01,9.99950e-01,3.98625e-01
4.449055462e+00,4.23648e-01,9.99518e-01,9.99951e-01,4.23872e-01
4.471300739e+00,4.56162e-01,9.99493e-01,9.99952e-01,4.56415e-01
4.493657243e+00,4.96508e-01,9.99558e-01,9.99953e-01,4.96750e-01
4.516125529e+00,5.42726e-01,9.99586e-01,9.99954e-01,5.42975e-01
4.538706157e+00,5.94285e-01,9.99508e-01,9.99954e-01,5.94604e-01
4.561399688e+00,6.48122e-01,9.99652e-01,9.99955e-01,6.48375e-01
4.584206686e+00,7.01191e-01,9.99728e-01,9.99956e-01,7.01412e-01
4.607127720e+00,7.51413e-01,9.99731e-01,9.99957e-01,7.51646e-01
4.630163358e+00,7.97514e-01,9.99830e-01,9.99958e-01,7.97681e-01
4.653314175e+00,8.37312e-01,9.99841e-01,9.99959e-01,8.37478e-01
4.676580746e+00,8.70707e-01,9.99846e-01,9.99959e-01,8.70874e-01
4.699963650e+00,8.98295e-01,9.99917e-01,9.99960e-01,8.98403e-01
4.723463468e+00,9.20470e-01,9.99900e-01,9.99961e-01,9.20595e-01
4.747080785e+00,9.37732e-01,9.99948e-01,9.99962e-01,9.37815e-01
4.770816189e+00,9.51509e-01,9.99952e-01,9.99963e-01,9.51589e-01
4.794670270e+00,9.62392e-01,9.99949e-01,9.99963e-01,9.62474e-01
4.818643622e+00,9.71099e-01,9.99975e-01,9.99964e-01,9.71156e-01
4.842736840e+00,9.77692e-01,9.99977e-01,9.99965e-01,9.77747e-01
4.866950524e+00,9.82630e-01,9.99987e-01,9.99965e-01,9.82675e-01
4.891285276e+00,9.86651e-01,9.99989e-01,9.99966e-01,9.86693e-01
4.915741703e+00,9.89754e-01,9.99992e-01,9.99967e-01,9.89793e-01
4.940320411e+00,9.92081e-01,9.99993e-01,9.99967e-01,9.92118e-01
4.965022013e+00,9.93924e-01,9.99994e-01,9.99968e-01,9.93960e-01
4.989847123e+00,9.95464e-01,9.99996e-01,9.99969e-01,9.95497e-01
5.014796359e+00,9.96747e-01,9.99996e-01,9.99969e-01,9.96779e-01
5.039870341e+00,9.97731e-01,9.99998e-01,9.99970e-01,9.97761e-01
5.065069693e+00,9.98485e-01,9.99998e-01,9.99970e-01,9.98515e-01
5.090395041e+00,9.99138e-01,9.99999e-01,9.99971e-01,9.99166e-01
5.115847016e+00,9.99484e-01,9.99999e-01,9.99971e-01,9.99512e-01
5.141426251e+00,9.99467e-01,9.99998e-01,9.99972e-01,9.99495e-01
5.167133383e+00,9.99789e-01,9.99999e-01,9.99972e-01,9.99816e-01
5.192969049e+00,9.99814e-01,9.99999e-01,9.99973e-01,9.99840e-01
5.218933895e+00,9.99602e-01,9.99999e-01,9.99974e-01,9.99628e-01
5.245028564e+00,9.99645e-01,9.99999e-01,9.99974e-01,9.99670e-01
5.271253707e+00,9.99728e-01,9.99999e-01,9.99975e-01,9.99752e-01
5.297609976e+00,9.99714e-01,9.99999e-01,9.99975e-01,9.99738e-01
5.324098025e+00,9.99837e-01,9.99999e-01,9.99975e-01,9.99861e-01
5.350718516e+00,9.98306e-01,9.99999e-01,9.99976e-01,9.98329e-01
5.377472108e+00,9.98542e-01,9.99999e-01,9.99976e-01,9.98565e-01
5.404359469e+00,9.99977e-01,9.99999e-01,9.99977e-01,9.99999e-01
5.431381266e+00,9.99977e-01,9.99999e-01,9.99977e-01,9.99999e-01
5.458538172e+00,9.99978e-01,9.99999e-01,9.99978e-01,9.99999e-01
5.485830863e+00,9.99978e-01,9.99999e-01,9.99978e-01,9.99999e-01
5.513260018e+00,9.99979e-01,9.99999e-01,9.99979e-01,9.99999e-01
5.540826318e+00,9.99979e-01,9.99999e-01,9.99979e-01,9.99999e-01
5.568530449e+00,9.99979e-01,9.99999e-01,9.99979e-01,9.99999e-01
5.596373101e+00,9.99980e-01,9.99999e-01,9.99980e-01,9.99999e-01
5.624354967e+00,9.99980e-01,9.99999e-01,9.99980e-01,9.99999e-01
5.652476742e+00,9.99980e-01,9.99999e-01,9.99980e-01,9.99999e-01
5.680739126e+00,9.99981e-01,9.99999e-01,9.99981e-01,9.99999e-01
5.709142821e+00,9.99981e-01,9.99999e-01,9.99981e-01,9.99999e-01
5.737688535e+00,9.99982e-01,9.99999e-01,9.99982e-01,9.99999e-01
5.766376978e+00,9.99982e-01,9.99999e-01,9.99982e-01,9.99999e-01
5.795208863e+00,9.99982e-01,9.99999e-01,9.99982e-01,9.99999e-01
5.824184907e+00,9.99983e-01,9.99999e-01,9.99983e-01,9.99999e-01
5.853305832e+00,9.99983e-01,9.99999e-01,9.99983e-01,9.99999e-01
5.882572361e+00,9.99983e-01,9.99999e-01,9.99983e-01,9.99999e-01
5.911985223e+00,9.99984e-01,9.99999e-01,9.99984e-01,9.99999e-01
5.941545149e+00,9.99984e-01,9.99999e-01,9.99984e-01,9.99999e-01
5.971252874e+00,9.99984e-01,9.99999e-01,9.99984e-01,9.99999e-01
6.001109139e+00,9.99984e-01,9.99999e-01,9.99984e-01,9.99999e-01
6.031114685e+00,9.99985e-01,9.99999e-01,9.99985e-01,9.99999e-01
6.061270258e+00,9.99985e-01,9.99999e-01,9.99985e-01,9.99999e-01
6.091576609e+00,9.99985e-01,9.99999e-01,9.99985e-01,9.99999e-01
6.122034492e+00,9.99986e-01,9.99999e-01,9.99986e-01,9.99999e-01
6.152644665e+00,9.99986e-01,9.99999e-01,9.99986e-01,9.99999e-01
6.183407888e+00,9.99986e-01,9.99999e-01,9.99986e-01,9.99999e-01
6.214324928e+00,9.99986e-01,9.99999e-01,9.99986e-01,9.99999e-01
6.245396552e+00,9.99987e-01,9.99999e-01,9.99987e-01,9.99999e-01
6.276623535e+00,9.99987e-01,9.99999e-01,9.99987e-01,9.99999e-01
6.308006653e+00,9.99987e-01,9.99999e-01,9.99987e-01,9.99999e-01
6.339546686e+00,9.99987e-01,9.99999e-01,9.99987e-01,9.99999e-01
6.371244419e+00,9.99988e-01,9.99999e-01,9.99988e-01,9.99999e-01
6.403100641e+00,9.99988e-01,9.99999e-01,9.99988e-01,9.99999e-01
6.435116145e+00,9.99988e-01,9.99999e-01,9.99988e-01,9.99999e-01
6.467291725e+00,9.99988e-01,9.99999e-01,9.99988e-01,9.99999e-01
6.499628184e+00,9.99988e-01,9.99999e-01,9.99988e-01,9.99999e-01
6.532126325e+00,9.99989e-01,9.99999e-01,9.99989e-01,9.99999e-01
6.564786956e+00,9.99989e-01,9.99999e-01,9.99989e-01,9.99999e-01
6.597610891e+00,9.99989e-01,9.99999e-01,9.99989e-01,9.99999e-01
6.630598946e+00,9.99989e-01,9.99999e-01,9.99989e-01,9.99999e-01
6.663751940e+00,9.99989e-01,9.99999e-01,9.99989e-01,9.99999e-01
6.697070700e+00,9.99990e-01,9.99999e-01,9.99990e-01,9.99999e-01
6.730556054e+00,9.99990e-01,9.99999e-01,9.99990e-01,9.99999e-01
6.764208834e+00,9.99990e-01,9.99999e-01,9.99990e-01,9.99999e-01
6.798029878e+00,9.99990e-01,9.99999e-01,9.99990e-01,9.99999e-01
6.832020027e+00,9.99990e-01,9.99999e-01,9.99990e-01,9.99999e-01
6.866180128e+00,9.99990e-01,9.99999e-01,9.99990e-01,9.99999e-01
6.900511028e+00,9.99991e-01,9.99999e-01,9.99991e-01,9.99999e-01
6.935013583e+00,9.99991e-01,9.99999e-01,9.99991e-01,9.99999e-01
6.969688651e+00,9.99991e-01,9.99999e-01,9.99991e-01,9.99999e-01
7.004537095e+00,9.99991e-01,9.99999e-01,9.99991e-01,9.99999e-01
7.039559780e+00,9.99991e-01,9.99999e-01,9.99991e-01,9.99999e-01
7.074757579e+00,9.99991e-01,9.99999e-01,9.99991e-01,9.99999e-01
7.110131367e+00,9.99992e-01,9.99999e-01,9.99992e-01,9.99999e-01
7.145682024e+00,9.99992e-01,9.99999e-01,9.99992e-01,9.99999e-01
7.181410434e+00,9.99992e-01,9.99999e-01,9.99992e-01,9.99999e-01
7.217317486e+00,9.99992e-01,9.99999e-01,9.99992e-01,9.99999e-01
7.253404073e+00,9.99992e-01,9.99999e-01,9.99992e-01,9.99999e-01
7.289671094e+00,9.99992e-01,9.99999e-01,9.99992e-01,9.99999e-01
7.326119449e+00,9.99992e-01,9.99999e-01,9.99992e-01,9.99999e-01
7.362750046e+00,9.99993e-01,9.99999e-01,9.99993e-01,9.99999e-01
7.399563797e+00,9.99993e-01,9.99999e-01,9.99993e-01,9.99999e-01
7.436561616e+00,9.99993e-01,9.99999e-01,9.99993e-01,9.99999e-01
7.473744424e+00,9.99993e-01,9.99999e-01,9.99993e-01,9.99999e-01
7.511113146e+00,9.99993e-01,9.99999e-01,9.99993e-01,9.99999e-01
7.548668712e+00,9.99993e-01,9.99999e-01,9.99993e-01,9.99999e-01
7.586412055e+00,9.99993e-01,9.99999e-01,9.99993e-01,9.99999e-01
7.624344115e+00,9.99993e-01,9.99999e-01,9.99993e-01,9.99999e-01
7.662465836e+00,9.99994e-01,9.99999e-01,9.99994e-01,9.99999e-01
7.700778165e+00,9.99994e-01,9.99999e-01,9.99994e-01,9.99999e-01
7.739282056e+00,9.99994e-01,9.99999e-01,9.99994e-01,9.99999e-01
7.777978466e+00,9.99994e-01,9.99999e-01,9.99994e-01,9.99999e-01
7.816868359e+00,9.99994e-01,9.99999e-01,9.99994e-01,9.99999e-01
7.855952700e+00,9.99994e-01,9.99999e-01,9.99994e-01,9.99999e-01
7.895232464e+00,9.99994e-01,9.99999e-01,9.99994e-01,9.99999e-01
7.934708626e+00,9.99994e-01,9.99999e-01,9.99994e-01,9.99999e-01
7.974382169e+00,9.99994e-01,9.99999e-01,9.99994e-01,9.99999e-01
8.014254080e+00,9.99994e-01,9.99999e-01,9.99994e-01,9.99999e-01
8.054325351e+00,9.99995e-01,9.99999e-01,9.99995e-01,9.99999e-01
8.094596977e+00,9.99995e-01,9.99999e-01,9.99995e-01,9.99999e-01
8.135069962e+00,9.99995e-01,9.99999e-01,9.99995e-01,9.99999e-01
8.175745312e+00,9.99995e-01,9.99999e-01,9.99995e-01,9.99999e-01
8.216624039e+00,9.99995e-01,9.99999e-01,9.99995e-01,9.99999e-01
8.257707159e+00,9.99995e-01,9.99999e-01,9.99995e-01,9.99999e-01
8.298995695e+00,9.99995e-01,9.99999e-01,9.99995e-01,9.99999e-01
8.340490673e+00,9.99995e-01,9.99999e-01,9.99995e-01,9.99999e-01
8.382193126e+00,9.99995e-01,9.99999e-01,9.99995e-01,9.99999e-01
8.424104092e+00,9.99995e-01,9.99999e-01,9.99995e-01,9.99999e-01
8.466224613e+00,9.99995e-01,9.99999e-01,9.99995e-01,9.99999e-01
8.508555736e+00,9.99995e-01,9.99999e-01,9.99995e-01,9.99999e-01
8.551098514e+00,9.99995e-01,9.99999e-01,9.99995e-01,9.99999e-01
8.593854007e+00,9.99996e-01,9.99999e-01,9.99996e-01,9.99999e-01
8.636823277e+00,9.99996e-01,9.99999e-01,9.99996e-01,9.99999e-01
8.680007393e+00,9.99996e-01,9.99999e-01,9.99996e-01,9.99999e-01
8.723407430e+00,9.99996e-01,9.99999e-01,9.99996e-01,9.99999e-01
8.767024467e+00,9.99996e-01,9.99999e-01,9.99996e-01,9.99999e-01
8.810859590e+00,9.99996e-01,9.99999e-01,9.99996e-01,9.99999e-01
8.854913888e+00,9.99996e-01,9.99999e-01,9.99996e-01,9.99999e-01
8.899188457e+00,9.99996e-01,9.99999e-01,9.99996e-01,9.99999e-01
8.943684399e+00,9.99996e-01,9.99999e-01,9.99996e-01,9.99999e-01
8.988402821e+00,9.99996e-01,9.99999e-01,9.99996e-01,9.99999e-01
9.033344836e+00,9.99996e-01,9.99999e-01,9.99996e-01,9.99999e-01
9.078511560e+00,9.99996e-01,9.99999e-01,9.99996e-01,9.99999e-01
9.123904118e+00,9.99996e-01,9.99999e-01,9.99996e-01,9.99999e-01
9.169523638e+00,9.99996e-01,9.99999e-01,9.99996e-01,9.99999e-01
9.215371256e+00,9.99996e-01,9.99999e-01,9.99996e-01,9.99999e-01
9.261448113e+00,9.99996e-01,9.99999e-01,9.99996e-01,9.99999e-01
9.307755353e+00,9.99996e-01,9.99999e-01,9.99996e-01,9.99999e-01
9.354294130e+00,9.99997e-01,9.99999e-01,9.99997e-01,9.99999e-01
9.401065601e+00,9.99997e-01,9.99999e-01,9.99997e-01,9.99999e-01
9.448070929e+00,9.99997e-01,9.99999e-01,9.99997e-01,9.99999e-01
9.495311283e+00,9.99997e-01,9.99999e-01,9.99997e-01,9.99999e-01
9.542787840e+00,9.99997e-01,9.99999e-01,9.99997e-01,9.99999e-01
9.590501779e+00,9.99997e-01,9.99999e-01,9.99997e-01,9.99999e-01
9.638454288e+00,9.99997e-01,9.99999e-01,9.99997e-01,9.99999e-01
9.686646559e+00,9.99997e-01,9.99999e-01,9.99997e-01,9.99999e-01
9.735079792e+00,9.99997e-01,9.99999e-01,9.99997e-01,9.99999e-01
9.783755191e+00,9.99997e-01,9.99999e-01,9.99997e-01,9.99999e-01
9.832673967e+00,9.99997e-01,9.99999e-01,9.99997e-01,9.99999e-01
9.881837337e+00,9.99997e-01,9.99999e-01,9.99997e-01,9.99999e-01
9.931246523e+00,9.99997e-01,9.99999e-01,9.99997e-01,9.99999e-01
9.980902756e+00,9.99997e-01,9.99999e-01,9.99997e-01,9.99999e-01
1.003080727e+01,9.99997e-01,9.99999e-01,9.99997e-01,9.99999e-01
1.008096131e+01,9.99997e-01,9.99999e-01,9.99997e-01,9.99999e-01
1.013136611e+01,9.99997e-01,9.99999e-01,9.99997e-01,9.99999e-01
1.018202294e+01,9.99997e-01,9.99999e-01,9.99997e-01,9.99999e-01
1.023293306e+01,9.99997e-01,9.99999e-01,9.99997e-01,9.99999e-01
1.028409772e+01,9.99997e-01,9.99999e-01,9.99997e-01,9.99999e-01
1.033551821e+01,9.99997e-01,9.99999e-01,9.99997e-01,9.99999e-01
1.038719580e+01,9.99997e-01,9.99999e-01,9.99997e-01,9.99999e-01
1.043913178e+01,9.99997e-01,9.99999e-01,9.99997e-01,9.99999e-01
1.049132744e+01,9.99997e-01,9.99999e-01,9.99997e-01,9.99999e-01
1.054378408e+01,9.99997e-01,9.99999e-01,9.99997e-01,9.99999e-01
1.059650300e+01,9.99998e-01,9.99999e-01,9.99998e-01,9.99999e-01
1.064948551e+01,9.99998e-01,9.99999e-01,9.99998e-01,9.99999e-01
1.070273294e+01,9.99998e-01,9.99999e-01,9.99998e-01,9.99999e-01
1.075624661e+01,9.99998e-01,9.99999e-01,9.99998e-01,9.99999e-01
1.081002784e+01,9.99998e-01,9.99999e-01,9.99998e-01,9.99999e-01
1.086407798e+01,9.99998e-01,9.99999e-01,9.99998e-01,9.99999e-01
1.091839837e+01,9.99998e-01,9.99999e-01,9.99998e-01,9.99999e-01
1.097299036e+01,9.99998e-01,9.99999e-01,9.99998e-01,9.99999e-01
1.102785531e+01,9.99998e-01,9.99999e-01,9.99998e-01,9.99999e-01
1.108299459e+01,9.99998e-01,9.99999e-01,9.99998e-01,9.99999e-01
1.113840956e+01,9.99998e-01,9.99999e-01,9.99998e-01,9.99999e-01
1.119410161e+01,9.99998e-01,9.99999e-01,9.99998e-01,9.99999e-01
1.125007212e+01,9.99998e-01,9.99999e-01,9.99998e-01,9.99999e-01
1.130632248e+01,9.99998e-01,9.99999e-01,9.99998e-01,9.99999e-01
1.136285409e+01,9.99998e-01,9.99999e-01,9.99998e-01,9.99999e-01
1.141966836e+01,9.99998e-01,9.99999e-01,9.99998e-01,9.99999e-01
1.147676670e+01,9.99998e-01,9.99999e-01,9.99998e-01,9.99999e-01
1.153415054e+01,9.99998e-01,9.99999e-01,9.99998e-01,9.99999e-01
1.159182129e+01,9.99998e-01,9.99999e-01,9.99998e-01,9.99999e-01
1.164978039e+01,9.99998e-01,9.99999e-01,9.99998e-01,9.99999e-01
1.170802930e+01,9.99998e-01,9.99999e-01,9.99998e-01,9.99999e-01
1.176656944e+01,9.99998e-01,9.99999e-01,9.99998e-01,9.99999e-01
1.182540229e+01,9.99998e-01,9.99999e-01,9.99998e-01,9.99999e-01
1.188452930e+01,9.99998e-01,9.99999e-01,9.99998e-01,9.99999e-01
1.194395195e+01,9.99998e-01,9.99999e-01,9.99998e-01,9.99999e-01
1.200367171e+01,9.99998e-01,9.99999e-01,9.99998e-01,9.99999e-01
1.206369007e+01,9.99998e-01,9.99999e-01,9.99998e-01,9.99999e-01
1.212400852e+01,9.99998e-01,9.99999e-01,9.99998e-01,9.99999e-01
1.218462856e+01,9.99998e-01,9.99999e-01,9.99998e-01,9.99999e-01
1.224555170e+01,9.99998e-01,9.99999e-01,9.99998e-01,9.99999e-01
1.230677946e+01,9.99998e-01,9.99999e-01,9.99998e-01,9.99999e-01
1.236831336e+01,9.99998e-01,9.99999e-01,9.99998e-01,9.99999e-01
1.243015492e+01,9.99998e-01,9.99999e-01,9.99998e-01,9.99999e-01
1.249230570e+01,9.99998e-01,9.99999e-01,9.99998e-01,9.99999e-01
1.255476723e+01,9.99998e-01,9.99999e-01,9.99998e-01,9.99999e-01
1.261754106e+01,9.99998e-01,9.99999e-01,9.99998e-01,9.99999e-01
1.268062877e+01,9.99998e-01,9.99999e-01,9.99998e-01,9.99999e-01
1.274403191e+01,9.99998e-01,9.99999e-01,9.99998e-01,9.99999e-01
1.280775207e+01,9.99998e-01,9.99999e-01,9.99998e-01,9.99999e-01
1.287179083e+01,9.99998e-01,9.99999e-01,9.99998e-01,9.99999e-01
1.293614979e+01,9.99998e-01,9.99999e-01,9.99998e-01,9.99999e-01
1.300083054e+01,9.99998e-01,9.99999e-01,9.99998e-01,9.99999e-01
1.306583469e+01,9.99998e-01,9.99999e-01,9.99998e-01,9.99999e-01
1.313116386e+01,9.99998e-01,9.99999e-01,9.99998e-01,9.99999e-01
1.319681968e+01,9.99998e-01,9.99999e-01,9.99998e-01,9.99999e-01
1.326280378e+01,9.99998e-01,9.99999e-01,9.99998e-01,9.99999e-01
1.332911780e+01,9.99998e-01,9.99999e-01,9.99998e-01,9.99999e-01
1.339576339e+01,9.99998e-01,9.99999e-01,9.99998e-01,9.99999e-01
1.346274221e+01,9.99998e-01,9.99999e-01,9.99998e-01,9.99999e-01
1.353005592e+01,9.99998e-01,9.99999e-01,9.99998e-01,9.99999e-01
1.359770620e+01,9.99998e-01,9.99999e-01,9.99998e-01,9.99999e-01
1.366569473e+01,9.99998e-01,9.99999e-01,9.99998e-01,9.99999e-01
1.373402320e+01,9.99998e-01,9.99999e-01,9.99998e-01,9.99999e-01
1.380269332e+01,9.99998e-01,9.99999e-01,9.99998e-01,9.99999e-01
1.387170678e+01,9.99998e-01,9.99999e-01,9.99998e-01,9.99999e-01
1.394106532e+01,9.99998e-01,9.99999e-01,9.99998e-01,9.99999e-01
1.401077064e+01,9.99999e-01,9.99999e-01,9.99999e-01,9.99999e-01
1.408082450e+01,9.99999e-01,9.99999e-01,9.99999e-01,9.99999e-01
1.415122862e+01,9.99999e-01,9.99999e-01,9.99999e-01,9.99999e-01
1.422198476e+01,9.99999e-01,9.99999e-01,9.99999e-01,9.99999e-01
1.429309469e+01,9.99999e-01,9.99999e-01,9.99999e-01,9.99999e-01
1.436456016e+01,9.99999e-01,9.99999e-01,9.99999e-01,9.99999e-01
1.443638296e+01,9.99999e-01,9.99999e-01,9.99999e-01,9.99999e-01
1.450856487e+01,9.99999e-01,9.99999e-01,9.99999e-01,9.99999e-01
1.458110770e+01,9.99999e-01,9.99999e-01,9.99999e-01,9.99999e-01
1.465401324e+01,9.99999e-01,9.99999e-01,9.99999e-01,9.99999e-01
1.472728330e+01,9.99999e-01,9.99999e-01,9.99999e-01,9.99999e-01
1.480091972e+01,9.99999e-01,9.99999e-01,9.99999e-01,9.99999e-01
1.487492432e+01,9.99999e-01,9.99999e-01,9.99999e-01,9.99999e-01
1.494929894e+01,9.99999e-01,9.99999e-01,9.99999e-01,9.99999e-01
1.502404544e+01,9.99999e-01,9.99999e-01,9.99999e-01,9.99999e-01
1.509916566e+01,9.99999e-01,9.99999e-01,9.99999e-01,9.99999e-01
1.517466149e+01,9.99999e-01,9.99999e-01,9.99999e-01,9.99999e-01
1.525053480e+01,9.99999e-01,9.99999e-01,9.99999e-01,9.99999e-01
1.532678747e+01,9.99999e-01,9.99999e-01,9.99999e-01,9.99999e-01
1.540342141e+01,9.83262e-01,9.99999e-01,9.99999e-01,9.83262e-01
1.548043852e+01,9.82117e-01,9.99999e-01,9.99999e-01,9.82117e-01
1.555784071e+01,9.81542e-01,9.99999e-01,9.99999e-01,9.81542e-01
1.563562991e+01,9.80952e-01,9.99999e-01,9.99999e-01,9.80953e-01
1.571380806e+01,9.80342e-01,9.99999e-01,9.99999e-01,9.80343e-01
1.579237710e+01,9.79725e-01,9.99999e-01,9.99999e-01,9.79726e-01
1.587133899e+01,9.79090e-01,9.99999e-01,9.99999e-01,9.79090e-01
1.595069568e+01,9.78438e-01,9.99999e-01,9.99999e-01,9.78438e-01
1.603044916e+01,9.77778e-01,9.99999e-01,9.99999e-01,9.77779e-01
1.611060141e+01,9.77106e-01,9.99999e-01,9.99999e-01,9.77107e-01
1.619115441e+01,9.76411e-01,9.99999e-01,9.99999e-01,9.76411e-01
1.627211019e+01,9.75709e-01,9.99999e-01,9.99999e-01,9.75710e-01
1.635347074e+01,9.74992e-01,9.99999e-01,9.99999e-01,9.74992e-01
1.643523809e+01,9.74254e-01,9.99999e-01,9.99999e-01,9.74255e-01
1.651741428e+01,9.73513e-01,9.99999e-01,9.99999e-01,9.73514e-01
1.660000135e+01,9.72752e-01,9.99999e-01,9.99999e-01,9.72752e-01
1.668300136e+01,9.71969e-01,9.99999e-01,9.99999e-01,9.71969e-01
1.676641637e+01,9.71156e-01,9.99999e-01,9.99999e-01,9.71156e-01
1.685024845e+01,9.70329e-01,9.99999e-01,9.99999e-01,9.70329e-01
1.693449969e+01,9.69495e-01,9.99999e-01,9.99999e-01,9.69495e-01
1.701917219e+01,9.68650e-01,9.99999e-01,9.99999e-01,9.68650e-01
1.710426805e+01,9.67781e-01,9.99999e-01,9.99999e-01,9.67781e-01
1.718978939e+01,9.66893e-01,9.99999e-01,9.99999e-01,9.66893e-01
1.727573834e+01,9.65985e-01,9.99999e-01,9.99999e-01,9.65985e-01
1.736211703e+01,9.65050e-01,9.99999e-01,9.99999e-01,9.65050e-01
1.744892761e+01,9.64097e-01,9.99999e-01,9.99999e-01,9.64097e-01
1.753617225e+01,9.63139e-01,9.99999e-01,9.99999e-01,9.63140e-01
1.762385311e+01,9.62177e-01,9.99999e-01,9.99999e-01,9.62177e-01
1.771197238e+01,9.61190e-01,9.99999e-01,9.99999e-01,9.61191e-01
1.780053224e+01,9.60187e-01,9.99999e-01,9.99999e-01,9.60187e-01
1.788953490e+01,9.59165e-01,9.99999e-01,9.99999e-01,9.59166e-01
1.797898258e+01,9.58117e-01,9.99999e-01,9.99999e-01,9.58117e-01
1.806887749e+01,9.57043e-01,9.99999e-01,9.99999e-01,9.57044e-01
1.815922188e+01,9.55969e-01,9.99999e-01,9.99999e-01,9.55969e-01
1.825001799e+01,9.54894e-01,9.99999e-01,9.99999e-01,9.54894e-01
1.834126808e+01,9.53770e-01,9.99999e-01,9.99999e-01,9.53770e-01
1.843297442e+01,9.52624e-01,9.99999e-01,9.99999e-01,9.52624e-01
1.852513929e+01,9.51481e-01,9.99999e-01,9.99999e-01,9.51481e-01
1.861776499e+01,9.50332e-01,9.99999e-01,9.99999e-01,9.50332e-01
1.871085381e+01,9.49155e-01,9.99999e-01,9.99999e-01,9.49155e-01
1.880440808e+01,9.47935e-01,9.99999e-01,9.99999e-01,9.47935e-01
1.889843012e+01,9.46714e-01,9.99999e-01,9.99999e-01,9.46714e-01
1.899292227e+01,9.45495e-01,9.99999e-01,9.99999e-01,9.45496e-01
1.908788688e+01,9.44249e-01,9.99999e-01,9.99999e-01,9.44249e-01
1.918332632e+01,9.42983e-01,9.99999e-01,9.99999e-01,9.42983e-01
1.927924295e+01,9.41689e-01,9.99999e-01,9.99999e-01,9.41690e-01
1.937563916e+01,9.40366e-01,9.99999e-01,9.99999e-01,9.40366e-01
1.947251736e+01,9.39051e-01,9.99999e-01,9.99999e-01,9.39051e-01
1.956987994e+01,9.37708e-01,9.99999e-01,9.99999e-01,9.37708e-01
1.966772934e+01,9.36335e-01,9.99999e-01,9.99999e-01,9.36335e-01
1.976606799e+01,9.34957e-01,9.99999e-01,9.99999e-01,9.34957e-01
1.986489833e+01,9.33528e-01,9.99999e-01,9.99999e-01,9.33528e-01
1.996422282e+01,9.32080e-01,9.99999e-01,9.99999e-01,9.32080e-01
