#,Wave/freq,Total,O2,H2O,Rayleigh,CIA
4.000000000e-01,9.99346e-01,9.99999e-01,9.99905e-01,9.99440e-01,9.99999e-01
4.020000000e-01,9.99392e-01,9.99999e-01,9.99940e-01,9.99451e-01,9.99999e-01
4.040100000e-01,9.99437e-01,9.99999e-01,9.99974e-01,9.99462e-01,9.99999e-01
4.060300500e-01,9.99467e-01,9.99999e-01,9.99993e-01,9.99472e-01,9.99999e-01
4.080602003e-01,9.99481e-01,9.99999e-01,9.99997e-01,9.99483e-01,9.99999e-01
4.101005013e-01,9.99493e-01,9.99999e-01,9.99999e-01,9.99493e-01,9.99999e-01
4.121510038e-01,9.99500e-01,9.99999e-01,9.99996e-01,9.99503e-01,9.99999e-01
4.142117588e-01,9.99487e-01,9.99999e-01,9.99973e-01,9.99513e-01,9.99999e-01
4.162828176e-01,9.99406e-01,9.99999e-01,9.99882e-01,9.99522e-01,9.99999e-01
4.183642317e-01,9.99462e-01,9.99999e-01,9.99929e-01,9.99532e-01,9.99999e-01
4.204560528e-01,9.99498e-01,9.99999e-01,9.99956e-01,9.99541e-01,9.99999e-01
4.225583331e-01,9.99534e-01,9.99999e-01,9.99983e-01,9.99550e-01,9.99999e-01
4.246711247e-01,9.99546e-01,9.99999e-01,9.99986e-01,9.99559e-01,9.99999e-01
4.267944804e-01,9.99549e-01,9.99999e-01,9.99980e-01,9.99568e-01,9.99999e-01
4.289284528e-01,9.99562e-01,9.99999e-01,9.99985e-01,9.99576e-01,9.99999e-01
4.310730950e-01,9.99578e-01,9.99999e-01,9.99993e-01,9.99585e-01,9.99999e-01
4.332284605e-01,9.99591e-01,9.99999e-01,9.99997e-01,9.99593e-01,9.99999e-01
4.353946028e-01,9.99600e-01,9.99999e-01,9.99998e-01,9.99601e-01,9.99999e-01
4.375715758e-01,9.99597e-01,9.99999e-01,9.99988e-01,9.99609e-01,9.99999e-01
4.397594337e-01,9.99515e-01,9.99999e-01,9.99898e-01,9.99616e-01,9.99999e-01
4.419582309e-01,9.99110e-01,9.99999e-01,9.99485e-01,9.99624e-01,9.99999e-01
4.441680220e-01,9.99222e-01,9.99999e-01,9.99590e-01,9.99631e-01,9.99999e-01
4.463888621e-01,9.99215e-01,9.99999e-01,9.99575e-01,9.99639e-01,9.99999e-01
4.486208064e-01,9.99381e-01,9.99999e-01,9.99735e-01,9.99646e-01,9.99999e-01
4.508639105e-01,9.99529e-01,9.99999e-01,9.99875e-01,9.99653e-01,9.99999e-01
4.531182300e-01,9.99611e-01,9.99999e-01,9.99950e-01,9.99659e-01,9.99999e-01
4.553838212e-01,9.99633e-01,9.99999e-01,9.99966e-01,9.99666e-01,9.99999e-01
4.576607403e-01,9.99658e-01,9.99999e-01,9.99984e-01,9.99673e-01,9.99999e-01
4.599490440e-01,9.99668e-01,9.99999e-01,9.99988e-01,9.99679e-01,9.99999e-01
4.622487892e-01,9.99684e-01,9.99999e-01,9.99997e-01,9.99686e-01,9.99999e-01
4.645600332e-01,9.99684e-01,9.99999e-01,9.99992e-01,9.99692e-01,9.99999e-01
4.668828333e-01,9.99574e-01,9.99999e-01,9.99875e-01,9.99698e-01,9.99999e-01
4.692172475e-01,9.99438e-01,9.99999e-01,9.99733e-01,9.99704e-01,9.99999e-01
4.715633337e-01,9.99536e-01,9.99999e-01,9.99826e-01,9.99710e-01,9.99999e-01
4.739211504e-01,9.99549e-01,9.99999e-01,9.99832e-01,9.99715e-01,9.99999e-01
4.762907561e-01,9.99634e-01,9.99999e-01,9.99912e-01,9.99721e-01,9.99999e-01
4.786722099e-01,9.99691e-01,9.99999e-01,9.99964e-01,9.99726e-01,9.99999e-01
4.810655710e-01,9.99721e-01,9.99999e-01,9.99988e-01,9.99732e-01,9.99999e-01
4.834708988e-01,9.99638e-01,9.99999e-01,9.99900e-01,9.99737e-01,9.99999e-01
4.858882533e-01,9.99554e-01,9.99999e-01,9.99810e-01,9.99742e-01,9.99999e-01
4.883176946e-01,9.99591e-01,9.99999e-01,9.99842e-01,9.99747e-01,9.99999e-01
4.907592831e-01,9.99610e-01,9.99999e-01,9.99856e-01,9.99752e-01,9.99999e-01
4.932130795e-01,9.99656e-01,9.99999e-01,9.99898e-01,9.99757e-01,9.99999e-01
4.956791449e-01,9.99708e-01,9.99999e-01,9.99946e-01,9.99762e-01,9.99999e-01
4.981575406e-01,9.99501e-01,9.99999e-01,9.99733e-01,9.99767e-01,9.99999e-01
5.006483283e-01,9.99086e-01,9.99999e-01,9.99314e-01,9.99771e-01,9.99999e-01
5.031515699e-01,9.96281e-01,9.99999e-01,9.96503e-01,9.99776e-01,9.99999e-01
5.056673278e-01,9.97928e-01,9.99999e-01,9.98147e-01,9.99780e-01,9.99999e-01
5.081956644e-01,9.97447e-01,9.99999e-01,9.97661e-01,9.99784e-01,9.99999e-01
5.107366428e-01,9.98209e-01,9.99999e-01,9.98419e-01,9.99789e-01,9.99999e-01
5.132903260e-01,9.98888e-01,9.99999e-01,9.99094e-01,9.99793e-01,9.99999e-01
5.158567776e-01,9.99414e-01,9.99999e-01,9.99616e-01,9.99797e-01,9.99999e-01
5.184360615e-01,9.99648e-01,9.99999e-01,9.99846e-01,9.99801e-01,9.99999e-01
5.210282418e-01,9.99748e-01,9.99999e-01,9.99942e-01,9.99805e-01,9.99999e-01
5.236333830e-01,9.99580e-01,9.99999e-01,9.99771e-01,9.99809e-01,9.99999e-01
5.262515499e-01,9.99669e-01,9.99999e-01,9.99856e-01,9.99812e-01,9.99999e-01
5.288828077e-01,9.99686e-01,9.99999e-01,9.99868e-01,9.99816e-01,9.99999e-01
5.315272217e-01,9.99704e-01,9.99999e-01,9.99883e-01,9.99820e-01,9.99999e-01
5.341848578e-01,9.99748e-01,9.99999e-01,9.99924e-01,9.99823e-01,9.99999e-01
5.368557821e-01,9.99562e-01,9.99999e-01,9.99734e-01,9.99827e-01,9.99999e-01
5.395400610e-01,9.98880e-01,9.99999e-01,9.99049e-01,9.99830e-01,9.99999e-01
5.422377613e-01,9.98589e-01,9.99999e-01,9.98754e-01,9.99833e-01,9.99999e-01
5.449489501e-01,9.98687e-01,9.99999e-01,9.98849e-01,9.99837e-01,9.99999e-01
5.476736949e-01,9.98814e-01,9.99999e-01,9.98973e-01,9.99840e-01,9.99999e-01
5.504120634e-01,9.99099e-01,9.99999e-01,9.99255e-01,9.99843e-01,9.99999e-01
5.531641237e-01,9.99471e-01,9.99999e-01,9.99624e-01,9.99846e-01,9.99999e-01
5.559299443e-01,9.99668e-01,9.99999e-01,9.99818e-01,9.99849e-01,9.99999e-01
5.587095940e-01,9.99739e-01,9.99999e-01,9.99886e-01,9.99852e-01,9.99999e-01
5.615031420e-01,9.99729e-01,9.99999e-01,9.99873e-01,9.99855e-01,9.99999e-01
5.643106577e-01,9.99717e-01,9.99999e-01,9.99858e-01,9.99858e-01,9.99999e-01
5.671322110e-01,9.98159e-01,9.99999e-01,9.98298e-01,9.99861e-01,9.99999e-01
5.699678720e-01,9.98005e-01,9.99999e-01,9.98141e-01,9.99863e-01,9.99999e-01
5.728177114e-01,9.97950e-01,9.99999e-01,9.98083e-01,9.99866e-01,9.99999e-01
5.756818000e-01,9.98107e-01,9.99999e-01,9.98237e-01,9.99869e-01,9.99999e-01
5.785602090e-01,9.98332e-01,9.99999e-01,9.98460e-01,9.99871e-01,9.99999e-01
5.814530100e-01,9.98332e-01,9.99999e-01,9.98457e-01,9.99874e-01,9.99999e-01
5.843602750e-01,9.98053e-01,9.99999e-01,9.98176e-01,9.99876e-01,9.99999e-01
5.872820764e-01,9.84268e-01,9.99999e-01,9.84386e-01,9.99879e-01,9.99999e-01
5.902184868e-01,9.80795e-01,9.99999e-01,9.80911e-01,9.99881e-01,9.99999e-01
5.931695792e-01,9.86421e-01,9.99999e-01,9.86535e-01,9.99883e-01,9.99999e-01
5.961354271e-01,9.85093e-01,9.99999e-01,9.85205e-01,9.99886e-01,9.99999e-01
5.991161043e-01,9.89062e-01,9.99999e-01,9.89173e-01,9.99888e-01,9.99999e-01
6.021116848e-01,9.93727e-01,9.99999e-01,9.93835e-01,9.99890e-01,9.99999e-01
6.051222432e-01,9.96768e-01,9.99999e-01,9.96874e-01,9.99892e-01,9.99999e-01
6.081478544e-01,9.98547e-01,9.99999e-01,9.98652e-01,9.99894e-01,9.99999e-01
6.111885937e-01,9.99325e-01,9.99999e-01,9.99428e-01,9.99896e-01,9.99999e-01
6.142445367e-01,9.99644e-01,9.99999e-01,9.99744e-01,9.99898e-01,9.99999e-01
6.173157594e-01,9.99760e-01,9.99999e-01,9.99859e-01,9.99900e-01,9.99999e-01
6.204023382e-01,9.99784e-01,9.99999e-01,9.99881e-01,9.99902e-01,9.99999e-01
6.235043498e-01,9.99391e-01,9.99999e-01,9.99486e-01,9.99904e-01,9.99999e-01
6.266218716e-01,9.97147e-01,9.99999e-01,9.97240e-01,9.99906e-01,9.99999e-01
6.297549810e-01,9.98896e-01,9.99999e-01,9.98987e-01,9.99908e-01,9.99999e-01
6.329037559e-01,9.97903e-01,9.99999e-01,9.97992e-01,9.99910e-01,9.99999e-01
6.360682746e-01,9.98210e-01,9.99999e-01,9.98298e-01,9.99912e-01,9.99999e-01
6.392486160e-01,9.97704e-01,9.99999e-01,9.97790e-01,9.99913e-01,9.99999e-01
6.424448591e-01,9.96982e-01,9.99999e-01,9.97066e-01,9.99915e-01,9.99999e-01
6.456570834e-01,9.86369e-01,9.99999e-01,9.86450e-01,9.99917e-01,9.99999e-01
6.488853688e-01,9.88161e-01,9.99999e-01,9.88241e-01,9.99918e-01,9.99999e-01
6.521297956e-01,9.89705e-01,9.99999e-01,9.89784e-01,9.99920e-01,9.99999e-01
6.553904446e-01,9.89820e-01,9.99999e-01,9.89897e-01,9.99921e-01,9.99999e-01
6.586673968e-01,9.91192e-01,9.99999e-01,9.91267e-01,9.99923e-01,9.99999e-01
6.619607338e-01,9.94868e-01,9.99999e-01,9.94942e-01,9.99924e-01,9.99999e-01
6.652705375e-01,9.96988e-01,9.99999e-01,9.97061e-01,9.99926e-01,9.99999e-01
6.685968902e-01,9.98563e-01,9.99999e-01,9.98634e-01,9.99927e-01,9.99999e-01
6.719398746e-01,9.99296e-01,9.99999e-01,9.99366e-01,9.99929e-01,9.99999e-01
6.752995740e-01,9.99589e-01,9.99999e-01,9.99658e-01,9.99930e-01,9.99999e-01
6.786760719e-01,9.99442e-01,9.99999e-01,9.99509e-01,9.99932e-01,9.99999e-01
6.820694522e-01,9.99091e-01,9.99999e-01,9.99158e-01,9.99933e-01,9.99999e-01
6.854797995e-01,9.98850e-01,9.99999e-01,9.98915e-01,9.99934e-01,9.99999e-01
6.889071985e-01,9.97350e-01,9.99999e-01,9.97414e-01,9.99935e-01,9.99999e-01
6.923517345e-01,9.58171e-01,9.99999e-01,9.58231e-01,9.99937e-01,9.99999e-01
6.958134932e-01,9.77612e-01,9.99999e-01,9.77672e-01,9.99938e-01,9.99998e-01
6.992925606e-01,9.79048e-01,9.99999e-01,9.79107e-01,9.99939e-01,9.99998e-01
7.027890234e-01,9.74015e-01,9.99999e-01,9.74072e-01,9.99940e-01,9.99998e-01
7.063029686e-01,9.78100e-01,9.99999e-01,9.78157e-01,9.99941e-01,9.99999e-01
7.098344834e-01,9.78970e-01,9.99999e-01,9.79026e-01,9.99943e-01,9.99998e-01
7.133836558e-01,9.72492e-01,9.99999e-01,9.72547e-01,9.99944e-01,9.99998e-01
7.169505741e-01,8.01665e-01,9.99999e-01,8.01710e-01,9.99945e-01,9.99996e-01
7.205353270e-01,8.95136e-01,9.99999e-01,8.95186e-01,9.99946e-01,9.99996e-01
7.241380036e-01,8.70097e-01,9.99999e-01,8.70145e-01,9.99947e-01,9.99996e-01
7.277586936e-01,8.81941e-01,9.99999e-01,8.81988e-01,9.99948e-01,9.99996e-01
7.313974871e-01,8.73650e-01,9.99999e-01,8.73695e-01,9.99949e-01,9.99997e-01
7.350544745e-01,9.28774e-01,9.99999e-01,9.28821e-01,9.99950e-01,9.99998e-01
7.387297469e-01,9.46901e-01,9.99999e-01,9.46947e-01,9.99951e-01,9.99998e-01
7.424233956e-01,9.73546e-01,9.99999e-01,9.73592e-01,9.99952e-01,9.99999e-01
7.461355126e-01,9.83889e-01,9.99999e-01,9.83934e-01,9.99953e-01,9.99999e-01
7.498661902e-01,9.92424e-01,9.99999e-01,9.92469e-01,9.99954e-01,9.99999e-01
7.536155211e-01,9.96265e-01,9.99999e-01,9.96309e-01,9.99955e-01,9.99999e-01
7.573835987e-01,9.98053e-01,9.99999e-01,9.98097e-01,9.99955e-01,9.99999e-01
7.611705167e-01,9.98775e-01,9.99999e-01,9.98817e-01,9.99956e-01,9.99999e-01
7.649763693e-01,9.99218e-01,9.99999e-01,9.99259e-01,9.99957e-01,9.99999e-01
7.688012511e-01,9.99444e-01,9.99999e-01,9.99484e-01,9.99958e-01,9.99999e-01
7.726452574e-01,9.99536e-01,9.99999e-01,9.99576e-01,9.99959e-01,9.99999e-01
7.765084837e-01,9.99363e-01,9.99999e-01,9.99402e-01,9.99960e-01,9.99999e-01
7.803910261e-01,9.97386e-01,9.99999e-01,9.97425e-01,9.99960e-01,9.99999e-01
7.842929812e-01,9.91006e-01,9.99999e-01,9.91043e-01,9.99961e-01,9.99999e-01
7.882144461e-01,9.81444e-01,9.99999e-01,9.81481e-01,9.99962e-01,9.99999e-01
7.921555184e-01,9.89724e-01,9.99999e-01,9.89760e-01,9.99963e-01,9.99999e-01
7.961162960e-01,9.82124e-01,9.99999e-01,9.82160e-01,9.99963e-01,9.99999e-01
8.000968774e-01,9.79251e-01,9.99999e-01,9.79286e-01,9.99964e-01,9.99999e-01
8.040973618e-01,9.79281e-01,9.99999e-01,9.79315e-01,9.99965e-01,9.99998e-01
8.081178486e-01,9.54363e-01,9.99999e-01,9.54396e-01,9.99965e-01,9.99998e-01
8.121584379e-01,8.24386e-01,9.99999e-01,8.24415e-01,9.99966e-01,9.99997e-01
8.162192301e-01,7.93985e-01,9.99999e-01,7.94013e-01,9.99967e-01,9.99996e-01
8.203003262e-01,8.95429e-01,9.99999e-01,8.95461e-01,9.99967e-01,9.99996e-01
8.244018279e-01,8.55941e-01,9.99999e-01,8.55970e-01,9.99968e-01,9.99996e-01
8.285238370e-01,8.71233e-01,9.99999e-01,8.71261e-01,9.99969e-01,9.99996e-01
8.326664562e-01,8.69754e-01,9.99999e-01,8.69781e-01,9.99969e-01,9.99997e-01
8.368297885e-01,9.04301e-01,9.99999e-01,9.04328e-01,9.99970e-01,9.99998e-01
8.410139374e-01,9.41841e-01,9.99999e-01,9.41869e-01,9.99970e-01,9.99999e-01
8.452190071e-01,9.70965e-01,9.99999e-01,9.70993e-01,9.99971e-01,9.99999e-01
8.494451021e-01,9.83087e-01,9.99999e-01,9.83114e-01,9.99972e-01,9.99999e-01
8.536923276e-01,9.89922e-01,9.99999e-01,9.89949e-01,9.99972e-01,9.99999e-01
8.579607893e-01,9.93790e-01,9.99999e-01,9.93817e-01,9.99973e-01,9.99999e-01
8.622505932e-01,9.96033e-01,9.99999e-01,9.96059e-01,9.99973e-01,9.99999e-01
8.665618462e-01,9.97543e-01,9.99999e-01,9.97569e-01,9.99974e-01,9.99999e-01
8.708946554e-01,9.97198e-01,9.99999e-01,9.97223e-01,9.99974e-01,9.99999e-01
8.752491287e-01,9.96258e-01,9.99999e-01,9.96282e-01,9.99975e-01,9.99999e-01
8.796253743e-01,9.94847e-01,9.99999e-01,9.94871e-01,9.99975e-01,9.99999e-01
8.840235012e-01,9.94116e-01,9.99999e-01,9.94139e-01,9.99976e-01,9.99999e-01
8.884436187e-01,9.79219e-01,9.99999e-01,9.79243e-01,9.99976e-01,9.99998e-01
8.928858368e-01,8.02345e-01,9.99999e-01,8.02366e-01,9.99976e-01,9.99996e-01
8.973502660e-01,6.76823e-01,9.99999e-01,6.76841e-01,9.99977e-01,9.99994e-01
9.018370173e-01,8.18278e-01,9.99999e-01,8.18301e-01,9.99977e-01,9.99993e-01
9.063462024e-01,8.39508e-01,9.99999e-01,8.39531e-01,9.99978e-01,9.99993e-01
9.108779334e-01,7.60542e-01,9.99999e-01,7.60563e-01,9.99978e-01,9.99992e-01
9.154323231e-01,7.31099e-01,9.99999e-01,7.31119e-01,9.99979e-01,9.99991e-01
9.200094847e-01,7.82989e-01,9.99999e-01,7.83013e-01,9.99979e-01,9.99989e-01
9.246095321e-01,6.97838e-01,9.99999e-01,6.97864e-01,9.99979e-01,9.99981e-01
9.292325798e-01,1.13476e-01,9.99999e-01,1.13483e-01,9.99980e-01,9.99962e-01
9.338787427e-01,5.51625e-02,9.99999e-01,5.51662e-02,9.99980e-01,9.99951e-01
9.385481364e-01,3.06865e-01,9.99999e-01,3.06885e-01,9.99981e-01,9.99950e-01
9.432408771e-01,2.12457e-01,9.99999e-01,2.12473e-01,9.99981e-01,9.99944e-01
9.479570815e-01,1.12572e-01,9.99999e-01,1.12579e-01,9.99981e-01,9.99951e-01
9.526968669e-01,1.81403e-01,9.99999e-01,1.81412e-01,9.99982e-01,9.99963e-01
9.574603512e-01,1.94762e-01,9.99999e-01,1.94771e-01,9.99982e-01,9.99972e-01
9.622476530e-01,2.54973e-01,9.99999e-01,2.54982e-01,9.99982e-01,9.99981e-01
9.670588912e-01,4.50155e-01,9.99999e-01,4.50167e-01,9.99983e-01,9.99988e-01
9.718941857e-01,5.95277e-01,9.99999e-01,5.95291e-01,9.99983e-01,9.99992e-01
9.767536566e-01,6.49501e-01,9.99999e-01,6.49514e-01,9.99983e-01,9.99994e-01
9.816374249e-01,7.23895e-01,9.99999e-01,7.23908e-01,9.99984e-01,9.99996e-01
9.865456120e-01,8.16318e-01,9.99999e-01,8.16331e-01,9.99984e-01,9.99997e-01
9.914783401e-01,8.81759e-01,9.99999e-01,8.81773e-01,9.99984e-01,9.99998e-01
9.964357318e-01,9.33716e-01,9.99999e-01,9.33730e-01,9.99984e-01,9.99999e-01
1.001417910e+00,9.59679e-01,9.99999e-01,9.59693e-01,9.99985e-01,9.99999e-01
1.006425000e+00,9.76839e-01,9.99999e-01,9.76853e-01,9.99985e-01,9.99999e-01
1.011457125e+00,9.85523e-01,9.99999e-01,9.85537e-01,9.99985e-01,9.99999e-01
1.016514411e+00,9.90158e-01,9.99999e-01,9.90171e-01,9.99986e-01,9.99999e-01
1.021596983e+00,9.92153e-01,9.99999e-01,9.92166e-01,9.99986e-01,9.99999e-01
1.026704968e+00,9.93876e-01,9.99999e-01,9.93888e-01,9.99986e-01,9.99999e-01
1.031838492e+00,9.95533e-01,9.99999e-01,9.95546e-01,9.99986e-01,9.99999e-01
1.036997685e+00,9.97345e-01,9.99999e-01,9.97357e-01,9.99987e-01,9.99999e-01
1.042182673e+00,9.96848e-01,9.99999e-01,9.96860e-01,9.99987e-01,9.99999e-01
1.047393587e+00,9.95820e-01,9.99999e-01,9.95831e-01,9.99987e-01,9.99999e-01
1.052630555e+00,9.94279e-01,9.99999e-01,9.94291e-01,9.99987e-01,9.99999e-01
1.057893707e+00,9.90489e-01,9.99999e-01,9.90501e-01,9.99988e-01,9.99999e-01
1.063183176e+00,9.84394e-01,9.99999e-01,9.84405e-01,9.99988e-01,9.99999e-01
1.068499092e+00,9.73990e-01,9.99999e-01,9.74001e-01,9.99988e-01,9.99999e-01
1.073841587e+00,9.69730e-01,9.99999e-01,9.69741e-01,9.99988e-01,9.99998e-01
1.079210795e+00,9.61222e-01,9.99999e-01,9.61233e-01,9.99988e-01,9.99998e-01
1.084606849e+00,9.42062e-01,9.99999e-01,9.42074e-01,9.99989e-01,9.99997e-01
1.090029883e+00,9.18491e-01,9.99999e-01,9.18503e-01,9.99989e-01,9.99996e-01
1.095480033e+00,7.93177e-01,9.99999e-01,7.93190e-01,9.99989e-01,9.99993e-01
1.100957433e+00,5.60613e-01,9.99999e-01,5.60624e-01,9.99989e-01,9.99989e-01
1.106462220e+00,2.48536e-01,9.99999e-01,2.48544e-01,9.99989e-01,9.99977e-01
1.111994531e+00,5.80454e-02,9.99999e-01,5.80485e-02,9.99990e-01,9.99955e-01
1.117554504e+00,1.23515e-02,9.99999e-01,1.23524e-02,9.99990e-01,9.99936e-01
1.123142276e+00,5.09595e-02,9.99999e-01,5.09638e-02,9.99990e-01,9.99925e-01
1.128757988e+00,1.19626e-01,9.99999e-01,1.19637e-01,9.99990e-01,9.99918e-01
1.134401778e+00,5.28126e-02,9.99999e-01,5.28178e-02,9.99990e-01,9.99908e-01
1.140073787e+00,2.61646e-01,9.99999e-01,2.61668e-01,9.99991e-01,9.99926e-01
1.145774156e+00,7.81973e-02,9.99999e-01,7.82028e-02,9.99991e-01,9.99937e-01
1.151503026e+00,5.92119e-02,9.99999e-01,5.92155e-02,9.99991e-01,9.99946e-01
1.157260541e+00,7.53733e-02,9.99999e-01,7.53770e-02,9.99991e-01,9.99959e-01
1.163046844e+00,1.44296e-01,9.99999e-01,1.44301e-01,9.99991e-01,9.99973e-01
1.168862078e+00,2.46539e-01,9.99999e-01,2.46544e-01,9.99991e-01,9.99986e-01
1.174706389e+00,4.19532e-01,9.99999e-01,4.19538e-01,9.99991e-01,9.99992e-01
1.180579921e+00,5.86213e-01,9.99999e-01,5.86220e-01,9.99992e-01,9.99995e-01
1.186482820e+00,7.37227e-01,9.99999e-01,7.37234e-01,9.99992e-01,9.99995e-01
1.192415234e+00,8.36476e-01,9.99999e-01,8.36485e-01,9.99992e-01,9.99996e-01
1.198377311e+00,8.60599e-01,9.99999e-01,8.60608e-01,9.99992e-01,9.99996e-01
1.204369197e+00,8.68061e-01,9.99999e-01,8.68069e-01,9.99992e-01,9.99997e-01
1.210391043e+00,8.73060e-01,9.99999e-01,8.73067e-01,9.99992e-01,9.99997e-01
1.216442998e+00,8.90739e-01,9.99999e-01,8.90745e-01,9.99992e-01,9.99998e-01
1.222525213e+00,9.13701e-01,9.99999e-01,9.13708e-01,9.99993e-01,9.99998e-01
1.228637839e+00,9.39254e-01,9.99999e-01,9.39260e-01,9.99993e-01,9.99999e-01
1.234781029e+00,9.54490e-01,9.99999e-01,9.54496e-01,9.99993e-01,9.99999e-01
1.240954934e+00,9.70996e-01,9.99999e-01,9.71002e-01,9.99993e-01,9.99999e-01
1.247159708e+00,9.77314e-01,9.99999e-01,9.77320e-01,9.99993e-01,9.99999e-01
1.253395507e+00,9.79859e-01,9.99999e-01,9.79865e-01,9.99993e-01,9.99999e-01
1.259662485e+00,9.81046e-01,9.99999e-01,9.81052e-01,9.99993e-01,9.99999e-01
1.265960797e+00,9.69722e-01,9.99999e-01,9.69728e-01,9.99993e-01,9.99998e-01
1.272290601e+00,9.55775e-01,9.99999e-01,9.55781e-01,9.99994e-01,9.99998e-01
1.278652054e+00,9.09102e-01,9.99999e-01,9.09108e-01,9.99994e-01,9.99997e-01
1.285045314e+00,8.61433e-01,9.99999e-01,8.61440e-01,9.99994e-01,9.99996e-01
1.291470541e+00,7.41135e-01,9.99999e-01,7.41143e-01,9.99994e-01,9.99993e-01
1.297927893e+00,6.78299e-01,9.99999e-01,6.78310e-01,9.99994e-01,9.99989e-01
1.304417533e+00,6.07812e-01,9.99999e-01,6.07826e-01,9.99994e-01,9.99980e-01
1.310939621e+00,5.67445e-01,9.99999e-01,5.67466e-01,9.99994e-01,9.99966e-01
1.317494319e+00,5.39732e-01,9.99999e-01,5.39765e-01,9.99994e-01,9.99944e-01
1.324081790e+00,4.07169e-01,9.99999e-01,4.07208e-01,9.99994e-01,9.99909e-01
1.330702199e+00,8.92820e-02,9.99999e-01,8.92958e-02,9.99994e-01,9.99848e-01
1.337355710e+00,4.45950e-04,9.99999e-01,4.46081e-04,9.99995e-01,9.99710e-01
1.344042489e+00,4.35678e-06,9.99999e-01,4.35950e-06,9.99995e-01,9.99379e-01
1.350762701e+00,7.65098e-18,9.99999e-01,7.65860e-18,9.99995e-01,9.99009e-01
1.357516515e+00,1.51132e-26,9.99999e-01,1.51318e-26,9.99995e-01,9.98773e-01
1.364304097e+00,2.57055e-16,9.99999e-01,2.57395e-16,9.99995e-01,9.98685e-01
1.371125618e+00,4.45320e-10,9.99999e-01,4.45912e-10,9.99995e-01,9.98674e-01
1.377981246e+00,1.40052e-09,9.99999e-01,1.40252e-09,9.99995e-01,9.98576e-01
1.384871152e+00,1.20316e-13,9.99999e-01,1.20486e-13,9.99995e-01,9.98591e-01
1.391795508e+00,1.58372e-16,9.99999e-01,1.58563e-16,9.99995e-01,9.98793e-01
1.398754485e+00,7.83779e-13,9.99999e-01,7.84572e-13,9.99995e-01,9.98992e-01
1.405748258e+00,9.07929e-13,9.99999e-01,9.08753e-13,9.99995e-01,9.99096e-01
1.412776999e+00,1.58806e-12,9.99999e-01,1.58922e-12,9.99995e-01,9.99273e-01
1.419840884e+00,2.57419e-12,9.99999e-01,2.57559e-12,9.99995e-01,9.99457e-01
1.426940089e+00,1.69489e-08,9.99999e-01,1.69546e-08,9.99996e-01,9.99663e-01
1.434074789e+00,2.12273e-07,9.99999e-01,2.12319e-07,9.99996e-01,9.99790e-01
1.441245163e+00,3.42866e-06,9.99999e-01,3.42922e-06,9.99996e-01,9.99836e-01
1.448451389e+00,2.03695e-04,9.99999e-01,2.03723e-04,9.99996e-01,9.99864e-01
1.455693646e+00,3.03905e-03,9.99999e-01,3.03940e-03,9.99996e-01,9.99887e-01
1.462972114e+00,4.60573e-03,9.99999e-01,4.60618e-03,9.99996e-01,9.99904e-01
1.470286975e+00,2.07815e-03,9.99999e-01,2.07833e-03,9.99996e-01,9.99914e-01
1.477638409e+00,3.51887e-03,9.99999e-01,3.51914e-03,9.99996e-01,9.99926e-01
1.485026601e+00,7.54520e-03,9.99999e-01,7.54565e-03,9.99996e-01,9.99943e-01
1.492451734e+00,2.87757e-02,9.99999e-01,2.87769e-02,9.99996e-01,9.99961e-01
1.499913993e+00,8.22456e-02,9.99999e-01,8.22475e-02,9.99996e-01,9.99978e-01
1.507413563e+00,1.60697e-01,9.99999e-01,1.60699e-01,9.99996e-01,9.99988e-01
1.514950631e+00,3.11689e-01,9.99999e-01,3.11692e-01,9.99996e-01,9.99992e-01
1.522525384e+00,4.67184e-01,9.99999e-01,4.67187e-01,9.99996e-01,9.99995e-01
1.530138011e+00,5.67926e-01,9.99999e-01,5.67929e-01,9.99996e-01,9.99997e-01
1.537788701e+00,7.25206e-01,9.99999e-01,7.25208e-01,9.99996e-01,9.99998e-01
1.545477645e+00,8.14994e-01,9.99999e-01,8.14996e-01,9.99996e-01,9.99998e-01
1.553205033e+00,8.46410e-01,9.99999e-01,8.46413e-01,9.99997e-01,9.99999e-01
1.560971058e+00,9.00990e-01,9.99999e-01,9.00992e-01,9.99997e-01,9.99999e-01
1.568775913e+00,9.33772e-01,9.99999e-01,9.33775e-01,9.99997e-01,9.99999e-01
1.576619793e+00,9.48006e-01,9.99999e-01,9.48009e-01,9.99997e-01,9.99999e-01
1.584502892e+00,9.68139e-01,9.99999e-01,9.68141e-01,9.99997e-01,9.99999e-01
1.592425406e+00,9.70472e-01,9.99999e-01,9.70474e-01,9.99997e-01,9.99999e-01
1.600387533e+00,9.79567e-01,9.99999e-01,9.79569e-01,9.99997e-01,9.99999e-01
1.608389471e+00,9.78854e-01,9.99999e-01,9.78856e-01,9.99997e-01,9.99999e-01
1.616431418e+00,9.78446e-01,9.99999e-01,9.78448e-01,9.99997e-01,9.99999e-01
1.624513575e+00,9.76982e-01,9.99999e-01,9.76984e-01,9.99997e-01,9.99999e-01
1.632636143e+00,9.64117e-01,9.99999e-01,9.64119e-01,9.99997e-01,9.99999e-01
1.640799324e+00,9.52525e-01,9.99999e-01,9.52527e-01,9.99997e-01,9.99999e-01
1.649003321e+00,9.39504e-01,9.99999e-01,9.39506e-01,9.99997e-01,9.99999e-01
1.657248337e+00,9.21412e-01,9.99999e-01,9.21414e-01,9.99997e-01,9.99998e-01
1.665534579e+00,8.94771e-01,9.99999e-01,8.94773e-01,9.99997e-01,9.99998e-01
1.673862252e+00,8.57920e-01,9.99999e-01,8.57922e-01,9.99997e-01,9.99998e-01
1.682231563e+00,8.76260e-01,9.99999e-01,8.76263e-01,9.99997e-01,9.99998e-01
1.690642721e+00,7.93232e-01,9.99999e-01,7.93235e-01,9.99997e-01,9.99997e-01
1.699095934e+00,7.65125e-01,9.99999e-01,7.65129e-01,9.99997e-01,9.99995e-01
1.707591414e+00,7.52394e-01,9.99999e-01,7.52399e-01,9.99997e-01,9.99993e-01
1.716129371e+00,7.01581e-01,9.99999e-01,7.01589e-01,9.99997e-01,9.99991e-01
1.724710018e+00,5.93652e-01,9.99999e-01,5.93661e-01,9.99997e-01,9.99987e-01
1.733333568e+00,5.10287e-01,9.99999e-01,5.10298e-01,9.99997e-01,9.99979e-01
1.742000236e+00,3.54367e-01,9.99999e-01,3.54378e-01,9.99997e-01,9.99968e-01
1.750710237e+00,1.56386e-01,9.99999e-01,1.56394e-01,9.99997e-01,9.99950e-01
1.759463788e+00,3.44506e-02,9.99999e-01,3.44533e-02,9.99998e-01,9.99921e-01
1.768261107e+00,3.10426e-03,9.99999e-01,3.10465e-03,9.99998e-01,9.99873e-01
1.777102413e+00,9.46102e-05,9.99999e-01,9.46291e-05,9.99998e-01,9.99800e-01
1.785987925e+00,3.48573e-07,9.99999e-01,3.48684e-07,9.99998e-01,9.99680e-01
1.794917864e+00,1.02949e-08,9.99999e-01,1.03007e-08,9.99998e-01,9.99446e-01
1.803892454e+00,2.79939e-15,9.99999e-01,2.80174e-15,9.99998e-01,9.99161e-01
1.812911916e+00,2.71721e-20,9.99999e-01,2.72019e-20,9.99998e-01,9.98904e-01
1.821976476e+00,4.57047e-20,9.99999e-01,4.57647e-20,9.99998e-01,9.98690e-01
1.831086358e+00,5.35866e-22,9.99999e-01,5.36680e-22,9.99998e-01,9.98484e-01
1.840241790e+00,5.42043e-18,9.99999e-01,5.42953e-18,9.99998e-01,9.98324e-01
1.849442999e+00,5.59072e-17,9.99999e-01,5.60084e-17,9.99998e-01,9.98194e-01
1.858690214e+00,1.72961e-26,9.99999e-01,1.73323e-26,9.99998e-01,9.97912e-01
1.867983665e+00,2.08184e-27,9.99999e-01,2.08669e-27,9.99998e-01,9.97675e-01
1.877323583e+00,4.14092e-11,9.99999e-01,4.15010e-11,9.99998e-01,9.97787e-01
1.886710201e+00,1.80429e-09,9.99999e-01,1.80768e-09,9.99998e-01,9.98125e-01
1.896143752e+00,1.43208e-08,9.99999e-01,1.43450e-08,9.99998e-01,9.98308e-01
1.905624471e+00,2.40551e-16,9.99999e-01,2.40930e-16,9.99998e-01,9.98425e-01
1.915152593e+00,1.70030e-19,9.99999e-01,1.70281e-19,9.99998e-01,9.98531e-01
1.924728356e+00,1.18057e-21,9.99999e-01,1.18211e-21,9.99998e-01,9.98704e-01
1.934351998e+00,1.44101e-24,9.99999e-01,1.44255e-24,9.99998e-01,9.98932e-01
1.944023758e+00,2.05936e-13,9.99999e-01,2.06095e-13,9.99998e-01,9.99230e-01
1.953743877e+00,6.54467e-13,9.99999e-01,6.54797e-13,9.99998e-01,9.99495e-01
1.963512596e+00,6.35625e-09,9.99999e-01,6.35825e-09,9.99998e-01,9.99685e-01
1.973330159e+00,1.46459e-06,9.99999e-01,1.46487e-06,9.99998e-01,9.99810e-01
1.983196810e+00,6.64311e-04,9.99999e-01,6.64393e-04,9.99998e-01,9.99877e-01
1.993112794e+00,2.91047e-03,9.99999e-01,2.91070e-03,9.99998e-01,9.99920e-01
2.003078358e+00,2.22260e-02,9.99999e-01,2.22272e-02,9.99998e-01,9.99947e-01
2.013093750e+00,8.18925e-02,9.99999e-01,8.18953e-02,9.99998e-01,9.99966e-01
2.023159218e+00,2.26096e-01,9.99999e-01,2.26101e-01,9.99998e-01,9.99977e-01
2.033275015e+00,3.28006e-01,9.99999e-01,3.28010e-01,9.99998e-01,9.99985e-01
2.043441390e+00,4.96823e-01,9.99999e-01,4.96828e-01,9.99998e-01,9.99990e-01
2.053658597e+00,5.54641e-01,9.99999e-01,5.54645e-01,9.99998e-01,9.99993e-01
2.063926890e+00,6.69968e-01,9.99999e-01,6.69972e-01,9.99998e-01,9.99995e-01
2.074246524e+00,7.06736e-01,9.99999e-01,7.06739e-01,9.99998e-01,9.99996e-01
2.084617757e+00,7.96114e-01,9.99999e-01,7.96117e-01,9.99998e-01,9.99997e-01
2.095040845e+00,8.35879e-01,9.99999e-01,8.35881e-01,9.99998e-01,9.99997e-01
2.105516050e+00,8.57204e-01,9.99999e-01,8.57206e-01,9.99998e-01,9.99997e-01
2.116043630e+00,8.62782e-01,9.99999e-01,8.62784e-01,9.99998e-01,9.99997e-01
2.126623848e+00,9.14178e-01,9.99999e-01,9.14180e-01,9.99998e-01,9.99997e-01
2.137256967e+00,9.18419e-01,9.99999e-01,9.18422e-01,9.99998e-01,9.99997e-01
2.147943252e+00,9.21227e-01,9.99999e-01,9.21229e-01,9.99998e-01,9.99997e-01
2.158682968e+00,9.27824e-01,9.99999e-01,9.27826e-01,9.99998e-01,9.99997e-01
2.169476383e+00,9.23285e-01,9.99999e-01,9.23288e-01,9.99998e-01,9.99997e-01
2.180323765e+00,9.13185e-01,9.99999e-01,9.13187e-01,9.99998e-01,9.99997e-01
2.191225384e+00,8.95279e-01,9.99999e-01,8.95282e-01,9.99998e-01,9.99997e-01
2.202181511e+00,8.70490e-01,9.99999e-01,8.70492e-01,9.99998e-01,9.99997e-01
2.213192418e+00,8.71035e-01,9.99999e-01,8.71037e-01,9.99998e-01,9.99996e-01
2.224258381e+00,8.47058e-01,9.99999e-01,8.47061e-01,9.99998e-01,9.99996e-01
2.235379672e+00,8.71016e-01,9.99999e-01,8.71020e-01,9.99998e-01,9.99996e-01
2.246556571e+00,7.79776e-01,9.99999e-01,7.79780e-01,9.99998e-01,9.99995e-01
2.257789354e+00,8.28382e-01,9.99999e-01,8.28387e-01,9.99998e-01,9.99994e-01
2.269078300e+00,6.24557e-01,9.99999e-01,6.24562e-01,9.99998e-01,9.99992e-01
2.280423692e+00,6.78376e-01,9.99999e-01,6.78382e-01,9.99998e-01,9.99991e-01
2.291825810e+00,4.69455e-01,9.99999e-01,4.69460e-01,9.99998e-01,9.99988e-01
2.303284939e+00,5.08857e-01,9.99999e-01,5.08865e-01,9.99998e-01,9.99984e-01
2.314801364e+00,3.19976e-01,9.99999e-01,3.19983e-01,9.99999e-01,9.99978e-01
2.326375371e+00,3.03839e-01,9.99999e-01,3.03847e-01,9.99999e-01,9.99970e-01
2.338007248e+00,2.96917e-01,9.99999e-01,2.96929e-01,9.99999e-01,9.99960e-01
2.349697284e+00,1.17840e-01,9.99999e-01,1.17847e-01,9.99999e-01,9.99945e-01
2.361445770e+00,1.59226e-01,9.99999e-01,1.59238e-01,9.99999e-01,9.99925e-01
2.373252999e+00,9.36641e-02,9.99999e-01,9.36738e-02,9.99999e-01,9.99896e-01
2.385119264e+00,1.60239e-02,9.99999e-01,1.60262e-02,9.99999e-01,9.99857e-01
2.397044861e+00,7.61411e-02,9.99999e-01,7.61575e-02,9.99999e-01,9.99784e-01
2.409030085e+00,8.38946e-03,9.99999e-01,8.39211e-03,9.99999e-01,9.99684e-01
2.421075235e+00,1.44325e-02,9.99999e-01,1.44387e-02,9.99999e-01,9.99568e-01
2.433180612e+00,3.55565e-03,9.99999e-01,3.55773e-03,9.99999e-01,9.99414e-01
2.445346515e+00,3.44365e-04,9.99999e-01,3.44635e-04,9.99999e-01,9.99216e-01
2.457573247e+00,8.12196e-06,9.99999e-01,8.13053e-06,9.99999e-01,9.98945e-01
2.469861113e+00,6.91280e-09,9.99999e-01,6.92268e-09,9.99999e-01,9.98573e-01
2.482210419e+00,6.28161e-17,9.99999e-01,6.29423e-17,9.99999e-01,9.97994e-01
2.494621471e+00,7.15642e-28,9.99999e-01,7.17683e-28,9.99999e-01,9.97156e-01
2.507094578e+00,3.52768e-45,9.99999e-01,3.54238e-45,9.99999e-01,9.95851e-01
2.519630051e+00,1.45375e-83,9.99999e-01,1.46260e-83,9.99999e-01,9.93943e-01
2.532228202e+00,8.00098e-113,9.99999e-01,8.06631e-113,9.99999e-01,9.91900e-01
2.544889343e+00,4.59049e-154,9.99999e-01,4.63847e-154,9.99999e-01,9.89656e-01
2.557613789e+00,6.41859e-151,9.99999e-01,6.49764e-151,9.99999e-01,9.87833e-01
2.570401858e+00,3.05366e-252,9.99999e-01,3.09437e-252,9.99999e-01,9.86843e-01
2.583253867e+00,3.14165e-213,9.99999e-01,3.18636e-213,9.99999e-01,9.85970e-01
2.596170137e+00,1.04902e-180,9.99999e-01,1.06464e-180,9.99999e-01,9.85326e-01
2.609150988e+00,2.45968e-126,9.99999e-01,2.49861e-126,9.99999e-01,9.84420e-01
2.622196742e+00,4.66740e-106,9.99999e-01,4.74331e-106,9.99999e-01,9.83995e-01
2.635307726e+00,2.37246e-47,9.99999e-01,2.41280e-47,9.99999e-01,9.83276e-01
2.648484265e+00,2.35224e-57,9.99999e-01,2.39799e-57,9.99999e-01,9.80920e-01
2.661726686e+00,5.14538e-102,9.99999e-01,5.25699e-102,9.99999e-01,9.78770e-01
2.675035320e+00,0.00000e+00,9.99999e-01,0.00000e+00,9.99999e-01,9.79835e-01
2.688410496e+00,1.00783e-182,9.99999e-01,1.02738e-182,9.99999e-01,9.80971e-01
2.701852549e+00,2.29956e-159,9.99999e-01,2.33994e-159,9.99999e-01,9.82742e-01
2.715361811e+00,5.95536e-158,9.99999e-01,6.05246e-158,9.99999e-01,9.83956e-01
2.728938620e+00,2.32138e-112,9.99999e-01,2.35489e-112,9.99999e-01,9.85771e-01
2.742583314e+00,4.28736e-120,9.99999e-01,4.34693e-120,9.99999e-01,9.86295e-01
2.756296230e+00,3.68025e-124,9.99999e-01,3.72933e-124,9.99999e-01,9.86840e-01
2.770077711e+00,1.96037e-171,9.99999e-01,1.98281e-171,9.99999e-01,9.88681e-01
2.783928100e+00,3.40340e-171,9.99999e-01,3.43904e-171,9.99999e-01,9.89634e-01
2.797847740e+00,1.10837e-129,9.99999e-01,1.11832e-129,9.99999e-01,9.91098e-01
2.811836979e+00,1.37324e-138,9.99999e-01,1.38305e-138,9.99999e-01,9.92906e-01
2.825896164e+00,1.03953e-119,9.99999e-01,1.04525e-119,9.99999e-01,9.94525e-01
2.840025645e+00,1.03860e-90,9.99999e-01,1.04312e-90,9.99999e-01,9.95658e-01
2.854225773e+00,5.55710e-79,9.99999e-01,5.57623e-79,9.99999e-01,9.96568e-01
2.868496902e+00,2.01709e-74,9.99999e-01,2.02208e-74,9.99999e-01,9.97530e-01
2.882839386e+00,3.34818e-59,9.99999e-01,3.35426e-59,9.99999e-01,9.98188e-01
2.897253583e+00,1.73119e-50,9.99999e-01,1.73372e-50,9.99999e-01,9.98540e-01
2.911739851e+00,6.58110e-34,9.99999e-01,6.58875e-34,9.99999e-01,9.98838e-01
2.926298550e+00,1.81215e-23,9.99999e-01,1.81374e-23,9.99999e-01,9.99122e-01
2.940930043e+00,5.38704e-23,9.99999e-01,5.39082e-23,9.99999e-01,9.99298e-01
2.955634693e+00,3.83174e-23,9.99999e-01,3.83397e-23,9.99999e-01,9.99418e-01
2.970412867e+00,7.35039e-20,9.99999e-01,7.35374e-20,9.99999e-01,9.99544e-01
2.985264931e+00,1.07832e-15,9.99999e-01,1.07872e-15,9.99999e-01,9.99632e-01
3.000191256e+00,3.33367e-12,9.99999e-01,3.33472e-12,9.99999e-01,9.99684e-01
3.015192212e+00,1.20420e-11,9.99999e-01,1.20450e-11,9.99999e-01,9.99748e-01
3.030268173e+00,5.38317e-10,9.99999e-01,5.38434e-10,9.99999e-01,9.99783e-01
3.045419514e+00,2.76584e-11,9.99999e-01,2.76638e-11,9.99999e-01,9.99803e-01
3.060646612e+00,1.33095e-07,9.99999e-01,1.33118e-07,9.99999e-01,9.99825e-01
3.075949845e+00,2.43979e-07,9.99999e-01,2.44020e-07,9.99999e-01,9.99834e-01
3.091329594e+00,6.61660e-07,9.99999e-01,6.61761e-07,9.99999e-01,9.99847e-01
3.106786242e+00,2.84135e-06,9.99999e-01,2.84176e-06,9.99999e-01,9.99857e-01
3.122320173e+00,2.24095e-05,9.99999e-01,2.24126e-05,9.99999e-01,9.99864e-01
3.137931774e+00,2.62663e-05,9.99999e-01,2.62697e-05,9.99999e-01,9.99871e-01
3.153621433e+00,1.19174e-03,9.99999e-01,1.19190e-03,9.99999e-01,9.99868e-01
3.169389540e+00,2.35711e-03,9.99999e-01,2.35746e-03,9.99999e-01,9.99853e-01
3.185236488e+00,8.33004e-04,9.99999e-01,8.33145e-04,9.99999e-01,9.99829e-01
3.201162670e+00,9.58623e-07,9.99999e-01,9.58794e-07,9.99999e-01,9.99820e-01
3.217168483e+00,1.86193e-05,9.99999e-01,1.86227e-05,9.99999e-01,9.99815e-01
3.233254326e+00,7.92965e-04,9.99999e-01,7.93108e-04,9.99999e-01,9.99819e-01
3.249420598e+00,9.38195e-03,9.99999e-01,9.38353e-03,9.99999e-01,9.99831e-01
3.265667701e+00,7.33233e-04,9.99999e-01,7.33350e-04,9.99999e-01,9.99840e-01
3.281996039e+00,2.35534e-03,9.99999e-01,2.35570e-03,9.99999e-01,9.99848e-01
3.298406019e+00,1.60008e-04,9.99999e-01,1.60031e-04,9.99999e-01,9.99859e-01
3.314898049e+00,8.91723e-05,9.99999e-01,8.91841e-05,9.99999e-01,9.99867e-01
3.331472540e+00,3.53738e-04,9.99999e-01,3.53781e-04,9.99999e-01,9.99877e-01
3.348129902e+00,1.87616e-04,9.99999e-01,1.87636e-04,9.99999e-01,9.99893e-01
3.364870552e+00,8.50622e-04,9.99999e-01,8.50695e-04,9.99999e-01,9.99914e-01
3.381694905e+00,2.89882e-03,9.99999e-01,2.89901e-03,9.99999e-01,9.99934e-01
3.398603379e+00,9.11906e-03,9.99999e-01,9.11950e-03,9.99999e-01,9.99951e-01
3.415596396e+00,3.44420e-02,9.99999e-01,3.44431e-02,9.99999e-01,9.99966e-01
3.432674378e+00,3.93466e-02,9.99999e-01,3.93476e-02,9.99999e-01,9.99974e-01
3.449837750e+00,1.04835e-01,9.99999e-01,1.04837e-01,9.99999e-01,9.99980e-01
3.467086939e+00,2.09429e-01,9.99999e-01,2.09432e-01,9.99999e-01,9.99984e-01
3.484422373e+00,2.24345e-01,9.99999e-01,2.24348e-01,9.99999e-01,9.99986e-01
3.501844485e+00,4.22094e-01,9.99999e-01,4.22098e-01,9.99999e-01,9.99988e-01
3.519353708e+00,4.86734e-01,9.99999e-01,4.86739e-01,9.99999e-01,9.99989e-01
3.536950476e+00,5.21391e-01,9.99999e-01,5.21396e-01,9.99999e-01,9.99990e-01
3.554635228e+00,6.67126e-01,9.99999e-01,6.67132e-01,9.99999e-01,9.99990e-01
3.572408405e+00,6.76112e-01,9.99999e-01,6.76118e-01,9.99999e-01,9.99991e-01
3.590270447e+00,7.61030e-01,9.99999e-01,7.61036e-01,9.99999e-01,9.99991e-01
3.608221799e+00,8.08750e-01,9.99999e-01,8.08757e-01,9.99999e-01,9.99991e-01
3.626262908e+00,8.33833e-01,9.99999e-01,8.33839e-01,9.99999e-01,9.99992e-01
3.644394222e+00,8.97253e-01,9.99999e-01,8.97259e-01,9.99999e-01,9.99992e-01
3.662616193e+00,8.37391e-01,9.99999e-01,8.37397e-01,9.99999e-01,9.99992e-01
3.680929274e+00,7.46645e-01,9.99999e-01,7.46650e-01,9.99999e-01,9.99992e-01
3.699333921e+00,8.71976e-01,9.99999e-01,8.71982e-01,9.99999e-01,9.99992e-01
3.717830590e+00,8.99055e-01,9.99999e-01,8.99061e-01,9.99999e-01,9.99992e-01
3.736419743e+00,8.82578e-01,9.99999e-01,8.82584e-01,9.99999e-01,9.99992e-01
3.755101842e+00,8.74820e-01,9.99999e-01,8.74826e-01,9.99999e-01,9.99992e-01
3.773877351e+00,8.95629e-01,9.99999e-01,8.95635e-01,9.99999e-01,9.99992e-01
3.792746738e+00,8.75091e-01,9.99999e-01,8.75097e-01,9.99999e-01,9.99992e-01
3.811710472e+00,8.49334e-01,9.99999e-01,8.49340e-01,9.99999e-01,9.99992e-01
3.830769024e+00,8.38504e-01,9.99999e-01,8.38510e-01,9.99999e-01,9.99993e-01
3.849922869e+00,7.76981e-01,9.99999e-01,7.76986e-01,9.99999e-01,9.99993e-01
3.869172484e+00,7.44225e-01,9.99999e-01,7.44229e-01,9.99999e-01,9.99993e-01
3.888518346e+00,8.45739e-01,9.99999e-01,8.45744e-01,9.99999e-01,9.99993e-01
3.907960938e+00,8.30293e-01,9.99999e-01,8.30299e-01,9.99999e-01,9.99993e-01
3.927500742e+00,3.73808e-01,9.99999e-01,3.73811e-01,9.99999e-01,9.99993e-01
3.947138246e+00,4.89688e-01,9.99999e-01,4.89691e-01,9.99999e-01,9.99992e-01
3.966873937e+00,2.08349e-01,9.99999e-01,2.08350e-01,9.99999e-01,9.99992e-01
3.986708307e+00,7.25983e-01,9.99999e-01,7.25988e-01,9.99999e-01,9.99992e-01
4.006641849e+00,8.90090e-01,9.99999e-01,8.90097e-01,9.99999e-01,9.99992e-01
4.026675058e+00,8.73698e-01,9.99999e-01,8.73705e-01,9.99999e-01,9.99992e-01
4.046808433e+00,8.50376e-01,9.99999e-01,8.50383e-01,9.99999e-01,9.99992e-01
4.067042475e+00,8.28892e-01,9.99999e-01,8.28899e-01,9.99999e-01,9.99991e-01
4.087377688e+00,8.18149e-01,9.99999e-01,8.18155e-01,9.99999e-01,9.99991e-01
4.107814576e+00,7.56628e-01,9.99999e-01,7.56634e-01,9.99999e-01,9.99991e-01
4.128353649e+00,6.46010e-01,9.99999e-01,6.46016e-01,9.99999e-01,9.99990e-01
4.148995417e+00,5.84388e-01,9.99999e-01,5.84394e-01,9.99999e-01,9.99990e-01
4.169740394e+00,4.23680e-01,9.99999e-01,4.23684e-01,9.99999e-01,9.99989e-01
4.190589096e+00,3.52123e-01,9.99999e-01,3.52127e-01,9.99999e-01,9.99989e-01
4.211542042e+00,1.96826e-01,9.99999e-01,1.96828e-01,9.99999e-01,9.99988e-01
4.232599752e+00,1.65873e-01,9.99999e-01,1.65875e-01,9.99999e-01,9.99988e-01
4.253762751e+00,1.01800e-01,9.99999e-01,1.01801e-01,9.99999e-01,9.99987e-01
4.275031564e+00,4.30480e-02,9.99999e-01,4.30486e-02,9.99999e-01,9.99986e-01
4.296406722e+00,1.80895e-02,9.99999e-01,1.80898e-02,9.99999e-01,9.99985e-01
4.317888756e+00,2.69100e-02,9.99999e-01,2.69104e-02,9.99999e-01,9.99984e-01
4.339478200e+00,1.09423e-02,9.99999e-01,1.09425e-02,9.99999e-01,9.99983e-01
4.361175591e+00,6.61743e-03,9.99999e-01,6.61755e-03,9.99999e-01,9.99982e-01
4.382981469e+00,6.65802e-03,9.99999e-01,6.65815e-03,9.99999e-01,9.99980e-01
4.404896376e+00,5.76847e-03,9.99999e-01,5.76859e-03,9.99999e-01,9.99978e-01
4.426920858e+00,2.30913e-03,9.99999e-01,2.30918e-03,9.99999e-01,9.99976e-01
4.449055462e+00,4.82472e-03,9.99999e-01,4.82484e-03,9.99999e-01,9.99974e-01
4.471300739e+00,1.40113e-03,9.99999e-01,1.40117e-03,9.99999e-01,9.99972e-01
4.493657243e+00,4.18199e-03,9.99999e-01,4.18211e-03,9.99999e-01,9.99969e-01
4.516125529e+00,7.87495e-04,9.99999e-01,7.87522e-04,9.99999e-01,9.99966e-01
4.538706157e+00,4.14775e-03,9.99999e-01,4.14790e-03,9.99999e-01,9.99962e-01
4.561399688e+00,4.32367e-03,9.99999e-01,4.32385e-03,9.99999e-01,9.99957e-01
4.584206686e+00,6.60926e-03,9.99999e-01,6.60958e-03,9.99999e-01,9.99951e-01
4.607127720e+00,3.01589e-03,9.99999e-01,3.01605e-03,9.99999e-01,9.99945e-01
4.630163358e+00,4.76019e-05,9.99999e-01,4.76049e-05,9.99999e-01,9.99936e-01
4.653314175e+00,2.70270e-05,9.99999e-01,2.70289e-05,9.99999e-01,9.99927e-01
4.676580746e+00,2.11859e-06,9.99999e-01,2.11876e-06,9.99999e-01,9.99915e-01
4.699963650e+00,1.32680e-05,9.99999e-01,1.32693e-05,9.99999e-01,9.99902e-01
4.723463468e+00,4.91507e-07,9.99999e-01,4.91564e-07,9.99999e-01,9.99884e-01
4.747080785e+00,3.84162e-05,9.99999e-01,3.84215e-05,9.99999e-01,9.99863e-01
4.770816189e+00,2.18689e-06,9.99999e-01,2.18724e-06,9.99999e-01,9.99838e-01
4.794670270e+00,4.14893e-09,9.99999e-01,4.14972e-09,9.99999e-01,9.99808e-01
4.818643622e+00,2.05533e-09,9.99999e-01,2.05580e-09,9.99999e-01,9.99772e-01
4.842736840e+00,2.72788e-11,9.99999e-01,2.72861e-11,9.99999e-01,9.99731e-01
4.866950524e+00,4.37800e-08,9.99999e-01,4.37939e-08,9.99999e-01,9.99681e-01
4.891285276e+00,1.03887e-10,9.99999e-01,1.03927e-10,9.99999e-01,9.99617e-01
4.915741703e+00,3.64235e-10,9.99999e-01,3.64397e-10,9.99999e-01,9.99553e-01
4.940320411e+00,2.70019e-11,9.99999e-01,2.70163e-11,9.99999e-01,9.99467e-01
4.965022013e+00,2.40697e-15,9.99999e-01,2.40845e-15,9.99999e-01,9.99381e-01
4.989847123e+00,1.98052e-13,9.99999e-01,1.98190e-13,9.99999e-01,9.99301e-01
5.014796359e+00,4.94532e-16,9.99999e-01,4.94932e-16,9.99999e-01,9.99192e-01
5.039870341e+00,6.14473e-16,9.99999e-01,6.15050e-16,9.99999e-01,9.99061e-01
5.065069693e+00,8.85273e-16,9.99999e-01,8.86264e-16,9.99999e-01,9.98880e-01
5.090395041e+00,3.43246e-23,9.99999e-01,3.43690e-23,9.99999e-01,9.98706e-01
5.115847016e+00,1.54859e-23,9.99999e-01,1.55092e-23,9.99999e-01,9.98496e-01
5.141426251e+00,1.31644e-30,9.99999e-01,1.31873e-30,9.99999e-01,9.98264e-01
5.167133383e+00,2.71702e-35,9.99999e-01,2.72238e-35,9.99999e-01,9.98031e-01
5.192969049e+00,3.61003e-35,9.99999e-01,3.61812e-35,9.99999e-01,9.97766e-01
5.218933895e+00,8.07968e-56,9.99999e-01,8.09979e-56,9.99999e-01,9.97516e-01
5.245028564e+00,2.14644e-42,9.99999e-01,2.15231e-42,9.99999e-01,9.97270e-01
5.271253707e+00,7.31432e-44,9.99999e-01,7.33680e-44,9.99999e-01,9.96935e-01
5.297609976e+00,1.86134e-53,9.99999e-01,1.86768e-53,9.99999e-01,9.96605e-01
5.324098025e+00,9.19809e-54,9.99999e-01,9.23219e-54,9.99999e-01,9.96306e-01
5.350718516e+00,4.28749e-66,9.99999e-01,4.30571e-66,9.99999e-01,9.95768e-01
5.377472108e+00,5.77439e-69,9.99999e-01,5.80049e-69,9.99999e-01,9.95499e-01
5.404359469e+00,6.24093e-69,9.99999e-01,6.27294e-69,9.99999e-01,9.94897e-01
5.431381266e+00,2.23861e-128,9.99999e-01,2.25097e-128,9.99999e-01,9.94508e-01
5.458538172e+00,2.22191e-128,9.99999e-01,2.23549e-128,9.99999e-01,9.93923e-01
5.485830863e+00,5.37269e-138,9.99999e-01,5.40935e-138,9.99999e-01,9.93221e-01
5.513260018e+00,9.16818e-146,9.99999e-01,9.23714e-146,9.99999e-01,9.92533e-01
5.540826318e+00,1.78627e-152,9.99999e-01,1.80122e-152,9.99999e-01,9.91699e-01
5.568530449e+00,9.15262e-240,9.99999e-01,9.23674e-240,9.99999e-01,9.90891e-01
5.596373101e+00,8.22334e-229,9.99999e-01,8.30730e-229,9.99999e-01,9.89891e-01
5.624354967e+00,9.21602e-207,9.99999e-01,9.32203e-207,9.99999e-01,9.88627e-01
5.652476742e+00,2.70996e-225,9.99999e-01,2.74399e-225,9.99999e-01,9.87597e-01
5.680739126e+00,2.98895e-260,9.99999e-01,3.03015e-260,9.99999e-01,9.86400e-01
5.709142821e+00,7.83066e-284,9.99999e-01,7.94823e-284,9.99999e-01,9.85206e-01
5.737688535e+00,2.06126e-275,9.99999e-01,2.09554e-275,9.99999e-01,9.83637e-01
5.766376978e+00,1.49276e-208,9.99999e-01,1.51867e-208,9.99999e-01,9.82944e-01
5.795208863e+00,1.59838e-190,9.99999e-01,1.62770e-190,9.99999e-01,9.81992e-01
5.824184907e+00,6.86090e-232,9.99999e-01,6.99402e-232,9.99999e-01,9.80965e-01
5.853305832e+00,1.98276e-228,9.99999e-01,2.02242e-228,9.99999e-01,9.80388e-01
5.882572361e+00,5.56825e-281,9.99999e-01,5.68273e-281,9.99999e-01,9.79853e-01
5.911985223e+00,3.42417e-270,9.99999e-01,3.49656e-270,9.99999e-01,9.79296e-01
5.941545149e+00,9.36186e-278,9.99999e-01,9.56093e-278,9.99999e-01,9.79177e-01
5.971252874e+00,2.45487e-239,9.99999e-01,2.50852e-239,9.99999e-01,9.78611e-01
6.001109139e+00,5.11178e-161,9.99999e-01,5.22553e-161,9.99999e-01,9.78230e-01
6.031114685e+00,5.64850e-177,9.99999e-01,5.77330e-177,9.99999e-01,9.78383e-01
6.061270258e+00,5.91542e-176,9.99999e-01,6.04317e-176,9.99999e-01,9.78859e-01
6.091576609e+00,2.29698e-149,9.99999e-01,2.34652e-149,9.99999e-01,9.78885e-01
6.122034492e+00,1.86061e-93,9.99999e-01,1.90080e-93,9.99999e-01,9.78859e-01
6.152644665e+00,5.61706e-95,9.99999e-01,5.73883e-95,9.99999e-01,9.78780e-01
6.183407888e+00,1.12207e-62,9.99999e-01,1.14641e-62,9.99999e-01,9.78768e-01
6.214324928e+00,2.36074e-42,9.99999e-01,2.41178e-42,9.99999e-01,9.78837e-01
6.245396552e+00,2.31649e-29,9.99999e-01,2.36691e-29,9.99999e-01,9.78697e-01
6.276623535e+00,7.07702e-30,9.99999e-01,7.23641e-30,9.99999e-01,9.77973e-01
6.308006653e+00,1.03930e-29,9.99999e-01,1.06405e-29,9.99999e-01,9.76739e-01
6.339546686e+00,1.51796e-64,9.99999e-01,1.55588e-64,9.99999e-01,9.75626e-01
6.371244419e+00,1.09405e-141,9.99999e-01,1.12196e-141,9.99999e-01,9.75124e-01
6.403100641e+00,5.07982e-201,9.99999e-01,5.20859e-201,9.99999e-01,9.75276e-01
6.435116145e+00,0.00000e+00,9.99999e-01,0.00000e+00,9.99999e-01,9.75406e-01
6.467291725e+00,0.00000e+00,9.99999e-01,0.00000e+00,9.99999e-01,9.75443e-01
6.499628184e+00,0.00000e+00,9.99999e-01,0.00000e+00,9.99999e-01,9.75553e-01
6.532126325e+00,0.00000e+00,9.99999e-01,0.00000e+00,9.99999e-01,9.76061e-01
6.564786956e+00,0.00000e+00,9.99999e-01,0.00000e+00,9.99999e-01,9.77476e-01
6.597610891e+00,0.00000e+00,9.99999e-01,0.00000e+00,9.99999e-01,9.78232e-01
6.630598946e+00,0.00000e+00,9.99999e-01,0.00000e+00,9.99999e-01,9.78863e-01
6.663751940e+00,0.00000e+00,9.99999e-01,0.00000e+00,9.99999e-01,9.80064e-01
6.697070700e+00,0.00000e+00,9.99999e-01,0.00000e+00,9.99999e-01,9.81482e-01
6.730556054e+00,3.45512e-241,9.99999e-01,3.51563e-241,9.99999e-01,9.82787e-01
6.764208834e+00,3.45741e-241,9.99999e-01,3.51348e-241,9.99999e-01,9.84041e-01
6.798029878e+00,1.34788e-296,9.99999e-01,1.36796e-296,9.99999e-01,9.85322e-01
6.832020027e+00,1.34832e-296,9.99999e-01,1.36772e-296,9.99999e-01,9.85814e-01
6.866180128e+00,0.00000e+00,9.99999e-01,0.00000e+00,9.99999e-01,9.86686e-01
6.900511028e+00,4.95376e-194,9.99999e-01,5.01500e-194,9.99999e-01,9.87788e-01
6.935013583e+00,5.02769e-194,9.99999e-01,5.08638e-194,9.99999e-01,9.88461e-01
6.969688651e+00,1.45826e-244,9.99999e-01,1.47420e-244,9.99999e-01,9.89185e-01
7.004537095e+00,1.04139e-241,9.99999e-01,1.05229e-241,9.99999e-01,9.89638e-01
7.039559780e+00,5.66319e-262,9.99999e-01,5.72228e-262,9.99999e-01,9.89672e-01
7.074757579e+00,2.19721e-205,9.99999e-01,2.21762e-205,9.99999e-01,9.90794e-01
7.110131367e+00,1.11358e-203,9.99999e-01,1.12315e-203,9.99999e-01,9.91481e-01
7.145682024e+00,2.14756e-228,9.99999e-01,2.16508e-228,9.99999e-01,9.91907e-01
7.181410434e+00,1.64053e-291,9.99999e-01,1.65271e-291,9.99999e-01,9.92630e-01
7.217317486e+00,1.91478e-214,9.99999e-01,1.92786e-214,9.99999e-01,9.93212e-01
7.253404073e+00,1.89635e-214,9.99999e-01,1.90830e-214,9.99999e-01,9.93734e-01
7.289671094e+00,1.81519e-187,9.99999e-01,1.82569e-187,9.99999e-01,9.94247e-01
7.326119449e+00,5.81078e-187,9.99999e-01,5.84103e-187,9.99999e-01,9.94820e-01
7.362750046e+00,1.08252e-135,9.99999e-01,1.08756e-135,9.99999e-01,9.95363e-01
7.399563797e+00,2.09612e-111,9.99999e-01,2.10491e-111,9.99999e-01,9.95823e-01
7.436561616e+00,1.08748e-120,9.99999e-01,1.09154e-120,9.99999e-01,9.96283e-01
7.473744424e+00,1.49672e-113,9.99999e-01,1.50161e-113,9.99999e-01,9.96741e-01
7.511113146e+00,1.14390e-98,9.99999e-01,1.14712e-98,9.99999e-01,9.97194e-01
7.548668712e+00,1.31554e-102,9.99999e-01,1.31878e-102,9.99999e-01,9.97543e-01
7.586412055e+00,1.07593e-186,9.99999e-01,1.07823e-186,9.99999e-01,9.97868e-01
7.624344115e+00,1.01380e-90,9.99999e-01,1.01565e-90,9.99999e-01,9.98179e-01
7.662465836e+00,5.81798e-56,9.99999e-01,5.82704e-56,9.99999e-01,9.98444e-01
7.700778165e+00,3.11999e-56,9.99999e-01,3.12412e-56,9.99999e-01,9.98677e-01
7.739282056e+00,4.49657e-93,9.99999e-01,4.50173e-93,9.99999e-01,9.98852e-01
7.777978466e+00,1.33156e-63,9.99999e-01,1.33287e-63,9.99999e-01,9.99016e-01
7.816868359e+00,4.16144e-52,9.99999e-01,4.16491e-52,9.99999e-01,9.99166e-01
7.855952700e+00,1.98330e-52,9.99999e-01,1.98474e-52,9.99999e-01,9.99269e-01
7.895232464e+00,5.34599e-52,9.99999e-01,5.34943e-52,9.99999e-01,9.99356e-01
7.934708626e+00,4.55522e-31,9.99999e-01,4.55780e-31,9.99999e-01,9.99432e-01
7.974382169e+00,7.16873e-24,9.99999e-01,7.17241e-24,9.99999e-01,9.99486e-01
8.014254080e+00,1.95393e-24,9.99999e-01,1.95483e-24,9.99999e-01,9.99536e-01
8.054325351e+00,5.30073e-23,9.99999e-01,5.30295e-23,9.99999e-01,9.99581e-01
8.094596977e+00,7.37048e-19,9.99999e-01,7.37328e-19,9.99999e-01,9.99618e-01
8.135069962e+00,2.27305e-18,9.99999e-01,2.27383e-18,9.99999e-01,9.99652e-01
8.175745312e+00,4.69075e-19,9.99999e-01,4.69225e-19,9.99999e-01,9.99678e-01
8.216624039e+00,1.33902e-15,9.99999e-01,1.33942e-15,9.99999e-01,9.99701e-01
8.257707159e+00,2.53229e-10,9.99999e-01,2.53299e-10,9.99999e-01,9.99720e-01
8.298995695e+00,3.53637e-09,9.99999e-01,3.53730e-09,9.99999e-01,9.99735e-01
8.340490673e+00,1.35942e-10,9.99999e-01,1.35976e-10,9.99999e-01,9.99748e-01
8.382193126e+00,6.63602e-08,9.99999e-01,6.63760e-08,9.99999e-01,9.99760e-01
8.424104092e+00,1.31140e-08,9.99999e-01,1.31171e-08,9.99999e-01,9.99770e-01
8.466224613e+00,2.17865e-08,9.99999e-01,2.17913e-08,9.99999e-01,9.99779e-01
8.508555736e+00,1.57722e-07,9.99999e-01,1.57756e-07,9.99999e-01,9.99786e-01
8.551098514e+00,2.59722e-05,9.99999e-01,2.59775e-05,9.99999e-01,9.99793e-01
8.593854007e+00,1.07243e-03,9.99999e-01,1.07264e-03,9.99999e-01,9.99798e-01
8.636823277e+00,1.80477e-03,9.99999e-01,1.80512e-03,9.99999e-01,9.99802e-01
8.680007393e+00,6.98594e-05,9.99999e-01,6.98728e-05,9.99999e-01,9.99806e-01
8.723407430e+00,2.71844e-04,9.99999e-01,2.71896e-04,9.99999e-01,9.99809e-01
8.767024467e+00,7.90201e-05,9.99999e-01,7.90349e-05,9.99999e-01,9.99812e-01
8.810859590e+00,5.97877e-04,9.99999e-01,5.97988e-04,9.99999e-01,9.99814e-01
8.854913888e+00,1.80371e-02,9.99999e-01,1.80404e-02,9.99999e-01,9.99816e-01
8.899188457e+00,1.20103e-02,9.99999e-01,1.20125e-02,9.99999e-01,9.99817e-01
8.943684399e+00,2.37028e-03,9.99999e-01,2.37070e-03,9.99999e-01,9.99818e-01
8.988402821e+00,1.56484e-03,9.99999e-01,1.56512e-03,9.99999e-01,9.99818e-01
9.033344836e+00,7.23634e-04,9.99999e-01,7.23764e-04,9.99999e-01,9.99818e-01
9.078511560e+00,3.23153e-03,9.99999e-01,3.23211e-03,9.99999e-01,9.99819e-01
9.123904118e+00,1.57245e-02,9.99999e-01,1.57274e-02,9.99999e-01,9.99818e-01
9.169523638e+00,1.08232e-02,9.99999e-01,1.08251e-02,9.99999e-01,9.99818e-01
9.215371256e+00,6.32254e-02,9.99999e-01,6.32369e-02,9.99999e-01,9.99817e-01
9.261448113e+00,5.00101e-02,9.99999e-01,5.00192e-02,9.99999e-01,9.99816e-01
9.307755353e+00,1.35677e-02,9.99999e-01,1.35702e-02,9.99999e-01,9.99816e-01
9.354294130e+00,7.65182e-03,9.99999e-01,7.65324e-03,9.99999e-01,9.99814e-01
9.401065601e+00,3.33096e-04,9.99999e-01,3.33158e-04,9.99999e-01,9.99813e-01
9.448070929e+00,3.69692e-03,9.99999e-01,3.69762e-03,9.99999e-01,9.99812e-01
9.495311283e+00,3.65107e-02,9.99999e-01,3.65176e-02,9.99999e-01,9.99810e-01
9.542787840e+00,9.17208e-02,9.99999e-01,9.17383e-02,9.99999e-01,9.99809e-01
9.590501779e+00,2.76171e-02,9.99999e-01,2.76224e-02,9.99999e-01,9.99807e-01
9.638454288e+00,2.27174e-02,9.99999e-01,2.27218e-02,9.99999e-01,9.99805e-01
9.686646559e+00,2.87239e-02,9.99999e-01,2.87295e-02,9.99999e-01,9.99803e-01
9.735079792e+00,7.02959e-02,9.99999e-01,7.03098e-02,9.99999e-01,9.99801e-01
9.783755191e+00,4.32794e-02,9.99999e-01,4.32881e-02,9.99999e-01,9.99799e-01
9.832673967e+00,1.74384e-03,9.99999e-01,1.74419e-03,9.99999e-01,9.99797e-01
9.881837337e+00,2.24735e-05,9.99999e-01,2.24781e-05,9.99999e-01,9.99795e-01
9.931246523e+00,1.19263e-02,9.99999e-01,1.19287e-02,9.99999e-01,9.99793e-01
9.980902756e+00,4.18712e-02,9.99999e-01,4.18799e-02,9.99999e-01,9.99791e-01
1.003080727e+01,4.15491e-02,9.99999e-01,4.15579e-02,9.99999e-01,9.99789e-01
1.008096131e+01,6.38433e-02,9.99999e-01,6.38569e-02,9.99999e-01,9.99786e-01
1.013136611e+01,1.23750e-01,9.99999e-01,1.23776e-01,9.99999e-01,9.99784e-01
1.018202294e+01,1.51379e-01,9.99999e-01,1.51412e-01,9.99999e-01,9.99782e-01
1.023293306e+01,4.56074e-02,9.99999e-01,4.56174e-02,9.99999e-01,9.99779e-01
1.028409772e+01,3.63489e-03,9.99999e-01,3.63570e-03,9.99999e-01,9.99777e-01
1.033551821e+01,1.68081e-03,9.99999e-01,1.68119e-03,9.99999e-01,9.99774e-01
1.038719580e+01,1.55472e-04,9.99999e-01,1.55507e-04,9.99999e-01,9.99772e-01
1.043913178e+01,1.33443e-04,9.99999e-01,1.33473e-04,9.99999e-01,9.99769e-01
1.049132744e+01,4.68003e-03,9.99999e-01,4.68111e-03,9.99999e-01,9.99766e-01
1.054378408e+01,1.21337e-02,9.99999e-01,1.21365e-02,9.99999e-01,9.99763e-01
1.059650300e+01,9.37281e-03,9.99999e-01,9.37506e-03,9.99999e-01,9.99759e-01
1.064948551e+01,6.14123e-03,9.99999e-01,6.14273e-03,9.99999e-01,9.99755e-01
1.070273294e+01,1.02373e-03,9.99999e-01,1.02398e-03,9.99999e-01,9.99750e-01
1.075624661e+01,1.10714e-03,9.99999e-01,1.10742e-03,9.99999e-01,9.99746e-01
1.081002784e+01,1.52853e-03,9.99999e-01,1.52893e-03,9.99999e-01,9.99741e-01
1.086407798e+01,3.82600e-05,9.99999e-01,3.82701e-05,9.99999e-01,9.99737e-01
1.091839837e+01,8.83535e-07,9.99999e-01,8.83770e-07,9.99999e-01,9.99732e-01
1.097299036e+01,1.22687e-10,9.99999e-01,1.22720e-10,9.99999e-01,9.99727e-01
1.102785531e+01,3.64357e-12,9.99999e-01,3.64457e-12,9.99999e-01,9.99724e-01
1.108299459e+01,1.41488e-05,9.99999e-01,1.41527e-05,9.99999e-01,9.99721e-01
1.113840956e+01,7.60502e-04,9.99999e-01,7.60716e-04,9.99999e-01,9.99718e-01
1.119410161e+01,2.93553e-03,9.99999e-01,2.93637e-03,9.99999e-01,9.99714e-01
1.125007212e+01,4.03074e-04,9.99999e-01,4.03190e-04,9.99999e-01,9.99710e-01
1.130632248e+01,2.52146e-04,9.99999e-01,2.52220e-04,9.99999e-01,9.99706e-01
1.136285409e+01,1.38119e-03,9.99999e-01,1.38160e-03,9.99999e-01,9.99702e-01
1.141966836e+01,2.28343e-03,9.99999e-01,2.28412e-03,9.99999e-01,9.99698e-01
1.147676670e+01,6.13825e-04,9.99999e-01,6.14012e-04,9.99999e-01,9.99694e-01
1.153415054e+01,3.47305e-05,9.99999e-01,3.47412e-05,9.99999e-01,9.99690e-01
1.159182129e+01,1.26697e-07,9.99999e-01,1.26736e-07,9.99999e-01,9.99685e-01
1.164978039e+01,4.06108e-10,9.99999e-01,4.06237e-10,9.99999e-01,9.99681e-01
1.170802930e+01,3.01143e-13,9.99999e-01,3.01241e-13,9.99999e-01,9.99676e-01
1.176656944e+01,2.63531e-08,9.99999e-01,2.63617e-08,9.99999e-01,9.99671e-01
1.182540229e+01,4.01162e-06,9.99999e-01,4.01295e-06,9.99999e-01,9.99667e-01
1.188452930e+01,4.96931e-06,9.99999e-01,4.97099e-06,9.99999e-01,9.99662e-01
1.194395195e+01,1.59577e-05,9.99999e-01,1.59631e-05,9.99999e-01,9.99657e-01
1.200367171e+01,1.47554e-04,9.99999e-01,1.47605e-04,9.99999e-01,9.99651e-01
1.206369007e+01,1.68642e-05,9.99999e-01,1.68701e-05,9.99999e-01,9.99645e-01
1.212400852e+01,1.38782e-04,9.99999e-01,1.38832e-04,9.99999e-01,9.99639e-01
1.218462856e+01,1.23895e-04,9.99999e-01,1.23941e-04,9.99999e-01,9.99633e-01
1.224555170e+01,1.38580e-06,9.99999e-01,1.38632e-06,9.99999e-01,9.99626e-01
1.230677946e+01,1.76539e-10,9.99999e-01,1.76606e-10,9.99999e-01,9.99618e-01
1.236831336e+01,2.57353e-12,9.99999e-01,2.57453e-12,9.99999e-01,9.99611e-01
1.243015492e+01,3.04799e-21,9.99999e-01,3.04920e-21,9.99999e-01,9.99602e-01
1.249230570e+01,5.58741e-20,9.99999e-01,5.58968e-20,9.99999e-01,9.99594e-01
1.255476723e+01,1.93749e-17,9.99999e-01,1.93829e-17,9.99999e-01,9.99585e-01
1.261754106e+01,6.54030e-09,9.99999e-01,6.54307e-09,9.99999e-01,9.99575e-01
1.268062877e+01,1.64344e-07,9.99999e-01,1.64415e-07,9.99999e-01,9.99566e-01
1.274403191e+01,1.22653e-07,9.99999e-01,1.22708e-07,9.99999e-01,9.99555e-01
1.280775207e+01,1.23504e-06,9.99999e-01,1.23560e-06,9.99999e-01,9.99545e-01
1.287179083e+01,5.50875e-08,9.99999e-01,5.51132e-08,9.99999e-01,9.99533e-01
1.293614979e+01,1.27015e-07,9.99999e-01,1.27076e-07,9.99999e-01,9.99522e-01
1.300083054e+01,7.27552e-10,9.99999e-01,7.27908e-10,9.99999e-01,9.99510e-01
1.306583469e+01,4.97003e-12,9.99999e-01,4.97252e-12,9.99999e-01,9.99497e-01
1.313116386e+01,1.50608e-12,9.99999e-01,1.50685e-12,9.99999e-01,9.99484e-01
1.319681968e+01,1.81345e-13,9.99999e-01,1.81441e-13,9.99999e-01,9.99471e-01
1.326280378e+01,4.90477e-20,9.99999e-01,4.90743e-20,9.99999e-01,9.99457e-01
1.332911780e+01,4.76893e-22,9.99999e-01,4.77159e-22,9.99999e-01,9.99443e-01
1.339576339e+01,1.20006e-22,9.99999e-01,1.20075e-22,9.99999e-01,9.99427e-01
1.346274221e+01,1.37788e-33,9.99999e-01,1.37869e-33,9.99999e-01,9.99410e-01
1.353005592e+01,7.68918e-18,9.99999e-01,7.69384e-18,9.99999e-01,9.99393e-01
1.359770620e+01,1.57131e-16,9.99999e-01,1.57230e-16,9.99999e-01,9.99375e-01
1.366569473e+01,3.96875e-16,9.99999e-01,3.97130e-16,9.99999e-01,9.99356e-01
1.373402320e+01,5.26384e-12,9.99999e-01,5.26733e-12,9.99999e-01,9.99336e-01
1.380269332e+01,2.58540e-11,9.99999e-01,2.58717e-11,9.99999e-01,9.99316e-01
1.387170678e+01,2.59417e-14,9.99999e-01,2.59599e-14,9.99999e-01,9.99296e-01
1.394106532e+01,5.67288e-17,9.99999e-01,5.67700e-17,9.99999e-01,9.99273e-01
1.401077064e+01,7.63777e-20,9.99999e-01,7.64350e-20,9.99999e-01,9.99250e-01
1.408082450e+01,3.11935e-20,9.99999e-01,3.12176e-20,9.99999e-01,9.99226e-01
1.415122862e+01,2.71543e-28,9.99999e-01,2.71760e-28,9.99999e-01,9.99201e-01
1.422198476e+01,3.28866e-38,9.99999e-01,3.29136e-38,9.99999e-01,9.99176e-01
1.429309469e+01,1.50459e-37,9.99999e-01,1.50587e-37,9.99999e-01,9.99150e-01
1.436456016e+01,3.93710e-46,9.99999e-01,3.94056e-46,9.99999e-01,9.99122e-01
1.443638296e+01,1.26031e-53,9.99999e-01,1.26145e-53,9.99999e-01,9.99093e-01
1.450856487e+01,1.63500e-35,9.99999e-01,1.63653e-35,9.99999e-01,9.99063e-01
1.458110770e+01,7.35476e-26,9.99999e-01,7.36189e-26,9.99999e-01,9.99031e-01
1.465401324e+01,9.38487e-24,9.99999e-01,9.39427e-24,9.99999e-01,9.98999e-01
1.472728330e+01,1.92160e-23,9.99999e-01,1.92359e-23,9.99999e-01,9.98965e-01
1.480091972e+01,1.72159e-25,9.99999e-01,1.72344e-25,9.99999e-01,9.98928e-01
1.487492432e+01,8.17161e-44,9.99999e-01,8.18068e-44,9.99999e-01,9.98891e-01
1.494929894e+01,2.55835e-34,9.99999e-01,2.56129e-34,9.99999e-01,9.98852e-01
1.502404544e+01,3.81781e-29,9.99999e-01,3.82235e-29,9.99999e-01,9.98810e-01
1.509916566e+01,3.03960e-28,9.99999e-01,3.04334e-28,9.99999e-01,9.98768e-01
1.517466149e+01,2.40978e-30,9.99999e-01,2.41285e-30,9.99999e-01,9.98724e-01
1.525053480e+01,3.95773e-28,9.99999e-01,3.96297e-28,9.99999e-01,9.98676e-01
1.532678747e+01,1.52906e-32,9.99999e-01,1.53116e-32,9.99999e-01,9.98629e-01
1.540342141e+01,1.38934e-41,9.99999e-01,1.39131e-41,9.99999e-01,9.98579e-01
1.548043852e+01,2.68771e-46,9.99999e-01,2.69168e-46,9.99999e-01,9.98525e-01
1.555784071e+01,4.88129e-58,9.99999e-01,4.88877e-58,9.99999e-01,9.98471e-01
1.563562991e+01,2.25347e-87,9.99999e-01,2.25705e-87,9.99999e-01,9.98415e-01
1.571380806e+01,2.54188e-88,9.99999e-01,2.54607e-88,9.99999e-01,9.98355e-01
1.579237710e+01,2.10001e-63,9.99999e-01,2.10360e-63,9.99999e-01,9.98294e-01
1.587133899e+01,8.27134e-56,9.99999e-01,8.28598e-56,9.99999e-01,9.98232e-01
1.595069568e+01,2.87004e-60,9.99999e-01,2.87533e-60,9.99999e-01,9.98161e-01
1.603044916e+01,1.38384e-83,9.99999e-01,1.38649e-83,9.99999e-01,9.98090e-01
1.611060141e+01,1.97309e-80,9.99999e-01,1.97701e-80,9.99999e-01,9.98018e-01
1.619115441e+01,1.43833e-78,9.99999e-01,1.44130e-78,9.99999e-01,9.97938e-01
1.627211019e+01,4.50416e-88,9.99999e-01,4.51383e-88,9.99999e-01,9.97857e-01
1.635347074e+01,5.97809e-81,9.99999e-01,5.99141e-81,9.99999e-01,9.97775e-01
1.643523809e+01,1.26833e-82,9.99999e-01,1.27127e-82,9.99999e-01,9.97688e-01
1.651741428e+01,8.59769e-87,9.99999e-01,8.61839e-87,9.99999e-01,9.97597e-01
1.660000135e+01,4.80851e-110,9.99999e-01,4.82052e-110,9.99999e-01,9.97507e-01
1.668300136e+01,1.14344e-112,9.99999e-01,1.14640e-112,9.99999e-01,9.97413e-01
1.676641637e+01,2.61454e-100,9.99999e-01,2.62157e-100,9.99999e-01,9.97315e-01
1.685024845e+01,7.72474e-103,9.99999e-01,7.74630e-103,9.99999e-01,9.97216e-01
1.693449969e+01,7.59969e-128,9.99999e-01,7.62165e-128,9.99999e-01,9.97117e-01
1.701917219e+01,7.87401e-137,9.99999e-01,7.89764e-137,9.99999e-01,9.97006e-01
1.710426805e+01,3.67153e-176,9.99999e-01,3.68297e-176,9.99999e-01,9.96894e-01
1.718978939e+01,1.14998e-192,9.99999e-01,1.15369e-192,9.99999e-01,9.96781e-01
1.727573834e+01,4.26105e-198,9.99999e-01,4.27533e-198,9.99999e-01,9.96658e-01
1.736211703e+01,3.09975e-211,9.99999e-01,3.11055e-211,9.99999e-01,9.96526e-01
1.744892761e+01,2.86155e-181,9.99999e-01,2.87190e-181,9.99999e-01,9.96394e-01
1.753617225e+01,1.44246e-144,9.99999e-01,1.44787e-144,9.99999e-01,9.96260e-01
1.762385311e+01,8.61630e-143,9.99999e-01,8.64990e-143,9.99999e-01,9.96115e-01
1.771197238e+01,1.44461e-151,9.99999e-01,1.45046e-151,9.99999e-01,9.95968e-01
1.780053224e+01,2.11433e-165,9.99999e-01,2.12320e-165,9.99999e-01,9.95820e-01
1.788953490e+01,1.72261e-178,9.99999e-01,1.73011e-178,9.99999e-01,9.95661e-01
1.797898258e+01,2.76448e-205,9.99999e-01,2.77700e-205,9.99999e-01,9.95488e-01
1.806887749e+01,7.82299e-209,9.99999e-01,7.85982e-209,9.99999e-01,9.95313e-01
1.815922188e+01,1.05399e-278,9.99999e-01,1.05914e-278,9.99999e-01,9.95137e-01
1.825001799e+01,1.17568e-218,9.99999e-01,1.18166e-218,9.99999e-01,9.94941e-01
1.834126808e+01,1.05575e-200,9.99999e-01,1.06133e-200,9.99999e-01,9.94740e-01
1.843297442e+01,1.29989e-202,9.99999e-01,1.30703e-202,9.99999e-01,9.94538e-01
1.852513929e+01,7.11757e-225,9.99999e-01,7.15813e-225,9.99999e-01,9.94333e-01
1.861776499e+01,0.00000e+00,9.99999e-01,0.00000e+00,9.99999e-01,9.94110e-01
1.871085381e+01,4.37951e-259,9.99999e-01,4.40645e-259,9.99999e-01,9.93886e-01
1.880440808e+01,1.89763e-221,9.99999e-01,1.90974e-221,9.99999e-01,9.93661e-01
1.889843012e+01,6.59819e-222,9.99999e-01,6.64186e-222,9.99999e-01,9.93424e-01
1.899292227e+01,1.29751e-310,9.99999e-01,1.30643e-310,9.99999e-01,9.93169e-01
1.908788688e+01,1.12361e-297,9.99999e-01,1.13163e-297,9.99999e-01,9.92912e-01
1.918332632e+01,9.66852e-299,9.99999e-01,9.74005e-299,9.99999e-01,9.92655e-01
1.927924295e+01,0.00000e+00,9.99999e-01,0.00000e+00,9.99999e-01,9.92387e-01
1.937563916e+01,0.00000e+00,9.99999e-01,0.00000e+00,9.99999e-01,9.92112e-01
1.947251736e+01,0.00000e+00,9.99999e-01,0.00000e+00,9.99999e-01,9.91836e-01
1.956987994e+01,0.00000e+00,9.99999e-01,0.00000e+00,9.99999e-01,9.91559e-01
1.966772934e+01,0.00000e+00,9.99999e-01,0.00000e+00,9.99999e-01,9.91241e-01
1.976606799e+01,0.00000e+00,9.99999e-01,0.00000e+00,9.99999e-01,9.90904e-01
1.986489833e+01,0.00000e+00,9.99999e-01,0.00000e+00,9.99999e-01,9.90565e-01
1.996422282e+01,0.00000e+00,9.99999e-01,0.00000e+00,9.99999e-01,9.90224e-01
