#,Wave/freq,Total,CO2,Rayleigh,CIA
4.000000000e-01,5.94273e-54,9.99999e-01,5.94273e-54,9.99999e-01
4.020000000e-01,6.70495e-53,9.99999e-01,6.70495e-53,9.99999e-01
4.040100000e-01,7.19372e-52,9.99999e-01,7.19372e-52,9.99999e-01
4.060300500e-01,7.36471e-51,9.99999e-01,7.36471e-51,9.99999e-01
4.080602003e-01,7.20118e-50,9.99999e-01,7.20118e-50,9.99999e-01
4.101005013e-01,6.73119e-49,9.99999e-01,6.73119e-49,9.99999e-01
4.121510038e-01,6.02013e-48,9.99999e-01,6.02013e-48,9.99999e-01
4.142117588e-01,5.15615e-47,9.99999e-01,5.15615e-47,9.99999e-01
4.162828176e-01,4.23275e-46,9.99999e-01,4.23275e-46,9.99999e-01
4.183642317e-01,3.33318e-45,9.99999e-01,3.33318e-45,9.99999e-01
4.204560528e-01,2.51995e-44,9.99999e-01,2.51995e-44,9.99999e-01
4.225583331e-01,1.83051e-43,9.99999e-01,1.83051e-43,9.99999e-01
4.246711247e-01,1.27863e-42,9.99999e-01,1.27863e-42,9.99999e-01
4.267944804e-01,8.59486e-42,9.99999e-01,8.59486e-42,9.99999e-01
4.289284528e-01,5.56403e-41,9.99999e-01,5.56403e-41,9.99999e-01
4.310730950e-01,3.47150e-40,9.99999e-01,3.47150e-40,9.99999e-01
4.332284605e-01,2.08901e-39,9.99999e-01,2.08901e-39,9.99999e-01
4.353946028e-01,1.21330e-38,9.99999e-01,1.21330e-38,9.99999e-01
4.375715758e-01,6.80617e-38,9.99999e-01,6.80617e-38,9.99999e-01
4.397594337e-01,3.69016e-37,9.99999e-01,3.69016e-37,9.99999e-01
4.419582309e-01,1.93502e-36,9.99999e-01,1.93502e-36,9.99999e-01
4.441680220e-01,9.82003e-36,9.99999e-01,9.82003e-36,9.99999e-01
4.463888621e-01,4.82620e-35,9.99999e-01,4.82620e-35,9.99999e-01
4.486208064e-01,2.29847e-34,9.99999e-01,2.29847e-34,9.99999e-01
4.508639105e-01,1.06141e-33,9.99999e-01,1.06141e-33,9.99999e-01
4.531182300e-01,4.75559e-33,9.99999e-01,4.75559e-33,9.99999e-01
4.553838212e-01,2.06852e-32,9.99999e-01,2.06852e-32,9.99999e-01
4.576607403e-01,8.73985e-32,9.99999e-01,8.73985e-32,9.99999e-01
4.599490440e-01,3.58911e-31,9.99999e-01,3.58911e-31,9.99999e-01
4.622487892e-01,1.43335e-30,9.99999e-01,1.43335e-30,9.99999e-01
4.645600332e-01,5.56976e-30,9.99999e-01,5.56976e-30,9.99999e-01
4.668828333e-01,2.10707e-29,9.99999e-01,2.10707e-29,9.99999e-01
4.692172475e-01,7.76439e-29,9.99999e-01,7.76439e-29,9.99999e-01
4.715633337e-01,2.78835e-28,9.99999e-01,2.78835e-28,9.99999e-01
4.739211504e-01,9.76383e-28,9.99999e-01,9.76383e-28,9.99999e-01
4.762907561e-01,3.33536e-27,9.99999e-01,3.33536e-27,9.99999e-01
4.786722099e-01,1.11205e-26,9.99999e-01,1.11205e-26,9.99999e-01
4.810655710e-01,3.62059e-26,9.99999e-01,3.62059e-26,9.99999e-01
4.834708988e-01,1.15161e-25,9.99999e-01,1.15161e-25,9.99999e-01
4.858882533e-01,3.58020e-25,9.99999e-01,3.58020e-25,9.99999e-01
4.883176946e-01,1.08837e-24,9.99999e-01,1.08837e-24,9.99999e-01
4.907592831e-01,3.23676e-24,9.99999e-01,3.23676e-24,9.99999e-01
4.932130795e-01,9.42095e-24,9.99999e-01,9.42095e-24,9.99999e-01
4.956791449e-01,2.68481e-23,9.99999e-01,2.68481e-23,9.99999e-01
4.981575406e-01,7.49459e-23,9.99999e-01,7.49459e-23,9.99999e-01
5.006483283e-01,2.05011e-22,9.99999e-01,2.05011e-22,9.99999e-01
5.031515699e-01,5.49760e-22,9.99999e-01,5.49760e-22,9.99999e-01
5.056673278e-01,1.44580e-21,9.99999e-01,1.44580e-21,9.99999e-01
5.081956644e-01,3.73032e-21,9.99999e-01,3.73032e-21,9.99999e-01
5.107366428e-01,9.44616e-21,9.99999e-01,9.44616e-21,9.99999e-01
5.132903260e-01,2.34852e-20,9.99999e-01,2.34852e-20,9.99999e-01
5.158567776e-01,5.73481e-20,9.99999e-01,5.73481e-20,9.99999e-01
5.184360615e-01,1.37590e-19,9.99999e-01,1.37590e-19,9.99999e-01
5.210282418e-01,3.24448e-19,9.99999e-01,3.24448e-19,9.99999e-01
5.236333830e-01,7.52223e-19,9.99999e-01,7.52223e-19,9.99999e-01
5.262515499e-01,1.71527e-18,9.99999e-01,1.71527e-18,9.99999e-01
5.288828077e-01,3.84813e-18,9.99999e-01,3.84813e-18,9.99999e-01
5.315272217e-01,8.49638e-18,9.99999e-01,8.49638e-18,9.99999e-01
5.341848578e-01,1.84682e-17,9.99999e-01,1.84682e-17,9.99999e-01
5.368557821e-01,3.95324e-17,9.99999e-01,3.95324e-17,9.99999e-01
5.395400610e-01,8.33593e-17,9.99999e-01,8.33593e-17,9.99999e-01
5.422377613e-01,1.73203e-16,9.99999e-01,1.73203e-16,9.99999e-01
5.449489501e-01,3.54718e-16,9.99999e-01,3.54718e-16,9.99999e-01
5.476736949e-01,7.16244e-16,9.99999e-01,7.16244e-16,9.99999e-01
5.504120634e-01,1.42630e-15,9.99999e-01,1.42630e-15,9.99999e-01
5.531641237e-01,2.80190e-15,9.99999e-01,2.80190e-15,9.99999e-01
5.559299443e-01,5.43126e-15,9.99999e-01,5.43126e-15,9.99999e-01
5.587095940e-01,1.03913e-14,9.99999e-01,1.03913e-14,9.99999e-01
5.615031420e-01,1.96281e-14,9.99999e-01,1.96281e-14,9.99999e-01
5.643106577e-01,3.66123e-14,9.99999e-01,3.66123e-14,9.99999e-01
5.671322110e-01,6.74572e-14,9.99999e-01,6.74572e-14,9.99999e-01
5.699678720e-01,1.22797e-13,9.99999e-01,1.22797e-13,9.99999e-01
5.728177114e-01,2.20906e-13,9.99999e-01,2.20906e-13,9.99999e-01
5.756818000e-01,3.92818e-13,9.99999e-01,3.92818e-13,9.99999e-01
5.785602090e-01,6.90617e-13,9.99999e-01,6.90617e-13,9.99999e-01
5.814530100e-01,1.20072e-12,9.99999e-01,1.20072e-12,9.99999e-01
5.843602750e-01,2.06492e-12,9.99999e-01,2.06492e-12,9.99999e-01
5.872820764e-01,3.51328e-12,9.99999e-01,3.51328e-12,9.99999e-01
5.902184868e-01,5.91511e-12,9.99999e-01,5.91511e-12,9.99999e-01
5.931695792e-01,9.85700e-12,9.99999e-01,9.85700e-12,9.99999e-01
5.961354271e-01,1.62609e-11,9.99999e-01,1.62609e-11,9.99999e-01
5.991161043e-01,2.65615e-11,9.99999e-01,2.65615e-11,9.99999e-01
6.021116848e-01,4.29684e-11,9.99999e-01,4.29684e-11,9.99999e-01
6.051222432e-01,6.88526e-11,9.99999e-01,6.88526e-11,9.99999e-01
6.081478544e-01,1.09307e-10,9.99999e-01,1.09307e-10,9.99999e-01
6.111885937e-01,1.71952e-10,9.99999e-01,1.71952e-10,9.99999e-01
6.142445367e-01,2.68091e-10,9.99999e-01,2.68091e-10,9.99999e-01
6.173157594e-01,4.14331e-10,9.99999e-01,4.14331e-10,9.99999e-01
6.204023382e-01,6.34861e-10,9.99999e-01,6.34861e-10,9.99999e-01
6.235043498e-01,9.64603e-10,9.99999e-01,9.64603e-10,9.99999e-01
6.266218716e-01,1.45355e-09,9.99999e-01,1.45355e-09,9.99999e-01
6.297549810e-01,2.17267e-09,9.99999e-01,2.17267e-09,9.99999e-01
6.329037559e-01,3.22188e-09,9.99999e-01,3.22188e-09,9.99999e-01
6.360682746e-01,4.74073e-09,9.99999e-01,4.74073e-09,9.99999e-01
6.392486160e-01,6.92258e-09,9.99999e-01,6.92258e-09,9.99999e-01
6.424448591e-01,1.00333e-08,9.99999e-01,1.00333e-08,9.99999e-01
6.456570834e-01,1.44356e-08,9.99999e-01,1.44356e-08,9.99999e-01
6.488853688e-01,2.06208e-08,9.99999e-01,2.06208e-08,9.99999e-01
6.521297956e-01,2.92494e-08,9.99999e-01,2.92494e-08,9.99999e-01
6.553904446e-01,4.12031e-08,9.99999e-01,4.12031e-08,9.99999e-01
6.586673968e-01,5.76505e-08,9.99999e-01,5.76505e-08,9.99999e-01
6.619607338e-01,8.01300e-08,9.99999e-01,8.01300e-08,9.99999e-01
6.652705375e-01,1.10653e-07,9.99999e-01,1.10653e-07,9.99999e-01
6.685968902e-01,1.51831e-07,9.99999e-01,1.51831e-07,9.99999e-01
6.719398746e-01,2.07036e-07,9.99999e-01,2.07036e-07,9.99999e-01
6.752995740e-01,2.80589e-07,9.99999e-01,2.80589e-07,9.99999e-01
6.786760719e-01,3.77997e-07,9.99999e-01,3.77997e-07,9.99999e-01
6.820694522e-01,5.06231e-07,9.99999e-01,5.06231e-07,9.99999e-01
6.854797995e-01,6.74067e-07,9.99999e-01,6.74067e-07,9.99999e-01
6.889071985e-01,8.92486e-07,9.99999e-01,8.92486e-07,9.99999e-01
6.923517345e-01,1.17515e-06,9.99999e-01,1.17515e-06,9.99999e-01
6.958134932e-01,1.53894e-06,9.99999e-01,1.53894e-06,9.99999e-01
6.992925606e-01,2.00465e-06,9.99999e-01,2.00465e-06,9.99999e-01
7.027890234e-01,2.59769e-06,9.99999e-01,2.59769e-06,9.99999e-01
7.063029686e-01,3.34899e-06,9.99999e-01,3.34899e-06,9.99999e-01
7.098344834e-01,4.29596e-06,9.99999e-01,4.29596e-06,9.99999e-01
7.133836558e-01,5.48366e-06,9.99999e-01,5.48366e-06,9.99999e-01
7.169505741e-01,6.96606e-06,9.99999e-01,6.96606e-06,9.99999e-01
7.205353270e-01,8.80746e-06,9.99999e-01,8.80746e-06,9.99999e-01
7.241380036e-01,1.10842e-05,9.99999e-01,1.10842e-05,9.99999e-01
7.277586936e-01,1.38862e-05,9.99999e-01,1.38862e-05,9.99999e-01
7.313974871e-01,1.73192e-05,9.99999e-01,1.73192e-05,9.99999e-01
7.350544745e-01,2.15070e-05,9.99999e-01,2.15070e-05,9.99999e-01
7.387297469e-01,2.65933e-05,9.99999e-01,2.65933e-05,9.99999e-01
7.424233956e-01,3.27449e-05,9.99999e-01,3.27449e-05,9.99999e-01
7.461355126e-01,4.01542e-05,9.99999e-01,4.01542e-05,9.99999e-01
7.498661902e-01,4.90420e-05,9.99999e-01,4.90420e-05,9.99999e-01
7.536155211e-01,5.96610e-05,9.99999e-01,5.96610e-05,9.99999e-01
7.573835987e-01,7.22988e-05,9.99999e-01,7.22988e-05,9.99999e-01
7.611705167e-01,8.72817e-05,9.99999e-01,8.72817e-05,9.99999e-01
7.649763693e-01,1.04978e-04,9.99999e-01,1.04978e-04,9.99999e-01
7.688012511e-01,1.25804e-04,9.99999e-01,1.25804e-04,9.99999e-01
7.726452574e-01,1.50222e-04,9.99999e-01,1.50222e-04,9.99999e-01
7.765084837e-01,1.78753e-04,9.99999e-01,1.78753e-04,9.99999e-01
7.803910261e-01,1.67931e-04,7.92228e-01,2.11973e-04,9.99999e-01
7.842929812e-01,5.72447e-05,2.28502e-01,2.50522e-04,9.99999e-01
7.882144461e-01,6.52145e-05,2.20987e-01,2.95105e-04,9.99999e-01
7.921555184e-01,1.22861e-04,3.54576e-01,3.46500e-04,9.99999e-01
7.961162960e-01,1.96358e-04,4.84167e-01,4.05558e-04,9.99999e-01
8.000968774e-01,3.18578e-04,6.73230e-01,4.73208e-04,9.99999e-01
8.040973618e-01,4.47889e-04,8.13657e-01,5.50463e-04,9.99999e-01
8.081178486e-01,5.80283e-04,9.08934e-01,6.38421e-04,9.99999e-01
8.121584379e-01,7.16958e-04,9.71133e-01,7.38268e-04,9.99999e-01
8.162192301e-01,8.45787e-04,9.93542e-01,8.51284e-04,9.99999e-01
8.203003262e-01,9.78756e-04,9.99910e-01,9.78843e-04,9.99999e-01
8.244018279e-01,1.12242e-03,9.99999e-01,1.12242e-03,9.99999e-01
8.285238370e-01,1.28357e-03,9.99999e-01,1.28357e-03,9.99999e-01
8.326664562e-01,1.46399e-03,9.99999e-01,1.46399e-03,9.99999e-01
8.368297885e-01,1.66542e-03,9.99999e-01,1.66542e-03,9.99999e-01
8.410139374e-01,1.88976e-03,9.99999e-01,1.88976e-03,9.99999e-01
8.452190071e-01,2.13897e-03,9.99999e-01,2.13897e-03,9.99999e-01
8.494451021e-01,2.41512e-03,9.99999e-01,2.41512e-03,9.99999e-01
8.536923276e-01,2.72040e-03,9.99999e-01,2.72040e-03,9.99999e-01
8.579607893e-01,3.05707e-03,9.99999e-01,3.05707e-03,9.99999e-01
8.622505932e-01,3.42749e-03,9.99999e-01,3.42749e-03,9.99999e-01
8.665618462e-01,2.99380e-03,7.80828e-01,3.83413e-03,9.99999e-01
8.708946554e-01,1.79021e-04,4.18319e-02,4.27952e-03,9.99999e-01
8.752491287e-01,2.06472e-04,4.33191e-02,4.76629e-03,9.99999e-01
8.796253743e-01,8.94283e-04,1.68823e-01,5.29715e-03,9.99999e-01
8.840235012e-01,2.20621e-03,3.75533e-01,5.87487e-03,9.99999e-01
8.884436187e-01,4.36793e-03,6.71752e-01,6.50229e-03,9.99999e-01
8.928858368e-01,6.09733e-03,8.48937e-01,7.18230e-03,9.99999e-01
8.973502660e-01,7.60938e-03,9.61040e-01,7.91786e-03,9.99999e-01
9.018370173e-01,8.67390e-03,9.95631e-01,8.71195e-03,9.99999e-01
9.063462024e-01,8.61673e-03,9.00615e-01,9.56760e-03,9.99999e-01
9.108779334e-01,8.11662e-03,7.73905e-01,1.04879e-02,9.99999e-01
9.154323231e-01,1.08078e-02,9.41791e-01,1.14758e-02,9.99999e-01
9.200094847e-01,7.48487e-03,5.97140e-01,1.25345e-02,9.99999e-01
9.246095321e-01,4.01708e-03,2.93924e-01,1.36670e-02,9.99999e-01
9.292325798e-01,5.99684e-03,4.03109e-01,1.48765e-02,9.99999e-01
9.338787427e-01,6.51096e-03,4.02761e-01,1.61658e-02,9.99999e-01
9.385481364e-01,8.82487e-03,5.03183e-01,1.75381e-02,9.99999e-01
9.432408771e-01,1.23514e-02,6.50202e-01,1.89962e-02,9.99999e-01
9.479570815e-01,1.64460e-02,8.00554e-01,2.05432e-02,9.99999e-01
9.526968669e-01,1.99376e-02,8.98826e-01,2.21818e-02,9.99999e-01
9.574603512e-01,2.28435e-02,9.55199e-01,2.39149e-02,9.99999e-01
9.622476530e-01,2.53792e-02,9.85791e-01,2.57450e-02,9.99999e-01
9.670588912e-01,2.75566e-02,9.95726e-01,2.76749e-02,9.99999e-01
9.718941857e-01,2.96982e-02,9.99702e-01,2.97070e-02,9.99999e-01
9.767536566e-01,3.18437e-02,9.99999e-01,3.18437e-02,9.99999e-01
9.816374249e-01,3.40873e-02,9.99999e-01,3.40873e-02,9.99999e-01
9.865456120e-01,3.64399e-02,9.99999e-01,3.64399e-02,9.99999e-01
9.914783401e-01,3.89036e-02,9.99999e-01,3.89036e-02,9.99999e-01
9.964357318e-01,4.14802e-02,9.99999e-01,4.14802e-02,9.99999e-01
1.001417910e+00,4.41715e-02,9.99999e-01,4.41715e-02,9.99999e-01
1.006425000e+00,4.69790e-02,9.99999e-01,4.69790e-02,9.99999e-01
1.011457125e+00,4.99042e-02,9.99999e-01,4.99042e-02,9.99999e-01
1.016514411e+00,5.29483e-02,9.99999e-01,5.29483e-02,9.99999e-01
1.021596983e+00,5.60751e-02,9.99333e-01,5.61124e-02,9.99999e-01
1.026704968e+00,5.68524e-02,9.57150e-01,5.93975e-02,9.99999e-01
1.031838492e+00,4.95050e-02,7.88242e-01,6.28043e-02,9.99999e-01
1.036997685e+00,3.38100e-04,5.09697e-03,6.63334e-02,9.99999e-01
1.042182673e+00,3.69071e-08,5.27355e-07,6.99851e-02,9.99999e-01
1.047393587e+00,6.12368e-08,8.30219e-07,7.37598e-02,9.99999e-01
1.052630555e+00,1.62756e-20,2.09581e-19,7.76574e-02,9.99999e-01
1.057893707e+00,9.03205e-20,1.10581e-18,8.16779e-02,9.99999e-01
1.063183176e+00,5.81885e-14,6.78021e-13,8.58210e-02,9.99999e-01
1.068499092e+00,2.61275e-11,2.90028e-10,9.00860e-02,9.99999e-01
1.073841587e+00,2.47539e-08,2.62022e-07,9.44725e-02,9.99999e-01
1.079210795e+00,8.19316e-06,8.27761e-05,9.89796e-02,9.99999e-01
1.084606849e+00,3.90188e-04,3.76606e-03,1.03606e-01,9.99999e-01
1.090029883e+00,5.42882e-03,5.01038e-02,1.08351e-01,9.99999e-01
1.095480033e+00,2.52212e-02,2.22775e-01,1.13214e-01,9.99999e-01
1.100957433e+00,5.63738e-02,4.76968e-01,1.18192e-01,9.99999e-01
1.106462220e+00,9.05558e-02,7.34531e-01,1.23284e-01,9.99999e-01
1.111994531e+00,1.14517e-01,8.91263e-01,1.28488e-01,9.99999e-01
1.117554504e+00,1.30106e-01,9.72370e-01,1.33803e-01,9.99999e-01
1.123142276e+00,1.38971e-01,9.98169e-01,1.39226e-01,9.99999e-01
1.128757988e+00,1.44755e-01,9.99998e-01,1.44755e-01,9.99999e-01
1.134401778e+00,1.50388e-01,9.99999e-01,1.50388e-01,9.99999e-01
1.140073787e+00,1.56122e-01,9.99999e-01,1.56122e-01,9.99999e-01
1.145774156e+00,1.61955e-01,9.99999e-01,1.61955e-01,9.99999e-01
1.151503026e+00,1.67885e-01,9.99999e-01,1.67885e-01,9.99999e-01
1.157260541e+00,1.73908e-01,9.99999e-01,1.73908e-01,9.99999e-01
1.163046844e+00,1.80022e-01,9.99999e-01,1.80022e-01,9.99999e-01
1.168862078e+00,1.86224e-01,9.99999e-01,1.86224e-01,9.99999e-01
1.174706389e+00,1.92510e-01,9.99999e-01,1.92510e-01,9.99999e-01
1.180579921e+00,1.98878e-01,9.99999e-01,1.98878e-01,9.99999e-01
1.186482820e+00,2.05305e-01,9.99901e-01,2.05325e-01,9.99999e-01
1.192415234e+00,1.85197e-01,8.74200e-01,2.11847e-01,9.99999e-01
1.198377311e+00,8.41747e-02,3.85342e-01,2.18442e-01,9.99999e-01
1.204369197e+00,1.79305e-108,7.96541e-108,2.25105e-01,9.99999e-01
1.210391043e+00,0.00000e+00,0.00000e+00,2.31834e-01,9.99999e-01
1.216442998e+00,0.00000e+00,0.00000e+00,2.38625e-01,9.99999e-01
1.222525213e+00,0.00000e+00,0.00000e+00,2.45475e-01,9.99999e-01
1.228637839e+00,1.77267e-299,7.02377e-299,2.52381e-01,9.99999e-01
1.234781029e+00,7.34472e-184,2.83209e-183,2.59339e-01,9.99999e-01
1.240954934e+00,4.47821e-120,1.68135e-119,2.66345e-01,9.99999e-01
1.247159708e+00,1.99940e-54,7.31317e-54,2.73397e-01,9.99999e-01
1.253395507e+00,9.07261e-37,3.23454e-36,2.80491e-01,9.99999e-01
1.259662485e+00,7.53399e-20,2.61939e-19,2.87623e-01,9.99999e-01
1.265960797e+00,8.89550e-11,3.01756e-10,2.94790e-01,9.99999e-01
1.272290601e+00,2.99748e-06,9.92577e-06,3.01990e-01,9.99999e-01
1.278652054e+00,5.52549e-06,1.78693e-05,3.09217e-01,9.99999e-01
1.285045314e+00,4.92343e-14,1.55573e-13,3.16470e-01,9.99999e-01
1.291470541e+00,1.42743e-49,4.40914e-49,3.23744e-01,9.99999e-01
1.297927893e+00,8.02610e-14,2.42453e-13,3.31037e-01,9.99999e-01
1.304417533e+00,1.35072e-10,3.99212e-10,3.38345e-01,9.99999e-01
1.310939621e+00,4.38840e-11,1.26955e-10,3.45666e-01,9.99999e-01
1.317494319e+00,1.33824e-154,3.79111e-154,3.52995e-01,9.99999e-01
1.324081790e+00,1.88826e-97,5.24035e-97,3.60331e-01,9.99999e-01
1.330702199e+00,1.32963e-57,3.61636e-57,3.67670e-01,9.99999e-01
1.337355710e+00,4.45524e-51,1.18804e-50,3.75008e-01,9.99999e-01
1.344042489e+00,3.12074e-51,8.16211e-51,3.82344e-01,9.99999e-01
1.350762701e+00,3.55555e-58,9.12439e-58,3.89675e-01,9.99999e-01
1.357516515e+00,1.29827e-32,3.27022e-32,3.96997e-01,9.99999e-01
1.364304097e+00,2.90973e-24,7.19682e-24,4.04308e-01,9.99999e-01
1.371125618e+00,6.81429e-13,1.65554e-12,4.11605e-01,9.99999e-01
1.377981246e+00,3.46172e-11,8.26412e-11,4.18885e-01,9.99999e-01
1.384871152e+00,3.33462e-07,7.82503e-07,4.26147e-01,9.99999e-01
1.391795508e+00,2.08729e-06,4.81622e-06,4.33388e-01,9.99999e-01
1.398754485e+00,8.75834e-05,1.98780e-04,4.40605e-01,9.99999e-01
1.405748258e+00,1.10201e-03,2.46097e-03,4.47796e-01,9.99999e-01
1.412776999e+00,9.40137e-03,2.06642e-02,4.54959e-01,9.99999e-01
1.419840884e+00,1.35752e-02,2.93777e-02,4.62092e-01,9.99999e-01
1.426940089e+00,1.76741e-04,3.76691e-04,4.69192e-01,9.99999e-01
1.434074789e+00,0.00000e+00,0.00000e+00,4.76258e-01,9.99999e-01
1.441245163e+00,0.00000e+00,0.00000e+00,4.83288e-01,9.99999e-01
1.448451389e+00,0.00000e+00,0.00000e+00,4.90279e-01,9.99999e-01
1.455693646e+00,0.00000e+00,0.00000e+00,4.97231e-01,9.99999e-01
1.462972114e+00,0.00000e+00,0.00000e+00,5.04141e-01,9.99999e-01
1.470286975e+00,0.00000e+00,0.00000e+00,5.11007e-01,9.99999e-01
1.477638409e+00,0.00000e+00,0.00000e+00,5.17829e-01,9.99999e-01
1.485026601e+00,1.00393e-261,1.91369e-261,5.24604e-01,9.99999e-01
1.492451734e+00,5.25732e-222,9.89460e-222,5.31332e-01,9.99999e-01
1.499913993e+00,3.19445e-91,5.93751e-91,5.38010e-01,9.99999e-01
1.507413563e+00,2.23728e-89,4.10782e-89,5.44638e-01,9.99999e-01
1.514950631e+00,1.98651e-92,3.60387e-92,5.51214e-01,9.99999e-01
1.522525384e+00,0.00000e+00,0.00000e+00,5.57738e-01,9.99999e-01
1.530138011e+00,0.00000e+00,0.00000e+00,5.64207e-01,9.99999e-01
1.537788701e+00,0.00000e+00,0.00000e+00,5.70622e-01,9.99999e-01
1.545477645e+00,7.91447e-120,1.37170e-119,5.76981e-01,9.99999e-01
1.553205033e+00,1.53824e-87,2.63721e-87,5.83282e-01,9.99999e-01
1.560971058e+00,5.67154e-87,9.62049e-87,5.89526e-01,9.99999e-01
1.568775913e+00,0.00000e+00,0.00000e+00,5.95712e-01,9.99999e-01
1.576619793e+00,0.00000e+00,0.00000e+00,6.01839e-01,9.99999e-01
1.584502892e+00,0.00000e+00,0.00000e+00,6.07905e-01,9.99999e-01
1.592425406e+00,0.00000e+00,0.00000e+00,6.13911e-01,9.99999e-01
1.600387533e+00,0.00000e+00,0.00000e+00,6.19856e-01,9.99999e-01
1.608389471e+00,0.00000e+00,0.00000e+00,6.25740e-01,9.99999e-01
1.616431418e+00,0.00000e+00,0.00000e+00,6.31561e-01,9.99999e-01
1.624513575e+00,0.00000e+00,0.00000e+00,6.37320e-01,9.99999e-01
1.632636143e+00,0.00000e+00,0.00000e+00,6.43017e-01,9.99999e-01
1.640799324e+00,0.00000e+00,0.00000e+00,6.48650e-01,9.99999e-01
1.649003321e+00,0.00000e+00,0.00000e+00,6.54220e-01,9.99999e-01
1.657248337e+00,0.00000e+00,0.00000e+00,6.59726e-01,9.99999e-01
1.665534579e+00,0.00000e+00,0.00000e+00,6.65168e-01,9.99999e-01
1.673862252e+00,0.00000e+00,0.00000e+00,6.70547e-01,9.99999e-01
1.682231563e+00,5.51732e-237,8.16338e-237,6.75861e-01,9.99999e-01
1.690642721e+00,1.47503e-127,2.16563e-127,6.81111e-01,9.99999e-01
1.699095934e+00,6.00643e-79,8.75192e-79,6.86298e-01,9.99999e-01
1.707591414e+00,1.22337e-36,1.76936e-36,6.91420e-01,9.99999e-01
1.716129371e+00,7.77739e-22,1.11667e-21,6.96478e-01,9.99999e-01
1.724710018e+00,1.74142e-12,2.48253e-12,7.01472e-01,9.99999e-01
1.733333568e+00,5.39515e-09,7.63750e-09,7.06402e-01,9.99999e-01
1.742000236e+00,7.59456e-06,1.06775e-05,7.11268e-01,9.99999e-01
1.750710237e+00,3.28647e-12,4.58959e-12,7.16071e-01,9.99999e-01
1.759463788e+00,0.00000e+00,0.00000e+00,7.20811e-01,9.99999e-01
1.768261107e+00,0.00000e+00,0.00000e+00,7.25487e-01,9.99999e-01
1.777102413e+00,0.00000e+00,0.00000e+00,7.30100e-01,9.99999e-01
1.785987925e+00,6.05465e-315,8.24153e-315,7.34651e-01,9.99999e-01
1.794917864e+00,2.22727e-300,3.01332e-300,7.39139e-01,9.99999e-01
1.803892454e+00,2.82340e-288,3.79711e-288,7.43565e-01,9.99999e-01
1.812911916e+00,1.00685e-276,1.34618e-276,7.47930e-01,9.99999e-01
1.821976476e+00,5.96124e-277,7.92472e-277,7.52233e-01,9.99999e-01
1.831086358e+00,1.56453e-220,2.06818e-220,7.56475e-01,9.99999e-01
1.840241790e+00,8.58697e-187,1.12889e-186,7.60657e-01,9.99999e-01
1.849442999e+00,2.11494e-128,2.76543e-128,7.64779e-01,9.99999e-01
1.858690214e+00,2.98187e-121,3.87840e-121,7.68840e-01,9.99999e-01
1.867983665e+00,6.57880e-122,8.51246e-122,7.72843e-01,9.99999e-01
1.877323583e+00,0.00000e+00,0.00000e+00,7.76786e-01,9.99999e-01
1.886710201e+00,0.00000e+00,0.00000e+00,7.80672e-01,9.99999e-01
1.896143752e+00,0.00000e+00,0.00000e+00,7.84499e-01,9.99999e-01
1.905624471e+00,0.00000e+00,0.00000e+00,7.88269e-01,9.99999e-01
1.915152593e+00,0.00000e+00,0.00000e+00,7.91982e-01,9.99999e-01
1.924728356e+00,0.00000e+00,0.00000e+00,7.95639e-01,9.99999e-01
1.934351998e+00,0.00000e+00,0.00000e+00,7.99240e-01,9.99999e-01
1.944023758e+00,0.00000e+00,0.00000e+00,8.02785e-01,9.99999e-01
1.953743877e+00,0.00000e+00,0.00000e+00,8.06276e-01,9.99999e-01
1.963512596e+00,0.00000e+00,0.00000e+00,8.09713e-01,9.99999e-01
1.973330159e+00,0.00000e+00,0.00000e+00,8.13096e-01,9.99999e-01
1.983196810e+00,0.00000e+00,0.00000e+00,8.16426e-01,9.99999e-01
1.993112794e+00,0.00000e+00,0.00000e+00,8.19703e-01,9.99999e-01
2.003078358e+00,0.00000e+00,0.00000e+00,8.22928e-01,9.99999e-01
2.013093750e+00,0.00000e+00,0.00000e+00,8.26102e-01,9.99999e-01
2.023159218e+00,0.00000e+00,0.00000e+00,8.29225e-01,9.99999e-01
2.033275015e+00,0.00000e+00,0.00000e+00,8.32298e-01,9.99999e-01
2.043441390e+00,0.00000e+00,0.00000e+00,8.35321e-01,9.99999e-01
2.053658597e+00,0.00000e+00,0.00000e+00,8.38296e-01,9.99999e-01
2.063926890e+00,0.00000e+00,0.00000e+00,8.41221e-01,9.99999e-01
2.074246524e+00,0.00000e+00,0.00000e+00,8.44099e-01,9.99999e-01
2.084617757e+00,0.00000e+00,0.00000e+00,8.46930e-01,9.99999e-01
2.095040845e+00,0.00000e+00,0.00000e+00,8.49714e-01,9.99999e-01
2.105516050e+00,0.00000e+00,0.00000e+00,8.52451e-01,9.99999e-01
2.116043630e+00,0.00000e+00,0.00000e+00,8.55144e-01,9.99999e-01
2.126623848e+00,0.00000e+00,0.00000e+00,8.57791e-01,9.99999e-01
2.137256967e+00,0.00000e+00,0.00000e+00,8.60394e-01,9.99999e-01
2.147943252e+00,0.00000e+00,0.00000e+00,8.62953e-01,9.99999e-01
2.158682968e+00,0.00000e+00,0.00000e+00,8.65469e-01,9.99999e-01
2.169476383e+00,0.00000e+00,0.00000e+00,8.67943e-01,9.99999e-01
2.180323765e+00,0.00000e+00,0.00000e+00,8.70374e-01,9.99999e-01
2.191225384e+00,3.09590e-210,3.54723e-210,8.72764e-01,9.99999e-01
2.202181511e+00,1.36910e-132,1.56448e-132,8.75113e-01,9.99999e-01
2.213192418e+00,1.08899e-64,1.24112e-64,8.77422e-01,9.99999e-01
2.224258381e+00,3.63570e-41,4.13292e-41,8.79692e-01,9.99999e-01
2.235379672e+00,3.67078e-27,4.16225e-27,8.81922e-01,9.99999e-01
2.246556571e+00,2.53517e-18,2.86747e-18,8.84113e-01,9.99999e-01
2.257789354e+00,2.27520e-13,2.56717e-13,8.86267e-01,9.99999e-01
2.269078300e+00,1.21685e-12,1.36973e-12,8.88383e-01,9.99999e-01
2.280423692e+00,6.75445e-10,7.58532e-10,8.90462e-01,9.99999e-01
2.291825810e+00,3.95107e-08,4.42694e-08,8.92505e-01,9.99999e-01
2.303284939e+00,1.03925e-06,1.16181e-06,8.94512e-01,9.99999e-01
2.314801364e+00,6.77626e-06,7.55870e-06,8.96484e-01,9.99999e-01
2.326375371e+00,2.97512e-04,3.31149e-04,8.98421e-01,9.99999e-01
2.338007248e+00,1.28567e-04,1.42800e-04,9.00324e-01,9.99999e-01
2.349697284e+00,5.52140e-04,6.11996e-04,9.02193e-01,9.99999e-01
2.361445770e+00,1.87040e-03,2.06896e-03,9.04029e-01,9.99999e-01
2.373252999e+00,5.06627e-03,5.59293e-03,9.05833e-01,9.99999e-01
2.385119264e+00,9.74088e-02,1.07325e-01,9.07604e-01,9.99999e-01
2.397044861e+00,3.32105e-01,3.65214e-01,9.09344e-01,9.99999e-01
2.409030085e+00,1.62819e-01,1.78716e-01,9.11052e-01,9.99999e-01
2.421075235e+00,7.69027e-02,8.42556e-02,9.12730e-01,9.99999e-01
2.433180612e+00,1.17532e-05,1.28537e-05,9.14378e-01,9.99999e-01
2.445346515e+00,2.20348e-03,2.40555e-03,9.15996e-01,9.99999e-01
2.457573247e+00,5.71347e-10,6.22663e-10,9.17585e-01,9.99999e-01
2.469861113e+00,4.10303e-80,4.46395e-80,9.19145e-01,9.99999e-01
2.482210419e+00,0.00000e+00,0.00000e+00,9.20677e-01,9.99999e-01
2.494621471e+00,0.00000e+00,0.00000e+00,9.22181e-01,9.99999e-01
2.507094578e+00,0.00000e+00,0.00000e+00,9.23658e-01,9.99999e-01
2.519630051e+00,0.00000e+00,0.00000e+00,9.25108e-01,9.99999e-01
2.532228202e+00,0.00000e+00,0.00000e+00,9.26532e-01,9.99999e-01
2.544889343e+00,0.00000e+00,0.00000e+00,9.27929e-01,9.99999e-01
2.557613789e+00,0.00000e+00,0.00000e+00,9.29301e-01,9.99999e-01
2.570401858e+00,0.00000e+00,0.00000e+00,9.30648e-01,9.99999e-01
2.583253867e+00,0.00000e+00,0.00000e+00,9.31970e-01,9.99999e-01
2.596170137e+00,0.00000e+00,0.00000e+00,9.33268e-01,9.99999e-01
2.609150988e+00,0.00000e+00,0.00000e+00,9.34542e-01,9.99999e-01
2.622196742e+00,0.00000e+00,0.00000e+00,9.35793e-01,9.99999e-01
2.635307726e+00,0.00000e+00,0.00000e+00,9.37020e-01,9.99999e-01
2.648484265e+00,0.00000e+00,0.00000e+00,9.38225e-01,9.99999e-01
2.661726686e+00,0.00000e+00,0.00000e+00,9.39407e-01,9.99999e-01
2.675035320e+00,0.00000e+00,0.00000e+00,9.40568e-01,9.99999e-01
2.688410496e+00,0.00000e+00,0.00000e+00,9.41707e-01,9.99999e-01
2.701852549e+00,0.00000e+00,0.00000e+00,9.42825e-01,9.99999e-01
2.715361811e+00,0.00000e+00,0.00000e+00,9.43922e-01,9.99999e-01
2.728938620e+00,0.00000e+00,0.00000e+00,9.44998e-01,9.99999e-01
2.742583314e+00,0.00000e+00,0.00000e+00,9.46055e-01,9.99999e-01
2.756296230e+00,0.00000e+00,0.00000e+00,9.47092e-01,9.99999e-01
2.770077711e+00,0.00000e+00,0.00000e+00,9.48109e-01,9.99999e-01
2.783928100e+00,0.00000e+00,0.00000e+00,9.49107e-01,9.99999e-01
2.797847740e+00,0.00000e+00,0.00000e+00,9.50087e-01,9.99999e-01
2.811836979e+00,0.00000e+00,0.00000e+00,9.51049e-01,9.99999e-01
2.825896164e+00,0.00000e+00,0.00000e+00,9.51992e-01,9.99999e-01
2.840025645e+00,0.00000e+00,0.00000e+00,9.52917e-01,9.99999e-01
2.854225773e+00,0.00000e+00,0.00000e+00,9.53826e-01,9.99999e-01
2.868496902e+00,0.00000e+00,0.00000e+00,9.54717e-01,9.99999e-01
2.882839386e+00,0.00000e+00,0.00000e+00,9.55591e-01,9.99999e-01
2.897253583e+00,0.00000e+00,0.00000e+00,9.56449e-01,9.99999e-01
2.911739851e+00,0.00000e+00,0.00000e+00,9.57290e-01,9.99999e-01
2.926298550e+00,0.00000e+00,0.00000e+00,9.58116e-01,9.99999e-01
2.940930043e+00,0.00000e+00,0.00000e+00,9.58926e-01,9.99999e-01
2.955634693e+00,0.00000e+00,0.00000e+00,9.59721e-01,9.99999e-01
2.970412867e+00,0.00000e+00,0.00000e+00,9.60500e-01,9.99999e-01
2.985264931e+00,0.00000e+00,0.00000e+00,9.61265e-01,9.99999e-01
3.000191256e+00,0.00000e+00,0.00000e+00,9.62016e-01,9.99999e-01
3.015192212e+00,0.00000e+00,0.00000e+00,9.62752e-01,9.99999e-01
3.030268173e+00,0.00000e+00,0.00000e+00,9.63474e-01,9.99999e-01
3.045419514e+00,0.00000e+00,0.00000e+00,9.64182e-01,9.99999e-01
3.060646612e+00,0.00000e+00,0.00000e+00,9.64877e-01,9.99999e-01
3.075949845e+00,0.00000e+00,0.00000e+00,9.65559e-01,3.64114e-07
3.091329594e+00,0.00000e+00,0.00000e+00,9.66228e-01,2.96399e-16
3.106786242e+00,0.00000e+00,0.00000e+00,9.66883e-01,8.45930e-43
3.122320173e+00,0.00000e+00,0.00000e+00,9.67527e-01,6.78210e-117
3.137931774e+00,0.00000e+00,0.00000e+00,9.68158e-01,2.52759e-55
3.153621433e+00,0.00000e+00,0.00000e+00,9.68777e-01,5.65713e-15
3.169389540e+00,0.00000e+00,0.00000e+00,9.69384e-01,1.47050e-58
3.185236488e+00,0.00000e+00,0.00000e+00,9.69980e-01,1.45995e-95
3.201162670e+00,0.00000e+00,0.00000e+00,9.70564e-01,1.53827e-166
3.217168483e+00,0.00000e+00,1.45749e-319,9.71137e-01,5.86500e-240
3.233254326e+00,0.00000e+00,2.64027e-265,9.71699e-01,0.00000e+00
3.249420598e+00,0.00000e+00,5.93205e-147,9.72250e-01,0.00000e+00
3.265667701e+00,0.00000e+00,8.00266e-128,9.72790e-01,0.00000e+00
3.281996039e+00,0.00000e+00,8.08317e-92,9.73321e-01,0.00000e+00
3.298406019e+00,0.00000e+00,1.01130e-81,9.73841e-01,0.00000e+00
3.314898049e+00,0.00000e+00,4.21093e-80,9.74351e-01,0.00000e+00
3.331472540e+00,0.00000e+00,1.39776e-74,9.74851e-01,0.00000e+00
3.348129902e+00,0.00000e+00,9.73888e-58,9.75341e-01,0.00000e+00
3.364870552e+00,0.00000e+00,2.49217e-57,9.75823e-01,0.00000e+00
3.381694905e+00,0.00000e+00,5.88144e-44,9.76294e-01,0.00000e+00
3.398603379e+00,0.00000e+00,8.20675e-36,9.76757e-01,0.00000e+00
3.415596396e+00,2.74976e-295,4.20086e-35,9.77211e-01,6.69833e-261
3.432674378e+00,1.04823e-195,4.75630e-39,9.77656e-01,2.25423e-157
3.449837750e+00,3.49736e-120,7.29145e-50,9.78092e-01,4.90394e-71
3.467086939e+00,2.16867e-110,5.41622e-98,9.78520e-01,4.09192e-13
3.484422373e+00,9.96158e-136,1.00400e-133,9.78940e-01,1.01354e-02
3.501844485e+00,1.15913e-203,2.26689e-198,9.79352e-01,5.22110e-06
3.519353708e+00,3.09926e-240,3.18636e-240,9.79756e-01,9.92760e-01
3.536950476e+00,3.31940e-306,3.45796e-306,9.80151e-01,9.79368e-01
3.554635228e+00,7.85682e-295,8.39933e-295,9.80540e-01,9.53973e-01
3.572408405e+00,6.31973e-242,6.97685e-242,9.80920e-01,9.23431e-01
3.590270447e+00,3.17491e-225,3.38512e-225,9.81294e-01,9.55780e-01
3.608221799e+00,1.29922e-156,1.35375e-156,9.81660e-01,9.77645e-01
3.626262908e+00,7.50792e-85,7.68095e-85,9.82019e-01,9.95369e-01
3.644394222e+00,2.70474e-66,2.75829e-66,9.82371e-01,9.98179e-01
3.662616193e+00,1.40829e-27,1.44837e-27,9.82716e-01,9.89428e-01
3.680929274e+00,2.59657e-13,2.78344e-13,9.83054e-01,9.48941e-01
3.699333921e+00,2.19907e-08,2.51429e-08,9.83386e-01,8.89404e-01
3.717830590e+00,4.59322e-09,5.90166e-09,9.83712e-01,7.91179e-01
3.736419743e+00,5.86278e-16,8.55490e-16,9.84031e-01,6.96433e-01
3.755101842e+00,6.08214e-72,8.50191e-72,9.84344e-01,7.26761e-01
3.773877351e+00,1.88106e-178,2.29441e-178,9.84651e-01,8.32623e-01
3.792746738e+00,0.00000e+00,0.00000e+00,9.84951e-01,9.30320e-01
3.811710472e+00,9.45786e-302,9.91592e-302,9.85246e-01,9.68087e-01
3.830769024e+00,9.65507e-302,9.91881e-302,9.85536e-01,9.87695e-01
3.849922869e+00,0.00000e+00,0.00000e+00,9.85819e-01,9.96822e-01
3.869172484e+00,1.18512e-255,1.23547e-255,9.86098e-01,9.72766e-01
3.888518346e+00,7.22714e-103,7.83346e-103,9.86370e-01,9.35346e-01
3.907960938e+00,2.21935e-82,2.52541e-82,9.86638e-01,8.90706e-01
3.927500742e+00,8.23715e-83,9.58822e-83,9.86900e-01,8.70492e-01
3.947138246e+00,2.39731e-122,2.62143e-122,9.87157e-01,9.26400e-01
3.966873937e+00,6.36866e-191,6.55198e-191,9.87409e-01,9.84414e-01
3.986708307e+00,1.40280e-303,1.42033e-303,9.87656e-01,9.99999e-01
4.006641849e+00,0.00000e+00,0.00000e+00,9.87898e-01,9.99999e-01
4.026675058e+00,0.00000e+00,0.00000e+00,9.88136e-01,9.99999e-01
4.046808433e+00,0.00000e+00,0.00000e+00,9.88369e-01,9.99999e-01
4.067042475e+00,0.00000e+00,0.00000e+00,9.88597e-01,9.99999e-01
4.087377688e+00,0.00000e+00,0.00000e+00,9.88821e-01,9.99999e-01
4.107814576e+00,0.00000e+00,0.00000e+00,9.89041e-01,9.99999e-01
4.128353649e+00,0.00000e+00,0.00000e+00,9.89256e-01,9.99999e-01
4.148995417e+00,0.00000e+00,0.00000e+00,9.89467e-01,9.99999e-01
4.169740394e+00,0.00000e+00,0.00000e+00,9.89674e-01,9.99999e-01
4.190589096e+00,0.00000e+00,0.00000e+00,9.89877e-01,9.99999e-01
4.211542042e+00,0.00000e+00,0.00000e+00,9.90076e-01,9.99999e-01
4.232599752e+00,0.00000e+00,0.00000e+00,9.90271e-01,9.99999e-01
4.253762751e+00,0.00000e+00,0.00000e+00,9.90462e-01,9.99999e-01
4.275031564e+00,0.00000e+00,0.00000e+00,9.90650e-01,9.99999e-01
4.296406722e+00,0.00000e+00,0.00000e+00,9.90834e-01,9.99999e-01
4.317888756e+00,0.00000e+00,0.00000e+00,9.91014e-01,9.99999e-01
4.339478200e+00,0.00000e+00,0.00000e+00,9.91191e-01,9.99999e-01
4.361175591e+00,0.00000e+00,0.00000e+00,9.91364e-01,9.99999e-01
4.382981469e+00,0.00000e+00,0.00000e+00,9.91534e-01,9.99999e-01
4.404896376e+00,0.00000e+00,0.00000e+00,9.91700e-01,9.99999e-01
4.426920858e+00,0.00000e+00,0.00000e+00,9.91863e-01,9.99999e-01
4.449055462e+00,0.00000e+00,0.00000e+00,9.92023e-01,9.99999e-01
4.471300739e+00,0.00000e+00,0.00000e+00,9.92180e-01,9.99999e-01
4.493657243e+00,0.00000e+00,0.00000e+00,9.92334e-01,9.99999e-01
4.516125529e+00,0.00000e+00,0.00000e+00,9.92485e-01,9.99999e-01
4.538706157e+00,0.00000e+00,0.00000e+00,9.92633e-01,9.99999e-01
4.561399688e+00,0.00000e+00,0.00000e+00,9.92778e-01,9.99999e-01
4.584206686e+00,0.00000e+00,0.00000e+00,9.92920e-01,9.99999e-01
4.607127720e+00,0.00000e+00,0.00000e+00,9.93059e-01,9.99999e-01
4.630163358e+00,0.00000e+00,0.00000e+00,9.93196e-01,9.99999e-01
4.653314175e+00,0.00000e+00,0.00000e+00,9.93330e-01,9.99999e-01
4.676580746e+00,0.00000e+00,0.00000e+00,9.93461e-01,9.99999e-01
4.699963650e+00,0.00000e+00,0.00000e+00,9.93590e-01,9.99999e-01
4.723463468e+00,0.00000e+00,0.00000e+00,9.93716e-01,9.99999e-01
4.747080785e+00,0.00000e+00,0.00000e+00,9.93840e-01,9.99999e-01
4.770816189e+00,0.00000e+00,0.00000e+00,9.93961e-01,9.99999e-01
4.794670270e+00,0.00000e+00,0.00000e+00,9.94080e-01,9.99999e-01
4.818643622e+00,0.00000e+00,0.00000e+00,9.94197e-01,9.99999e-01
4.842736840e+00,0.00000e+00,0.00000e+00,9.94311e-01,9.99999e-01
4.866950524e+00,0.00000e+00,0.00000e+00,9.94423e-01,9.99999e-01
4.891285276e+00,0.00000e+00,0.00000e+00,9.94533e-01,9.99999e-01
4.915741703e+00,0.00000e+00,0.00000e+00,9.94640e-01,9.99999e-01
4.940320411e+00,0.00000e+00,0.00000e+00,9.94746e-01,9.99999e-01
4.965022013e+00,0.00000e+00,0.00000e+00,9.94850e-01,9.99999e-01
4.989847123e+00,0.00000e+00,0.00000e+00,9.94951e-01,9.99999e-01
5.014796359e+00,0.00000e+00,0.00000e+00,9.95050e-01,9.99999e-01
5.039870341e+00,0.00000e+00,0.00000e+00,9.95148e-01,9.99999e-01
5.065069693e+00,0.00000e+00,0.00000e+00,9.95244e-01,9.99999e-01
5.090395041e+00,0.00000e+00,0.00000e+00,9.95337e-01,9.99999e-01
5.115847016e+00,0.00000e+00,0.00000e+00,9.95429e-01,9.99999e-01
5.141426251e+00,0.00000e+00,0.00000e+00,9.95519e-01,9.99999e-01
5.167133383e+00,0.00000e+00,0.00000e+00,9.95607e-01,9.99999e-01
5.192969049e+00,0.00000e+00,0.00000e+00,9.95694e-01,9.99999e-01
5.218933895e+00,0.00000e+00,0.00000e+00,9.95779e-01,9.99999e-01
5.245028564e+00,0.00000e+00,0.00000e+00,9.95862e-01,9.99999e-01
5.271253707e+00,0.00000e+00,0.00000e+00,9.95944e-01,9.99999e-01
5.297609976e+00,0.00000e+00,0.00000e+00,9.96024e-01,9.99999e-01
5.324098025e+00,0.00000e+00,0.00000e+00,9.96102e-01,9.99999e-01
5.350718516e+00,0.00000e+00,0.00000e+00,9.96179e-01,9.99999e-01
5.377472108e+00,0.00000e+00,0.00000e+00,9.96254e-01,9.99999e-01
5.404359469e+00,0.00000e+00,0.00000e+00,9.96328e-01,9.99999e-01
5.431381266e+00,0.00000e+00,0.00000e+00,9.96400e-01,9.99999e-01
5.458538172e+00,0.00000e+00,0.00000e+00,9.96471e-01,9.99999e-01
5.485830863e+00,0.00000e+00,0.00000e+00,9.96541e-01,9.99999e-01
5.513260018e+00,0.00000e+00,0.00000e+00,9.96609e-01,9.99999e-01
5.540826318e+00,0.00000e+00,0.00000e+00,9.96676e-01,9.99999e-01
5.568530449e+00,0.00000e+00,0.00000e+00,9.96741e-01,7.99561e-01
5.596373101e+00,0.00000e+00,0.00000e+00,9.96806e-01,7.16888e-01
5.624354967e+00,0.00000e+00,0.00000e+00,9.96869e-01,6.39446e-01
5.652476742e+00,0.00000e+00,0.00000e+00,9.96930e-01,5.48432e-01
5.680739126e+00,0.00000e+00,0.00000e+00,9.96991e-01,4.52378e-01
5.709142821e+00,0.00000e+00,0.00000e+00,9.97050e-01,3.50245e-01
5.737688535e+00,0.00000e+00,0.00000e+00,9.97108e-01,2.44300e-01
5.766376978e+00,4.10074e-322,2.63831e-321,9.97165e-01,1.55540e-01
5.795208863e+00,1.49690e-232,1.75954e-231,9.97221e-01,8.53103e-02
5.824184907e+00,1.24657e-169,3.41072e-168,9.97276e-01,3.66484e-02
5.853305832e+00,2.62262e-171,2.07126e-169,9.97330e-01,1.26958e-02
5.882572361e+00,2.75257e-199,8.88970e-197,9.97382e-01,3.10448e-03
5.911985223e+00,2.01985e-173,4.15228e-170,9.97434e-01,4.87693e-04
5.941545149e+00,1.01978e-88,2.06676e-84,9.97485e-01,4.94664e-05
5.971252874e+00,5.92202e-57,2.93696e-51,9.97534e-01,2.02136e-06
6.001109139e+00,1.32952e-51,4.40796e-44,9.97583e-01,3.02348e-08
6.031114685e+00,8.62973e-56,5.15377e-46,9.97631e-01,1.67842e-10
6.061270258e+00,1.10106e-72,9.37127e-60,9.97677e-01,1.17766e-13
6.091576609e+00,3.68902e-106,4.38669e-89,9.97723e-01,8.42874e-18
6.122034492e+00,2.03997e-138,3.19651e-116,9.97768e-01,6.39613e-23
6.152644665e+00,2.52524e-192,1.78963e-163,9.97812e-01,1.41414e-29
6.183407888e+00,5.22065e-227,1.63846e-189,9.97855e-01,3.19317e-38
6.214324928e+00,1.28018e-253,6.67034e-205,9.97897e-01,1.92325e-49
6.245396552e+00,5.75605e-215,1.04093e-151,9.97939e-01,5.54115e-64
6.276623535e+00,5.93220e-225,6.61247e-143,9.97980e-01,8.98938e-83
6.308006653e+00,1.38601e-250,2.36496e-144,9.98019e-01,5.87224e-107
6.339546686e+00,0.00000e+00,4.88486e-197,9.98058e-01,7.26577e-138
6.371244419e+00,0.00000e+00,7.88753e-225,9.98097e-01,5.66793e-177
6.403100641e+00,0.00000e+00,1.42398e-161,9.98134e-01,2.79043e-222
6.435116145e+00,0.00000e+00,2.76140e-69,9.98171e-01,1.04013e-277
6.467291725e+00,0.00000e+00,5.44215e-34,9.98207e-01,0.00000e+00
6.499628184e+00,0.00000e+00,1.73149e-14,9.98243e-01,0.00000e+00
6.532126325e+00,0.00000e+00,2.59577e-10,9.98277e-01,0.00000e+00
6.564786956e+00,0.00000e+00,5.35108e-08,9.98311e-01,0.00000e+00
6.597610891e+00,0.00000e+00,7.55978e-07,9.98345e-01,0.00000e+00
6.630598946e+00,0.00000e+00,3.99220e-06,9.98377e-01,0.00000e+00
6.663751940e+00,0.00000e+00,4.13330e-06,9.98409e-01,0.00000e+00
6.697070700e+00,0.00000e+00,3.42023e-07,9.98441e-01,0.00000e+00
6.730556054e+00,0.00000e+00,1.58785e-09,9.98471e-01,0.00000e+00
6.764208834e+00,0.00000e+00,1.05803e-12,9.98501e-01,0.00000e+00
6.798029878e+00,0.00000e+00,6.91688e-20,9.98531e-01,0.00000e+00
6.832020027e+00,0.00000e+00,5.54415e-28,9.98560e-01,0.00000e+00
6.866180128e+00,0.00000e+00,1.02543e-46,9.98588e-01,0.00000e+00
6.900511028e+00,0.00000e+00,4.37111e-67,9.98616e-01,0.00000e+00
6.935013583e+00,0.00000e+00,4.18656e-118,9.98644e-01,0.00000e+00
6.969688651e+00,0.00000e+00,3.43845e-170,9.98670e-01,0.00000e+00
7.004537095e+00,0.00000e+00,4.63545e-275,9.98697e-01,0.00000e+00
7.039559780e+00,0.00000e+00,0.00000e+00,9.98722e-01,0.00000e+00
7.074757579e+00,0.00000e+00,0.00000e+00,9.98747e-01,0.00000e+00
7.110131367e+00,0.00000e+00,0.00000e+00,9.98772e-01,0.00000e+00
7.145682024e+00,0.00000e+00,0.00000e+00,9.98796e-01,0.00000e+00
7.181410434e+00,0.00000e+00,0.00000e+00,9.98820e-01,0.00000e+00
7.217317486e+00,0.00000e+00,0.00000e+00,9.98843e-01,0.00000e+00
7.253404073e+00,0.00000e+00,0.00000e+00,9.98866e-01,0.00000e+00
7.289671094e+00,0.00000e+00,0.00000e+00,9.98889e-01,0.00000e+00
7.326119449e+00,0.00000e+00,0.00000e+00,9.98910e-01,0.00000e+00
7.362750046e+00,0.00000e+00,0.00000e+00,9.98932e-01,0.00000e+00
7.399563797e+00,0.00000e+00,0.00000e+00,9.98953e-01,0.00000e+00
7.436561616e+00,0.00000e+00,0.00000e+00,9.98974e-01,0.00000e+00
7.473744424e+00,0.00000e+00,0.00000e+00,9.98994e-01,0.00000e+00
7.511113146e+00,0.00000e+00,9.48471e-238,9.99014e-01,0.00000e+00
7.548668712e+00,0.00000e+00,3.36942e-141,9.99033e-01,0.00000e+00
7.586412055e+00,0.00000e+00,7.13384e-120,9.99052e-01,0.00000e+00
7.624344115e+00,0.00000e+00,5.53216e-119,9.99071e-01,0.00000e+00
7.662465836e+00,0.00000e+00,3.06548e-133,9.99089e-01,0.00000e+00
7.700778165e+00,0.00000e+00,4.25065e-180,9.99107e-01,0.00000e+00
7.739282056e+00,0.00000e+00,3.82707e-304,9.99125e-01,0.00000e+00
7.777978466e+00,0.00000e+00,0.00000e+00,9.99142e-01,0.00000e+00
7.816868359e+00,0.00000e+00,0.00000e+00,9.99159e-01,0.00000e+00
7.855952700e+00,0.00000e+00,0.00000e+00,9.99176e-01,0.00000e+00
7.895232464e+00,0.00000e+00,0.00000e+00,9.99192e-01,0.00000e+00
7.934708626e+00,0.00000e+00,0.00000e+00,9.99208e-01,0.00000e+00
7.974382169e+00,0.00000e+00,0.00000e+00,9.99223e-01,0.00000e+00
8.014254080e+00,0.00000e+00,0.00000e+00,9.99239e-01,0.00000e+00
8.054325351e+00,0.00000e+00,0.00000e+00,9.99254e-01,0.00000e+00
8.094596977e+00,0.00000e+00,0.00000e+00,9.99268e-01,0.00000e+00
8.135069962e+00,0.00000e+00,0.00000e+00,9.99283e-01,0.00000e+00
8.175745312e+00,0.00000e+00,0.00000e+00,9.99297e-01,0.00000e+00
8.216624039e+00,0.00000e+00,0.00000e+00,9.99311e-01,0.00000e+00
8.257707159e+00,0.00000e+00,4.16680e-290,9.99324e-01,0.00000e+00
8.298995695e+00,0.00000e+00,1.26324e-263,9.99338e-01,0.00000e+00
8.340490673e+00,0.00000e+00,6.09799e-243,9.99351e-01,0.00000e+00
8.382193126e+00,0.00000e+00,4.55027e-225,9.99364e-01,0.00000e+00
8.424104092e+00,0.00000e+00,4.38367e-178,9.99376e-01,0.00000e+00
8.466224613e+00,0.00000e+00,1.13806e-137,9.99389e-01,0.00000e+00
8.508555736e+00,0.00000e+00,9.56016e-77,9.99401e-01,1.52643e-282
8.551098514e+00,1.51336e-265,2.64338e-56,9.99412e-01,5.72842e-210
8.593854007e+00,4.91345e-220,6.84188e-56,9.99424e-01,7.18555e-165
8.636823277e+00,4.08807e-190,5.74638e-65,9.99435e-01,7.11816e-126
8.680007393e+00,1.44533e-168,1.43212e-73,9.99446e-01,1.00978e-95
8.723407430e+00,1.10690e-153,7.29020e-82,9.99457e-01,1.51916e-72
8.767024467e+00,8.35823e-145,2.10935e-89,9.99468e-01,3.96457e-56
8.810859590e+00,0.00000e+00,1.95505e-314,9.99479e-01,1.80925e-43
8.854913888e+00,0.00000e+00,0.00000e+00,9.99489e-01,7.50469e-33
8.899188457e+00,0.00000e+00,0.00000e+00,9.99499e-01,2.10494e-25
8.943684399e+00,0.00000e+00,0.00000e+00,9.99509e-01,1.03698e-19
8.988402821e+00,0.00000e+00,0.00000e+00,9.99518e-01,2.71995e-15
9.033344836e+00,0.00000e+00,0.00000e+00,9.99528e-01,6.34621e-12
9.078511560e+00,0.00000e+00,0.00000e+00,9.99537e-01,2.57749e-09
9.123904118e+00,0.00000e+00,0.00000e+00,9.99546e-01,2.51290e-07
9.169523638e+00,0.00000e+00,0.00000e+00,9.99555e-01,8.69488e-06
9.215371256e+00,0.00000e+00,0.00000e+00,9.99564e-01,1.29228e-04
9.261448113e+00,0.00000e+00,0.00000e+00,9.99573e-01,1.04327e-03
9.307755353e+00,0.00000e+00,0.00000e+00,9.99581e-01,4.52655e-03
9.354294130e+00,0.00000e+00,0.00000e+00,9.99589e-01,1.58025e-02
9.401065601e+00,0.00000e+00,0.00000e+00,9.99597e-01,4.15753e-02
9.448070929e+00,0.00000e+00,0.00000e+00,9.99605e-01,8.20230e-02
9.495311283e+00,0.00000e+00,0.00000e+00,9.99613e-01,1.39973e-01
9.542787840e+00,0.00000e+00,0.00000e+00,9.99621e-01,2.20780e-01
9.590501779e+00,0.00000e+00,0.00000e+00,9.99628e-01,3.14062e-01
9.638454288e+00,0.00000e+00,0.00000e+00,9.99636e-01,4.02284e-01
9.686646559e+00,0.00000e+00,0.00000e+00,9.99643e-01,4.88756e-01
9.735079792e+00,0.00000e+00,0.00000e+00,9.99650e-01,5.69568e-01
9.783755191e+00,0.00000e+00,0.00000e+00,9.99657e-01,6.42375e-01
9.832673967e+00,0.00000e+00,0.00000e+00,9.99663e-01,7.06126e-01
9.881837337e+00,0.00000e+00,0.00000e+00,9.99670e-01,7.65368e-01
9.931246523e+00,0.00000e+00,0.00000e+00,9.99677e-01,8.14661e-01
9.980902756e+00,0.00000e+00,0.00000e+00,9.99683e-01,9.99999e-01
1.003080727e+01,0.00000e+00,0.00000e+00,9.99689e-01,9.99999e-01
1.008096131e+01,0.00000e+00,0.00000e+00,9.99695e-01,9.99999e-01
1.013136611e+01,0.00000e+00,0.00000e+00,9.99701e-01,9.99999e-01
1.018202294e+01,0.00000e+00,0.00000e+00,9.99707e-01,9.99999e-01
1.023293306e+01,0.00000e+00,0.00000e+00,9.99713e-01,9.99999e-01
1.028409772e+01,0.00000e+00,0.00000e+00,9.99719e-01,9.99999e-01
1.033551821e+01,0.00000e+00,0.00000e+00,9.99724e-01,9.99999e-01
1.038719580e+01,0.00000e+00,0.00000e+00,9.99730e-01,9.99999e-01
1.043913178e+01,0.00000e+00,0.00000e+00,9.99735e-01,9.99999e-01
1.049132744e+01,0.00000e+00,0.00000e+00,9.99740e-01,9.99999e-01
1.054378408e+01,0.00000e+00,0.00000e+00,9.99745e-01,9.99999e-01
1.059650300e+01,0.00000e+00,0.00000e+00,9.99750e-01,9.99999e-01
1.064948551e+01,0.00000e+00,0.00000e+00,9.99755e-01,9.99999e-01
1.070273294e+01,0.00000e+00,0.00000e+00,9.99760e-01,9.99999e-01
1.075624661e+01,0.00000e+00,0.00000e+00,9.99765e-01,9.99999e-01
1.081002784e+01,0.00000e+00,0.00000e+00,9.99769e-01,9.99999e-01
1.086407798e+01,0.00000e+00,0.00000e+00,9.99774e-01,9.99999e-01
1.091839837e+01,0.00000e+00,0.00000e+00,9.99778e-01,9.99999e-01
1.097299036e+01,0.00000e+00,0.00000e+00,9.99783e-01,9.99999e-01
1.102785531e+01,0.00000e+00,0.00000e+00,9.99787e-01,9.99999e-01
1.108299459e+01,0.00000e+00,0.00000e+00,9.99791e-01,9.99999e-01
1.113840956e+01,0.00000e+00,0.00000e+00,9.99795e-01,9.99999e-01
1.119410161e+01,0.00000e+00,0.00000e+00,9.99799e-01,9.99999e-01
1.125007212e+01,0.00000e+00,0.00000e+00,9.99803e-01,9.99999e-01
1.130632248e+01,0.00000e+00,0.00000e+00,9.99807e-01,9.99999e-01
1.136285409e+01,0.00000e+00,0.00000e+00,9.99811e-01,9.99999e-01
1.141966836e+01,0.00000e+00,0.00000e+00,9.99815e-01,9.99999e-01
1.147676670e+01,0.00000e+00,0.00000e+00,9.99818e-01,9.99999e-01
1.153415054e+01,0.00000e+00,0.00000e+00,9.99822e-01,9.99999e-01
1.159182129e+01,0.00000e+00,0.00000e+00,9.99825e-01,9.99999e-01
1.164978039e+01,0.00000e+00,0.00000e+00,9.99829e-01,9.99999e-01
1.170802930e+01,0.00000e+00,0.00000e+00,9.99832e-01,9.99999e-01
1.176656944e+01,0.00000e+00,0.00000e+00,9.99835e-01,9.99999e-01
1.182540229e+01,0.00000e+00,0.00000e+00,9.99839e-01,9.99999e-01
1.188452930e+01,0.00000e+00,0.00000e+00,9.99842e-01,9.99999e-01
1.194395195e+01,0.00000e+00,0.00000e+00,9.99845e-01,9.99999e-01
1.200367171e+01,0.00000e+00,0.00000e+00,9.99848e-01,9.99999e-01
1.206369007e+01,0.00000e+00,0.00000e+00,9.99851e-01,9.99999e-01
1.212400852e+01,0.00000e+00,0.00000e+00,9.99854e-01,9.99999e-01
1.218462856e+01,0.00000e+00,0.00000e+00,9.99857e-01,9.99999e-01
1.224555170e+01,0.00000e+00,0.00000e+00,9.99859e-01,9.99999e-01
1.230677946e+01,0.00000e+00,0.00000e+00,9.99862e-01,9.99999e-01
1.236831336e+01,0.00000e+00,0.00000e+00,9.99865e-01,9.99999e-01
1.243015492e+01,0.00000e+00,0.00000e+00,9.99868e-01,9.99999e-01
1.249230570e+01,0.00000e+00,0.00000e+00,9.99870e-01,9.99999e-01
1.255476723e+01,0.00000e+00,0.00000e+00,9.99873e-01,9.99999e-01
1.261754106e+01,0.00000e+00,0.00000e+00,9.99875e-01,9.99999e-01
1.268062877e+01,0.00000e+00,0.00000e+00,9.99878e-01,9.99999e-01
1.274403191e+01,0.00000e+00,0.00000e+00,9.99880e-01,9.99999e-01
1.280775207e+01,0.00000e+00,0.00000e+00,9.99882e-01,9.99999e-01
1.287179083e+01,0.00000e+00,0.00000e+00,9.99885e-01,9.99999e-01
1.293614979e+01,0.00000e+00,0.00000e+00,9.99887e-01,9.99999e-01
1.300083054e+01,0.00000e+00,0.00000e+00,9.99889e-01,9.99999e-01
1.306583469e+01,0.00000e+00,0.00000e+00,9.99891e-01,9.99999e-01
1.313116386e+01,0.00000e+00,0.00000e+00,9.99893e-01,9.99999e-01
1.319681968e+01,0.00000e+00,0.00000e+00,9.99896e-01,9.99999e-01
1.326280378e+01,0.00000e+00,0.00000e+00,9.99898e-01,9.99999e-01
1.332911780e+01,0.00000e+00,0.00000e+00,9.99900e-01,9.99999e-01
1.339576339e+01,0.00000e+00,0.00000e+00,9.99902e-01,9.46020e-01
1.346274221e+01,0.00000e+00,0.00000e+00,9.99903e-01,9.40634e-01
1.353005592e+01,0.00000e+00,0.00000e+00,9.99905e-01,9.34729e-01
1.359770620e+01,0.00000e+00,0.00000e+00,9.99907e-01,9.29113e-01
1.366569473e+01,0.00000e+00,0.00000e+00,9.99909e-01,9.23010e-01
1.373402320e+01,0.00000e+00,0.00000e+00,9.99911e-01,9.15430e-01
1.380269332e+01,0.00000e+00,0.00000e+00,9.99913e-01,9.08240e-01
1.387170678e+01,0.00000e+00,0.00000e+00,9.99914e-01,9.00442e-01
1.394106532e+01,0.00000e+00,0.00000e+00,9.99916e-01,8.92054e-01
1.401077064e+01,0.00000e+00,0.00000e+00,9.99918e-01,8.82971e-01
1.408082450e+01,0.00000e+00,0.00000e+00,9.99919e-01,8.73220e-01
1.415122862e+01,0.00000e+00,0.00000e+00,9.99921e-01,8.62680e-01
1.422198476e+01,0.00000e+00,0.00000e+00,9.99922e-01,8.51410e-01
1.429309469e+01,0.00000e+00,0.00000e+00,9.99924e-01,8.39224e-01
1.436456016e+01,0.00000e+00,0.00000e+00,9.99925e-01,8.26211e-01
1.443638296e+01,0.00000e+00,0.00000e+00,9.99927e-01,8.12222e-01
1.450856487e+01,0.00000e+00,0.00000e+00,9.99928e-01,7.97280e-01
1.458110770e+01,0.00000e+00,0.00000e+00,9.99930e-01,7.81288e-01
1.465401324e+01,0.00000e+00,0.00000e+00,9.99931e-01,7.64292e-01
1.472728330e+01,0.00000e+00,0.00000e+00,9.99932e-01,7.48814e-01
1.480091972e+01,0.00000e+00,0.00000e+00,9.99934e-01,7.29698e-01
1.487492432e+01,0.00000e+00,0.00000e+00,9.99935e-01,7.09499e-01
1.494929894e+01,0.00000e+00,0.00000e+00,9.99936e-01,6.88072e-01
1.502404544e+01,0.00000e+00,0.00000e+00,9.99937e-01,6.65569e-01
1.509916566e+01,0.00000e+00,0.00000e+00,9.99939e-01,6.45273e-01
1.517466149e+01,0.00000e+00,0.00000e+00,9.99940e-01,6.24168e-01
1.525053480e+01,0.00000e+00,0.00000e+00,9.99941e-01,5.98405e-01
1.532678747e+01,0.00000e+00,0.00000e+00,9.99942e-01,5.71703e-01
1.540342141e+01,0.00000e+00,0.00000e+00,9.99943e-01,5.47938e-01
1.548043852e+01,0.00000e+00,0.00000e+00,9.99944e-01,5.23470e-01
1.555784071e+01,0.00000e+00,0.00000e+00,9.99945e-01,4.94086e-01
1.563562991e+01,0.00000e+00,0.00000e+00,9.99947e-01,4.64072e-01
1.571380806e+01,0.00000e+00,0.00000e+00,9.99948e-01,4.37840e-01
1.579237710e+01,0.00000e+00,0.00000e+00,9.99949e-01,4.11232e-01
1.587133899e+01,0.00000e+00,0.00000e+00,9.99950e-01,3.84435e-01
1.595069568e+01,0.00000e+00,0.00000e+00,9.99951e-01,3.57570e-01
1.603044916e+01,0.00000e+00,0.00000e+00,9.99951e-01,3.26248e-01
1.611060141e+01,0.00000e+00,0.00000e+00,9.99952e-01,2.95370e-01
1.619115441e+01,0.00000e+00,0.00000e+00,9.99953e-01,2.69295e-01
1.627211019e+01,0.00000e+00,0.00000e+00,9.99954e-01,2.43831e-01
1.635347074e+01,0.00000e+00,0.00000e+00,9.99955e-01,2.19124e-01
1.643523809e+01,0.00000e+00,0.00000e+00,9.99956e-01,1.95331e-01
1.651741428e+01,0.00000e+00,0.00000e+00,9.99957e-01,1.72603e-01
1.660000135e+01,0.00000e+00,0.00000e+00,9.99958e-01,1.51193e-01
1.668300136e+01,0.00000e+00,0.00000e+00,9.99958e-01,1.31036e-01
1.676641637e+01,0.00000e+00,0.00000e+00,9.99959e-01,1.12367e-01
1.685024845e+01,0.00000e+00,0.00000e+00,9.99960e-01,9.52379e-02
1.693449969e+01,0.00000e+00,0.00000e+00,9.99961e-01,7.97337e-02
1.701917219e+01,0.00000e+00,0.00000e+00,9.99962e-01,6.58651e-02
1.710426805e+01,0.00000e+00,0.00000e+00,9.99962e-01,5.36347e-02
1.718978939e+01,0.00000e+00,0.00000e+00,9.99963e-01,4.46763e-02
1.727573834e+01,0.00000e+00,0.00000e+00,9.99964e-01,3.67803e-02
1.736211703e+01,0.00000e+00,0.00000e+00,9.99964e-01,2.86736e-02
1.744892761e+01,0.00000e+00,0.00000e+00,9.99965e-01,2.19248e-02
1.753617225e+01,0.00000e+00,0.00000e+00,9.99966e-01,1.64370e-02
1.762385311e+01,0.00000e+00,0.00000e+00,9.99966e-01,1.20604e-02
1.771197238e+01,0.00000e+00,0.00000e+00,9.99967e-01,8.64417e-03
1.780053224e+01,0.00000e+00,0.00000e+00,9.99968e-01,6.42899e-03
1.788953490e+01,0.00000e+00,0.00000e+00,9.99968e-01,4.69220e-03
1.797898258e+01,0.00000e+00,0.00000e+00,9.99969e-01,3.13252e-03
1.806887749e+01,0.00000e+00,0.00000e+00,9.99970e-01,2.02927e-03
1.815922188e+01,0.00000e+00,0.00000e+00,9.99970e-01,1.37943e-03
1.825001799e+01,0.00000e+00,0.00000e+00,9.99971e-01,9.14800e-04
1.834126808e+01,0.00000e+00,0.00000e+00,9.99971e-01,5.40521e-04
1.843297442e+01,0.00000e+00,0.00000e+00,9.99972e-01,3.07139e-04
1.852513929e+01,0.00000e+00,0.00000e+00,9.99972e-01,1.85852e-04
1.861776499e+01,0.00000e+00,0.00000e+00,9.99973e-01,1.08796e-04
1.871085381e+01,0.00000e+00,0.00000e+00,9.99973e-01,5.48206e-05
1.880440808e+01,0.00000e+00,0.00000e+00,9.99974e-01,2.98224e-05
1.889843012e+01,0.00000e+00,0.00000e+00,9.99974e-01,1.55873e-05
1.899292227e+01,0.00000e+00,0.00000e+00,9.99975e-01,6.79859e-06
1.908788688e+01,0.00000e+00,0.00000e+00,9.99975e-01,3.25284e-06
1.918332632e+01,0.00000e+00,0.00000e+00,9.99976e-01,1.48213e-06
1.927924295e+01,0.00000e+00,0.00000e+00,9.99976e-01,6.45816e-07
1.937563916e+01,0.00000e+00,0.00000e+00,9.99977e-01,2.66179e-07
1.947251736e+01,0.00000e+00,0.00000e+00,9.99977e-01,1.04349e-07
1.956987994e+01,0.00000e+00,0.00000e+00,9.99978e-01,3.84945e-08
1.966772934e+01,0.00000e+00,0.00000e+00,9.99978e-01,1.07217e-08
1.976606799e+01,0.00000e+00,0.00000e+00,9.99978e-01,3.45183e-09
1.986489833e+01,0.00000e+00,0.00000e+00,9.99979e-01,1.03235e-09
1.996422282e+01,0.00000e+00,0.00000e+00,9.99979e-01,2.88938e-10
