#,Wave/freq,Total,H2O,Rayleigh,CIA
4.000000000e-01,9.99950e-01,9.99992e-01,9.99957e-01,9.99999e-01
4.020000000e-01,9.99953e-01,9.99995e-01,9.99958e-01,9.99999e-01
4.040100000e-01,9.99957e-01,9.99997e-01,9.99958e-01,9.99999e-01
4.060300500e-01,9.99959e-01,9.99999e-01,9.99959e-01,9.99999e-01
4.080602003e-01,9.99960e-01,9.99999e-01,9.99960e-01,9.99999e-01
4.101005013e-01,9.99961e-01,9.99999e-01,9.99961e-01,9.99999e-01
4.121510038e-01,9.99961e-01,9.99999e-01,9.99962e-01,9.99999e-01
4.142117588e-01,9.99960e-01,9.99997e-01,9.99962e-01,9.99999e-01
4.162828176e-01,9.99954e-01,9.99990e-01,9.99963e-01,9.99999e-01
4.183642317e-01,9.99959e-01,9.99994e-01,9.99964e-01,9.99999e-01
4.204560528e-01,9.99961e-01,9.99996e-01,9.99964e-01,9.99999e-01
4.225583331e-01,9.99964e-01,9.99998e-01,9.99965e-01,9.99999e-01
4.246711247e-01,9.99965e-01,9.99998e-01,9.99966e-01,9.99999e-01
4.267944804e-01,9.99965e-01,9.99998e-01,9.99966e-01,9.99999e-01
4.289284528e-01,9.99966e-01,9.99998e-01,9.99967e-01,9.99999e-01
4.310730950e-01,9.99967e-01,9.99999e-01,9.99968e-01,9.99999e-01
4.332284605e-01,9.99968e-01,9.99999e-01,9.99968e-01,9.99999e-01
4.353946028e-01,9.99969e-01,9.99999e-01,9.99969e-01,9.99999e-01
4.375715758e-01,9.99969e-01,9.99998e-01,9.99970e-01,9.99999e-01
4.397594337e-01,9.99962e-01,9.99991e-01,9.99970e-01,9.99999e-01
4.419582309e-01,9.99932e-01,9.99960e-01,9.99971e-01,9.99999e-01
4.441680220e-01,9.99941e-01,9.99968e-01,9.99971e-01,9.99999e-01
4.463888621e-01,9.99940e-01,9.99967e-01,9.99972e-01,9.99999e-01
4.486208064e-01,9.99952e-01,9.99979e-01,9.99972e-01,9.99999e-01
4.508639105e-01,9.99964e-01,9.99990e-01,9.99973e-01,9.99999e-01
4.531182300e-01,9.99970e-01,9.99995e-01,9.99973e-01,9.99999e-01
4.553838212e-01,9.99971e-01,9.99997e-01,9.99974e-01,9.99999e-01
4.576607403e-01,9.99973e-01,9.99998e-01,9.99974e-01,9.99999e-01
4.599490440e-01,9.99974e-01,9.99998e-01,9.99975e-01,9.99999e-01
4.622487892e-01,9.99975e-01,9.99999e-01,9.99975e-01,9.99999e-01
4.645600332e-01,9.99975e-01,9.99998e-01,9.99976e-01,9.99999e-01
4.668828333e-01,9.99967e-01,9.99990e-01,9.99976e-01,9.99999e-01
4.692172475e-01,9.99957e-01,9.99979e-01,9.99977e-01,9.99999e-01
4.715633337e-01,9.99964e-01,9.99986e-01,9.99977e-01,9.99999e-01
4.739211504e-01,9.99965e-01,9.99986e-01,9.99978e-01,9.99999e-01
4.762907561e-01,9.99972e-01,9.99992e-01,9.99978e-01,9.99999e-01
4.786722099e-01,9.99976e-01,9.99996e-01,9.99978e-01,9.99999e-01
4.810655710e-01,9.99978e-01,9.99998e-01,9.99979e-01,9.99999e-01
4.834708988e-01,9.99972e-01,9.99991e-01,9.99979e-01,9.99999e-01
4.858882533e-01,9.99965e-01,9.99985e-01,9.99980e-01,9.99999e-01
4.883176946e-01,9.99968e-01,9.99987e-01,9.99980e-01,9.99999e-01
4.907592831e-01,9.99970e-01,9.99988e-01,9.99980e-01,9.99999e-01
4.932130795e-01,9.99973e-01,9.99991e-01,9.99981e-01,9.99999e-01
4.956791449e-01,9.99977e-01,9.99995e-01,9.99981e-01,9.99999e-01
4.981575406e-01,9.99961e-01,9.99979e-01,9.99981e-01,9.99999e-01
5.006483283e-01,9.99930e-01,9.99947e-01,9.99982e-01,9.99999e-01
5.031515699e-01,9.99718e-01,9.99734e-01,9.99982e-01,9.99999e-01
5.056673278e-01,9.99843e-01,9.99859e-01,9.99982e-01,9.99999e-01
5.081956644e-01,9.99807e-01,9.99823e-01,9.99983e-01,9.99999e-01
5.107366428e-01,9.99864e-01,9.99880e-01,9.99983e-01,9.99999e-01
5.132903260e-01,9.99915e-01,9.99931e-01,9.99983e-01,9.99999e-01
5.158567776e-01,9.99955e-01,9.99970e-01,9.99984e-01,9.99999e-01
5.184360615e-01,9.99973e-01,9.99987e-01,9.99984e-01,9.99999e-01
5.210282418e-01,9.99980e-01,9.99995e-01,9.99984e-01,9.99999e-01
5.236333830e-01,9.99967e-01,9.99982e-01,9.99985e-01,9.99999e-01
5.262515499e-01,9.99974e-01,9.99988e-01,9.99985e-01,9.99999e-01
5.288828077e-01,9.99975e-01,9.99989e-01,9.99985e-01,9.99999e-01
5.315272217e-01,9.99977e-01,9.99990e-01,9.99985e-01,9.99999e-01
5.341848578e-01,9.99980e-01,9.99993e-01,9.99986e-01,9.99999e-01
5.368557821e-01,9.99966e-01,9.99979e-01,9.99986e-01,9.99999e-01
5.395400610e-01,9.99914e-01,9.99927e-01,9.99986e-01,9.99999e-01
5.422377613e-01,9.99893e-01,9.99905e-01,9.99987e-01,9.99999e-01
5.449489501e-01,9.99900e-01,9.99912e-01,9.99987e-01,9.99999e-01
5.476736949e-01,9.99910e-01,9.99922e-01,9.99987e-01,9.99999e-01
5.504120634e-01,9.99931e-01,9.99943e-01,9.99987e-01,9.99999e-01
5.531641237e-01,9.99959e-01,9.99971e-01,9.99987e-01,9.99999e-01
5.559299443e-01,9.99974e-01,9.99985e-01,9.99988e-01,9.99999e-01
5.587095940e-01,9.99979e-01,9.99990e-01,9.99988e-01,9.99999e-01
5.615031420e-01,9.99979e-01,9.99990e-01,9.99988e-01,9.99999e-01
5.643106577e-01,9.99978e-01,9.99988e-01,9.99988e-01,9.99999e-01
5.671322110e-01,9.99858e-01,9.99869e-01,9.99989e-01,9.99999e-01
5.699678720e-01,9.99849e-01,9.99860e-01,9.99989e-01,9.99999e-01
5.728177114e-01,9.99844e-01,9.99854e-01,9.99989e-01,9.99999e-01
5.756818000e-01,9.99856e-01,9.99866e-01,9.99989e-01,9.99999e-01
5.785602090e-01,9.99873e-01,9.99883e-01,9.99989e-01,9.99999e-01
5.814530100e-01,9.99873e-01,9.99883e-01,9.99990e-01,9.99999e-01
5.843602750e-01,9.99851e-01,9.99860e-01,9.99990e-01,9.99999e-01
5.872820764e-01,9.98794e-01,9.98803e-01,9.99990e-01,9.99999e-01
5.902184868e-01,9.98539e-01,9.98547e-01,9.99990e-01,9.99999e-01
5.931695792e-01,9.98965e-01,9.98974e-01,9.99990e-01,9.99999e-01
5.961354271e-01,9.98867e-01,9.98875e-01,9.99990e-01,9.99999e-01
5.991161043e-01,9.99171e-01,9.99179e-01,9.99991e-01,9.99999e-01
6.021116848e-01,9.99526e-01,9.99534e-01,9.99991e-01,9.99999e-01
6.051222432e-01,9.99756e-01,9.99764e-01,9.99991e-01,9.99999e-01
6.081478544e-01,9.99890e-01,9.99898e-01,9.99991e-01,9.99999e-01
6.111885937e-01,9.99948e-01,9.99956e-01,9.99991e-01,9.99999e-01
6.142445367e-01,9.99972e-01,9.99980e-01,9.99991e-01,9.99999e-01
6.173157594e-01,9.99981e-01,9.99988e-01,9.99992e-01,9.99999e-01
6.204023382e-01,9.99983e-01,9.99990e-01,9.99992e-01,9.99999e-01
6.235043498e-01,9.99953e-01,9.99960e-01,9.99992e-01,9.99999e-01
6.266218716e-01,9.99783e-01,9.99790e-01,9.99992e-01,9.99999e-01
6.297549810e-01,9.99916e-01,9.99923e-01,9.99992e-01,9.99999e-01
6.329037559e-01,9.99841e-01,9.99848e-01,9.99992e-01,9.99999e-01
6.360682746e-01,9.99864e-01,9.99870e-01,9.99992e-01,9.99999e-01
6.392486160e-01,9.99826e-01,9.99832e-01,9.99993e-01,9.99999e-01
6.424448591e-01,9.99770e-01,9.99776e-01,9.99993e-01,9.99999e-01
6.456570834e-01,9.98957e-01,9.98964e-01,9.99993e-01,9.99999e-01
6.488853688e-01,9.99233e-01,9.99239e-01,9.99993e-01,9.99999e-01
6.521297956e-01,9.99218e-01,9.99224e-01,9.99993e-01,9.99999e-01
6.553904446e-01,9.99223e-01,9.99229e-01,9.99993e-01,9.99999e-01
6.586673968e-01,9.99333e-01,9.99339e-01,9.99993e-01,9.99999e-01
6.619607338e-01,9.99612e-01,9.99617e-01,9.99993e-01,9.99999e-01
6.652705375e-01,9.99773e-01,9.99778e-01,9.99993e-01,9.99999e-01
6.685968902e-01,9.99891e-01,9.99896e-01,9.99994e-01,9.99999e-01
6.719398746e-01,9.99946e-01,9.99951e-01,9.99994e-01,9.99999e-01
6.752995740e-01,9.99968e-01,9.99973e-01,9.99994e-01,9.99999e-01
6.786760719e-01,9.99957e-01,9.99962e-01,9.99994e-01,9.99999e-01
6.820694522e-01,9.99930e-01,9.99935e-01,9.99994e-01,9.99999e-01
6.854797995e-01,9.99912e-01,9.99917e-01,9.99994e-01,9.99999e-01
6.889071985e-01,9.99796e-01,9.99801e-01,9.99994e-01,9.99999e-01
6.923517345e-01,9.96751e-01,9.96756e-01,9.99994e-01,9.99999e-01
6.958134932e-01,9.98300e-01,9.98304e-01,9.99994e-01,9.99999e-01
6.992925606e-01,9.98393e-01,9.98397e-01,9.99994e-01,9.99999e-01
7.027890234e-01,9.98013e-01,9.98018e-01,9.99995e-01,9.99999e-01
7.063029686e-01,9.98330e-01,9.98334e-01,9.99995e-01,9.99999e-01
7.098344834e-01,9.98397e-01,9.98402e-01,9.99995e-01,9.99999e-01
7.133836558e-01,9.97870e-01,9.97874e-01,9.99995e-01,9.99999e-01
7.169505741e-01,9.82905e-01,9.82909e-01,9.99995e-01,9.99999e-01
7.205353270e-01,9.91578e-01,9.91583e-01,9.99995e-01,9.99999e-01
7.241380036e-01,9.89359e-01,9.89363e-01,9.99995e-01,9.99999e-01
7.277586936e-01,9.90390e-01,9.90394e-01,9.99995e-01,9.99999e-01
7.313974871e-01,9.89782e-01,9.89786e-01,9.99995e-01,9.99999e-01
7.350544745e-01,9.94413e-01,9.94417e-01,9.99995e-01,9.99999e-01
7.387297469e-01,9.95888e-01,9.95892e-01,9.99995e-01,9.99999e-01
7.424233956e-01,9.97985e-01,9.97988e-01,9.99995e-01,9.99999e-01
7.461355126e-01,9.98777e-01,9.98781e-01,9.99996e-01,9.99999e-01
7.498661902e-01,9.99428e-01,9.99431e-01,9.99996e-01,9.99999e-01
7.536155211e-01,9.99718e-01,9.99721e-01,9.99996e-01,9.99999e-01
7.573835987e-01,9.99853e-01,9.99856e-01,9.99996e-01,9.99999e-01
7.611705167e-01,9.99907e-01,9.99910e-01,9.99996e-01,9.99999e-01
7.649763693e-01,9.99940e-01,9.99943e-01,9.99996e-01,9.99999e-01
7.688012511e-01,9.99957e-01,9.99960e-01,9.99996e-01,9.99999e-01
7.726452574e-01,9.99964e-01,9.99967e-01,9.99996e-01,9.99999e-01
7.765084837e-01,9.99951e-01,9.99954e-01,9.99996e-01,9.99999e-01
7.803910261e-01,9.99800e-01,9.99803e-01,9.99996e-01,9.99999e-01
7.842929812e-01,9.99313e-01,9.99316e-01,9.99996e-01,9.99999e-01
7.882144461e-01,9.98586e-01,9.98589e-01,9.99996e-01,9.99999e-01
7.921555184e-01,9.99222e-01,9.99225e-01,9.99996e-01,9.99999e-01
7.961162960e-01,9.98631e-01,9.98634e-01,9.99996e-01,9.99999e-01
8.000968774e-01,9.98418e-01,9.98421e-01,9.99996e-01,9.99999e-01
8.040973618e-01,9.98418e-01,9.98421e-01,9.99996e-01,9.99999e-01
8.081178486e-01,9.96441e-01,9.96444e-01,9.99996e-01,9.99999e-01
8.121584379e-01,9.85204e-01,9.85207e-01,9.99997e-01,9.99999e-01
8.162192301e-01,9.82403e-01,9.82405e-01,9.99997e-01,9.99999e-01
8.203003262e-01,9.91170e-01,9.91173e-01,9.99997e-01,9.99999e-01
8.244018279e-01,9.87571e-01,9.87573e-01,9.99997e-01,9.99999e-01
8.285238370e-01,9.89499e-01,9.89501e-01,9.99997e-01,9.99999e-01
8.326664562e-01,9.89368e-01,9.89371e-01,9.99997e-01,9.99999e-01
8.368297885e-01,9.92408e-01,9.92410e-01,9.99997e-01,9.99999e-01
8.410139374e-01,9.95485e-01,9.95487e-01,9.99997e-01,9.99999e-01
8.452190071e-01,9.97783e-01,9.97785e-01,9.99997e-01,9.99999e-01
8.494451021e-01,9.98714e-01,9.98716e-01,9.99997e-01,9.99999e-01
8.536923276e-01,9.99238e-01,9.99240e-01,9.99997e-01,9.99999e-01
8.579607893e-01,9.99530e-01,9.99532e-01,9.99997e-01,9.99999e-01
8.622505932e-01,9.99700e-01,9.99702e-01,9.99997e-01,9.99999e-01
8.665618462e-01,9.99814e-01,9.99816e-01,9.99997e-01,9.99999e-01
8.708946554e-01,9.99787e-01,9.99789e-01,9.99997e-01,9.99999e-01
8.752491287e-01,9.99716e-01,9.99718e-01,9.99997e-01,9.99999e-01
8.796253743e-01,9.99608e-01,9.99610e-01,9.99997e-01,9.99999e-01
8.840235012e-01,9.99553e-01,9.99555e-01,9.99997e-01,9.99999e-01
8.884436187e-01,9.98379e-01,9.98381e-01,9.99997e-01,9.99999e-01
8.928858368e-01,9.82952e-01,9.82954e-01,9.99997e-01,9.99999e-01
8.973502660e-01,9.69916e-01,9.69918e-01,9.99997e-01,9.99999e-01
9.018370173e-01,9.84500e-01,9.84502e-01,9.99997e-01,9.99999e-01
9.063462024e-01,9.86415e-01,9.86418e-01,9.99997e-01,9.99999e-01
9.108779334e-01,9.78863e-01,9.78865e-01,9.99997e-01,9.99998e-01
9.154323231e-01,9.76040e-01,9.76042e-01,9.99997e-01,9.99998e-01
9.200094847e-01,9.81154e-01,9.81156e-01,9.99997e-01,9.99998e-01
9.246095321e-01,9.70415e-01,9.70417e-01,9.99998e-01,9.99998e-01
9.292325798e-01,8.15337e-01,8.15341e-01,9.99998e-01,9.99996e-01
9.338787427e-01,7.66958e-01,7.66961e-01,9.99998e-01,9.99995e-01
9.385481364e-01,8.98947e-01,8.98952e-01,9.99998e-01,9.99995e-01
9.432408771e-01,8.60286e-01,8.60290e-01,9.99998e-01,9.99995e-01
9.479570815e-01,8.09389e-01,8.09393e-01,9.99998e-01,9.99995e-01
9.526968669e-01,8.55744e-01,8.55747e-01,9.99998e-01,9.99996e-01
9.574603512e-01,8.69985e-01,8.69988e-01,9.99998e-01,9.99997e-01
9.622476530e-01,8.93404e-01,8.93407e-01,9.99998e-01,9.99998e-01
9.670588912e-01,9.37307e-01,9.37309e-01,9.99998e-01,9.99998e-01
9.718941857e-01,9.60626e-01,9.60628e-01,9.99998e-01,9.99998e-01
9.767536566e-01,9.67227e-01,9.67229e-01,9.99998e-01,9.99999e-01
9.816374249e-01,9.75633e-01,9.75634e-01,9.99998e-01,9.99999e-01
9.865456120e-01,9.84720e-01,9.84722e-01,9.99998e-01,9.99999e-01
9.914783401e-01,9.90537e-01,9.90538e-01,9.99998e-01,9.99999e-01
9.964357318e-01,9.94836e-01,9.94837e-01,9.99998e-01,9.99999e-01
1.001417910e+00,9.96902e-01,9.96903e-01,9.99998e-01,9.99999e-01
1.006425000e+00,9.98234e-01,9.98235e-01,9.99998e-01,9.99999e-01
1.011457125e+00,9.98902e-01,9.98903e-01,9.99998e-01,9.99999e-01
1.016514411e+00,9.99254e-01,9.99255e-01,9.99998e-01,9.99999e-01
1.021596983e+00,9.99406e-01,9.99407e-01,9.99998e-01,9.99999e-01
1.026704968e+00,9.99536e-01,9.99537e-01,9.99998e-01,9.99999e-01
1.031838492e+00,9.99662e-01,9.99663e-01,9.99998e-01,9.99999e-01
1.036997685e+00,9.99799e-01,9.99800e-01,9.99998e-01,9.99999e-01
1.042182673e+00,9.99761e-01,9.99761e-01,9.99998e-01,9.99999e-01
1.047393587e+00,9.99683e-01,9.99684e-01,9.99998e-01,9.99999e-01
1.052630555e+00,9.99566e-01,9.99567e-01,9.99998e-01,9.99999e-01
1.057893707e+00,9.99276e-01,9.99277e-01,9.99998e-01,9.99999e-01
1.063183176e+00,9.98810e-01,9.98811e-01,9.99998e-01,9.99999e-01
1.068499092e+00,9.98008e-01,9.98008e-01,9.99998e-01,9.99999e-01
1.073841587e+00,9.97669e-01,9.97670e-01,9.99998e-01,9.99999e-01
1.079210795e+00,9.97012e-01,9.97013e-01,9.99998e-01,9.99999e-01
1.084606849e+00,9.95480e-01,9.95481e-01,9.99998e-01,9.99999e-01
1.090029883e+00,9.93516e-01,9.93517e-01,9.99998e-01,9.99999e-01
1.095480033e+00,9.82419e-01,9.82421e-01,9.99998e-01,9.99999e-01
1.100957433e+00,9.55801e-01,9.55802e-01,9.99998e-01,9.99998e-01
1.106462220e+00,8.90542e-01,8.90544e-01,9.99998e-01,9.99997e-01
1.111994531e+00,7.81811e-01,7.81814e-01,9.99998e-01,9.99996e-01
1.117554504e+00,6.69287e-01,6.69291e-01,9.99998e-01,9.99994e-01
1.123142276e+00,7.38528e-01,7.38533e-01,9.99998e-01,9.99993e-01
1.128757988e+00,8.26816e-01,8.26822e-01,9.99998e-01,9.99993e-01
1.134401778e+00,6.23399e-01,6.23404e-01,9.99998e-01,9.99992e-01
1.140073787e+00,8.94636e-01,8.94642e-01,9.99998e-01,9.99993e-01
1.145774156e+00,7.89755e-01,7.89759e-01,9.99998e-01,9.99994e-01
1.151503026e+00,7.66946e-01,7.66950e-01,9.99998e-01,9.99995e-01
1.157260541e+00,8.05826e-01,8.05829e-01,9.99998e-01,9.99996e-01
1.163046844e+00,8.53006e-01,8.53008e-01,9.99998e-01,9.99997e-01
1.168862078e+00,8.96242e-01,8.96244e-01,9.99998e-01,9.99998e-01
1.174706389e+00,9.34666e-01,9.34667e-01,9.99998e-01,9.99999e-01
1.180579921e+00,9.59745e-01,9.59746e-01,9.99998e-01,9.99999e-01
1.186482820e+00,9.77098e-01,9.77099e-01,9.99998e-01,9.99999e-01
1.192415234e+00,9.86586e-01,9.86587e-01,9.99998e-01,9.99999e-01
1.198377311e+00,9.88686e-01,9.88687e-01,9.99998e-01,9.99999e-01
1.204369197e+00,9.89280e-01,9.89280e-01,9.99998e-01,9.99999e-01
1.210391043e+00,9.89751e-01,9.89752e-01,9.99998e-01,9.99999e-01
1.216442998e+00,9.91271e-01,9.91272e-01,9.99999e-01,9.99999e-01
1.222525213e+00,9.93203e-01,9.93204e-01,9.99999e-01,9.99999e-01
1.228637839e+00,9.95277e-01,9.95278e-01,9.99999e-01,9.99999e-01
1.234781029e+00,9.96490e-01,9.96491e-01,9.99999e-01,9.99999e-01
1.240954934e+00,9.97780e-01,9.97780e-01,9.99999e-01,9.99999e-01
1.247159708e+00,9.98270e-01,9.98271e-01,9.99999e-01,9.99999e-01
1.253395507e+00,9.98465e-01,9.98465e-01,9.99999e-01,9.99999e-01
1.259662485e+00,9.98543e-01,9.98543e-01,9.99999e-01,9.99999e-01
1.265960797e+00,9.97671e-01,9.97671e-01,9.99999e-01,9.99999e-01
1.272290601e+00,9.96345e-01,9.96346e-01,9.99999e-01,9.99999e-01
1.278652054e+00,9.92738e-01,9.92739e-01,9.99999e-01,9.99999e-01
1.285045314e+00,9.88594e-01,9.88595e-01,9.99999e-01,9.99999e-01
1.291470541e+00,9.77213e-01,9.77214e-01,9.99999e-01,9.99999e-01
1.297927893e+00,9.70316e-01,9.70317e-01,9.99999e-01,9.99998e-01
1.304417533e+00,9.61897e-01,9.61899e-01,9.99999e-01,9.99998e-01
1.310939621e+00,9.56500e-01,9.56503e-01,9.99999e-01,9.99997e-01
1.317494319e+00,9.52842e-01,9.52847e-01,9.99999e-01,9.99995e-01
1.324081790e+00,9.29993e-01,9.30000e-01,9.99999e-01,9.99992e-01
1.330702199e+00,7.23474e-01,7.23482e-01,9.99999e-01,9.99988e-01
1.337355710e+00,4.56120e-01,4.56130e-01,9.99999e-01,9.99977e-01
1.344042489e+00,1.09463e-01,1.09468e-01,9.99999e-01,9.99952e-01
1.350762701e+00,1.34447e-02,1.34457e-02,9.99999e-01,9.99924e-01
1.357516515e+00,3.71071e-03,3.71105e-03,9.99999e-01,9.99906e-01
1.364304097e+00,2.03700e-02,2.03720e-02,9.99999e-01,9.99900e-01
1.371125618e+00,7.69715e-02,7.69792e-02,9.99999e-01,9.99899e-01
1.377981246e+00,1.09862e-01,1.09873e-01,9.99999e-01,9.99892e-01
1.384871152e+00,1.69280e-02,1.69298e-02,9.99999e-01,9.99895e-01
1.391795508e+00,2.71714e-02,2.71738e-02,9.99999e-01,9.99910e-01
1.398754485e+00,4.09494e-02,4.09526e-02,9.99999e-01,9.99923e-01
1.405748258e+00,3.97882e-02,3.97909e-02,9.99999e-01,9.99931e-01
1.412776999e+00,4.57793e-02,4.57818e-02,9.99999e-01,9.99944e-01
1.419840884e+00,5.39220e-02,5.39242e-02,9.99999e-01,9.99958e-01
1.426940089e+00,1.05624e-01,1.05627e-01,9.99999e-01,9.99974e-01
1.434074789e+00,1.76697e-01,1.76700e-01,9.99999e-01,9.99983e-01
1.441245163e+00,2.85664e-01,2.85668e-01,9.99999e-01,9.99987e-01
1.448451389e+00,4.04703e-01,4.04708e-01,9.99999e-01,9.99989e-01
1.455693646e+00,5.63686e-01,5.63691e-01,9.99999e-01,9.99991e-01
1.462972114e+00,6.14855e-01,6.14860e-01,9.99999e-01,9.99992e-01
1.470286975e+00,5.65036e-01,5.65039e-01,9.99999e-01,9.99993e-01
1.477638409e+00,6.03331e-01,6.03335e-01,9.99999e-01,9.99993e-01
1.485026601e+00,6.65575e-01,6.65578e-01,9.99999e-01,9.99995e-01
1.492451734e+00,7.35265e-01,7.35267e-01,9.99999e-01,9.99996e-01
1.499913993e+00,8.15990e-01,8.15991e-01,9.99999e-01,9.99997e-01
1.507413563e+00,8.63924e-01,8.63925e-01,9.99999e-01,9.99998e-01
1.514950631e+00,9.12520e-01,9.12521e-01,9.99999e-01,9.99999e-01
1.522525384e+00,9.42682e-01,9.42682e-01,9.99999e-01,9.99999e-01
1.530138011e+00,9.57667e-01,9.57667e-01,9.99999e-01,9.99999e-01
1.537788701e+00,9.75966e-01,9.75966e-01,9.99999e-01,9.99999e-01
1.545477645e+00,9.84541e-01,9.84542e-01,9.99999e-01,9.99999e-01
1.553205033e+00,9.87416e-01,9.87416e-01,9.99999e-01,9.99999e-01
1.560971058e+00,9.92174e-01,9.92174e-01,9.99999e-01,9.99999e-01
1.568775913e+00,9.94841e-01,9.94841e-01,9.99999e-01,9.99999e-01
1.576619793e+00,9.95988e-01,9.95988e-01,9.99999e-01,9.99999e-01
1.584502892e+00,9.97561e-01,9.97561e-01,9.99999e-01,9.99999e-01
1.592425406e+00,9.97742e-01,9.97742e-01,9.99999e-01,9.99999e-01
1.600387533e+00,9.98442e-01,9.98442e-01,9.99999e-01,9.99999e-01
1.608389471e+00,9.98388e-01,9.98389e-01,9.99999e-01,9.99999e-01
1.616431418e+00,9.98353e-01,9.98353e-01,9.99999e-01,9.99999e-01
1.624513575e+00,9.98238e-01,9.98238e-01,9.99999e-01,9.99999e-01
1.632636143e+00,9.97239e-01,9.97239e-01,9.99999e-01,9.99999e-01
1.640799324e+00,9.96319e-01,9.96319e-01,9.99999e-01,9.99999e-01
1.649003321e+00,9.95297e-01,9.95298e-01,9.99999e-01,9.99999e-01
1.657248337e+00,9.93802e-01,9.93802e-01,9.99999e-01,9.99999e-01
1.665534579e+00,9.91562e-01,9.91562e-01,9.99999e-01,9.99999e-01
1.673862252e+00,9.88481e-01,9.88481e-01,9.99999e-01,9.99999e-01
1.682231563e+00,9.89942e-01,9.89942e-01,9.99999e-01,9.99999e-01
1.690642721e+00,9.82426e-01,9.82427e-01,9.99999e-01,9.99999e-01
1.699095934e+00,9.79627e-01,9.79627e-01,9.99999e-01,9.99999e-01
1.707591414e+00,9.78256e-01,9.78257e-01,9.99999e-01,9.99999e-01
1.716129371e+00,9.73047e-01,9.73047e-01,9.99999e-01,9.99998e-01
1.724710018e+00,9.59460e-01,9.59461e-01,9.99999e-01,9.99998e-01
1.733333568e+00,9.47504e-01,9.47505e-01,9.99999e-01,9.99998e-01
1.742000236e+00,9.21794e-01,9.21797e-01,9.99999e-01,9.99997e-01
1.750710237e+00,8.57030e-01,8.57033e-01,9.99999e-01,9.99995e-01
1.759463788e+00,7.47388e-01,7.47392e-01,9.99999e-01,9.99993e-01
1.768261107e+00,5.74002e-01,5.74007e-01,9.99999e-01,9.99989e-01
1.777102413e+00,3.94216e-01,3.94222e-01,9.99999e-01,9.99984e-01
1.785987925e+00,1.83579e-01,1.83584e-01,9.99999e-01,9.99975e-01
1.794917864e+00,9.46103e-02,9.46143e-02,9.99999e-01,9.99957e-01
1.803892454e+00,2.04396e-02,2.04409e-02,9.99999e-01,9.99936e-01
1.812911916e+00,9.05128e-03,9.05203e-03,9.99999e-01,9.99916e-01
1.821976476e+00,9.48134e-03,9.48228e-03,9.99999e-01,9.99900e-01
1.831086358e+00,4.82615e-03,4.82670e-03,9.99999e-01,9.99885e-01
1.840241790e+00,7.94122e-03,7.94223e-03,9.99999e-01,9.99873e-01
1.849442999e+00,2.04945e-02,2.04973e-02,9.99999e-01,9.99863e-01
1.858690214e+00,3.51507e-03,3.51562e-03,9.99999e-01,9.99841e-01
1.867983665e+00,6.88903e-04,6.89024e-04,9.99999e-01,9.99823e-01
1.877323583e+00,6.62040e-02,6.62151e-02,9.99999e-01,9.99832e-01
1.886710201e+00,9.66836e-02,9.66973e-02,9.99999e-01,9.99857e-01
1.896143752e+00,1.12193e-01,1.12207e-01,9.99999e-01,9.99871e-01
1.905624471e+00,2.67916e-02,2.67948e-02,9.99999e-01,9.99880e-01
1.915152593e+00,1.07629e-02,1.07641e-02,9.99999e-01,9.99888e-01
1.924728356e+00,6.59188e-03,6.59253e-03,9.99999e-01,9.99901e-01
1.934351998e+00,6.25756e-03,6.25806e-03,9.99999e-01,9.99918e-01
1.944023758e+00,2.70052e-02,2.70068e-02,9.99999e-01,9.99941e-01
1.953743877e+00,4.71977e-02,4.71995e-02,9.99999e-01,9.99961e-01
1.963512596e+00,1.52604e-01,1.52608e-01,9.99999e-01,9.99975e-01
1.973330159e+00,2.36510e-01,2.36514e-01,9.99999e-01,9.99985e-01
1.983196810e+00,4.86071e-01,4.86076e-01,9.99999e-01,9.99990e-01
1.993112794e+00,5.74591e-01,5.74595e-01,9.99999e-01,9.99993e-01
2.003078358e+00,7.25622e-01,7.25625e-01,9.99999e-01,9.99995e-01
2.013093750e+00,8.12621e-01,8.12624e-01,9.99999e-01,9.99996e-01
2.023159218e+00,8.87895e-01,8.87897e-01,9.99999e-01,9.99997e-01
2.033275015e+00,9.12007e-01,9.12008e-01,9.99999e-01,9.99998e-01
2.043441390e+00,9.44677e-01,9.44678e-01,9.99999e-01,9.99998e-01
2.053658597e+00,9.55295e-01,9.55295e-01,9.99999e-01,9.99999e-01
2.063926890e+00,9.69937e-01,9.69937e-01,9.99999e-01,9.99999e-01
2.074246524e+00,9.73911e-01,9.73912e-01,9.99999e-01,9.99999e-01
2.084617757e+00,9.82885e-01,9.82885e-01,9.99999e-01,9.99999e-01
2.095040845e+00,9.86507e-01,9.86507e-01,9.99999e-01,9.99999e-01
2.105516050e+00,9.88391e-01,9.88391e-01,9.99999e-01,9.99999e-01
2.116043630e+00,9.88896e-01,9.88896e-01,9.99999e-01,9.99999e-01
2.126623848e+00,9.93243e-01,9.93243e-01,9.99999e-01,9.99999e-01
2.137256967e+00,9.93584e-01,9.93584e-01,9.99999e-01,9.99999e-01
2.147943252e+00,9.93817e-01,9.93818e-01,9.99999e-01,9.99999e-01
2.158682968e+00,9.94354e-01,9.94354e-01,9.99999e-01,9.99999e-01
2.169476383e+00,9.93985e-01,9.93985e-01,9.99999e-01,9.99999e-01
2.180323765e+00,9.93127e-01,9.93128e-01,9.99999e-01,9.99999e-01
2.191225384e+00,9.91603e-01,9.91603e-01,9.99999e-01,9.99999e-01
2.202181511e+00,9.89545e-01,9.89545e-01,9.99999e-01,9.99999e-01
2.213192418e+00,9.89500e-01,9.89500e-01,9.99999e-01,9.99999e-01
2.224258381e+00,9.87515e-01,9.87515e-01,9.99999e-01,9.99999e-01
2.235379672e+00,9.89500e-01,9.89500e-01,9.99999e-01,9.99999e-01
2.246556571e+00,9.81227e-01,9.81227e-01,9.99999e-01,9.99999e-01
2.257789354e+00,9.85703e-01,9.85704e-01,9.99999e-01,9.99999e-01
2.269078300e+00,9.64632e-01,9.64632e-01,9.99999e-01,9.99999e-01
2.280423692e+00,9.70877e-01,9.70878e-01,9.99999e-01,9.99998e-01
2.291825810e+00,9.43154e-01,9.43155e-01,9.99999e-01,9.99998e-01
2.303284939e+00,9.49041e-01,9.49042e-01,9.99999e-01,9.99998e-01
2.314801364e+00,9.13994e-01,9.13995e-01,9.99999e-01,9.99997e-01
2.326375371e+00,9.10123e-01,9.10125e-01,9.99999e-01,9.99997e-01
2.338007248e+00,8.95347e-01,8.95350e-01,9.99999e-01,9.99996e-01
2.349697284e+00,8.29825e-01,8.29828e-01,9.99999e-01,9.99995e-01
2.361445770e+00,8.60506e-01,8.60511e-01,9.99999e-01,9.99993e-01
2.373252999e+00,8.15417e-01,8.15424e-01,9.99999e-01,9.99991e-01
2.385119264e+00,7.05854e-01,7.05861e-01,9.99999e-01,9.99988e-01
2.397044861e+00,8.01270e-01,8.01283e-01,9.99999e-01,9.99983e-01
2.409030085e+00,6.66876e-01,6.66892e-01,9.99999e-01,9.99975e-01
2.421075235e+00,6.62343e-01,6.62365e-01,9.99999e-01,9.99966e-01
2.433180612e+00,5.33514e-01,5.33538e-01,9.99999e-01,9.99955e-01
2.445346515e+00,3.62202e-01,3.62223e-01,9.99999e-01,9.99940e-01
2.457573247e+00,3.02944e-01,3.02968e-01,9.99999e-01,9.99919e-01
2.469861113e+00,8.42145e-02,8.42236e-02,9.99999e-01,9.99891e-01
2.482210419e+00,1.90571e-02,1.90600e-02,9.99999e-01,9.99848e-01
2.494621471e+00,1.34043e-03,1.34071e-03,9.99999e-01,9.99784e-01
2.507094578e+00,1.23883e-05,1.23922e-05,9.99999e-01,9.99685e-01
2.519630051e+00,3.46396e-08,3.46554e-08,9.99999e-01,9.99541e-01
2.532228202e+00,3.02355e-10,3.02540e-10,9.99999e-01,9.99386e-01
2.544889343e+00,1.29527e-13,1.29629e-13,9.99999e-01,9.99215e-01
2.557613789e+00,3.84371e-13,3.84726e-13,9.99999e-01,9.99076e-01
2.570401858e+00,6.40035e-21,6.40675e-21,9.99999e-01,9.99000e-01
2.583253867e+00,6.18423e-18,6.19099e-18,9.99999e-01,9.98907e-01
2.596170137e+00,2.06589e-15,2.06818e-15,9.99999e-01,9.98890e-01
2.609150988e+00,3.98897e-11,3.99370e-11,9.99999e-01,9.98815e-01
2.622196742e+00,1.67599e-09,1.67804e-09,9.99999e-01,9.98782e-01
2.635307726e+00,7.63093e-05,7.64065e-05,9.99999e-01,9.98727e-01
2.648484265e+00,1.10406e-05,1.10567e-05,9.99999e-01,9.98547e-01
2.661726686e+00,9.07302e-10,9.08772e-10,9.99999e-01,9.98381e-01
2.675035320e+00,1.32752e-30,1.32956e-30,9.99999e-01,9.98463e-01
2.688410496e+00,7.28235e-16,7.29292e-16,9.99999e-01,9.98551e-01
2.701852549e+00,1.10252e-13,1.10397e-13,9.99999e-01,9.98687e-01
2.715361811e+00,1.22023e-13,1.22172e-13,9.99999e-01,9.98780e-01
2.728938620e+00,6.95122e-10,6.95874e-10,9.99999e-01,9.98918e-01
2.742583314e+00,1.42639e-10,1.42788e-10,9.99999e-01,9.98958e-01
2.756296230e+00,1.96765e-11,1.96961e-11,9.99999e-01,9.99000e-01
2.770077711e+00,1.02566e-14,1.02655e-14,9.99999e-01,9.99141e-01
2.783928100e+00,7.54350e-15,7.54943e-15,9.99999e-01,9.99214e-01
2.797847740e+00,1.98839e-11,1.98973e-11,9.99999e-01,9.99325e-01
2.811836979e+00,5.14363e-12,5.14640e-12,9.99999e-01,9.99462e-01
2.825896164e+00,1.80717e-10,1.80792e-10,9.99999e-01,9.99585e-01
2.840025645e+00,1.84395e-08,1.84456e-08,9.99999e-01,9.99671e-01
2.854225773e+00,7.76070e-08,7.76271e-08,9.99999e-01,9.99740e-01
2.868496902e+00,2.92098e-07,2.92152e-07,9.99999e-01,9.99812e-01
2.882839386e+00,7.46664e-06,7.46766e-06,9.99999e-01,9.99862e-01
2.897253583e+00,4.81438e-05,4.81491e-05,9.99999e-01,9.99889e-01
2.911739851e+00,1.13203e-03,1.13213e-03,9.99999e-01,9.99911e-01
2.926298550e+00,2.74626e-03,2.74645e-03,9.99999e-01,9.99933e-01
2.940930043e+00,4.22633e-03,4.22656e-03,9.99999e-01,9.99946e-01
2.955634693e+00,1.08313e-02,1.08318e-02,9.99999e-01,9.99955e-01
2.970412867e+00,1.17754e-02,1.17758e-02,9.99999e-01,9.99965e-01
2.985264931e+00,4.77362e-02,4.77375e-02,9.99999e-01,9.99971e-01
3.000191256e+00,4.67636e-02,4.67647e-02,9.99999e-01,9.99975e-01
3.015192212e+00,1.03443e-01,1.03445e-01,9.99999e-01,9.99980e-01
3.030268173e+00,1.62414e-01,1.62417e-01,9.99999e-01,9.99983e-01
3.045419514e+00,7.89241e-02,7.89253e-02,9.99999e-01,9.99984e-01
3.060646612e+00,2.51880e-01,2.51883e-01,9.99999e-01,9.99986e-01
3.075949845e+00,2.61852e-01,2.61855e-01,9.99999e-01,9.99987e-01
3.091329594e+00,1.91561e-01,1.91563e-01,9.99999e-01,9.99988e-01
3.106786242e+00,3.37273e-01,3.37276e-01,9.99999e-01,9.99988e-01
3.122320173e+00,3.84587e-01,3.84591e-01,9.99999e-01,9.99989e-01
3.137931774e+00,4.09300e-01,4.09304e-01,9.99999e-01,9.99989e-01
3.153621433e+00,5.42272e-01,5.42278e-01,9.99999e-01,9.99989e-01
3.169389540e+00,5.78136e-01,5.78142e-01,9.99999e-01,9.99988e-01
3.185236488e+00,4.97599e-01,4.97606e-01,9.99999e-01,9.99986e-01
3.201162670e+00,2.46747e-01,2.46751e-01,9.99999e-01,9.99986e-01
3.217168483e+00,3.79997e-01,3.80002e-01,9.99999e-01,9.99985e-01
3.233254326e+00,5.06159e-01,5.06166e-01,9.99999e-01,9.99985e-01
3.249420598e+00,6.07259e-01,6.07267e-01,9.99999e-01,9.99986e-01
3.265667701e+00,5.12371e-01,5.12377e-01,9.99999e-01,9.99987e-01
3.281996039e+00,5.87528e-01,5.87534e-01,9.99999e-01,9.99988e-01
3.298406019e+00,3.76848e-01,3.76852e-01,9.99999e-01,9.99988e-01
3.314898049e+00,3.47876e-01,3.47879e-01,9.99999e-01,9.99989e-01
3.331472540e+00,4.79034e-01,4.79038e-01,9.99999e-01,9.99990e-01
3.348129902e+00,4.69353e-01,4.69357e-01,9.99999e-01,9.99991e-01
3.364870552e+00,5.41936e-01,5.41940e-01,9.99999e-01,9.99993e-01
3.381694905e+00,5.72827e-01,5.72830e-01,9.99999e-01,9.99994e-01
3.398603379e+00,6.77672e-01,6.77675e-01,9.99999e-01,9.99995e-01
3.415596396e+00,7.45606e-01,7.45608e-01,9.99999e-01,9.99997e-01
3.432674378e+00,7.66314e-01,7.66315e-01,9.99999e-01,9.99997e-01
3.449837750e+00,8.34628e-01,8.34629e-01,9.99999e-01,9.99998e-01
3.467086939e+00,8.82405e-01,8.82406e-01,9.99999e-01,9.99998e-01
3.484422373e+00,8.90703e-01,8.90704e-01,9.99999e-01,9.99998e-01
3.501844485e+00,9.35507e-01,9.35508e-01,9.99999e-01,9.99998e-01
3.519353708e+00,9.45621e-01,9.45622e-01,9.99999e-01,9.99998e-01
3.536950476e+00,9.51098e-01,9.51098e-01,9.99999e-01,9.99998e-01
3.554635228e+00,9.69509e-01,9.69510e-01,9.99999e-01,9.99998e-01
3.572408405e+00,9.70632e-01,9.70633e-01,9.99999e-01,9.99998e-01
3.590270447e+00,9.79535e-01,9.79535e-01,9.99999e-01,9.99998e-01
3.608221799e+00,9.84069e-01,9.84069e-01,9.99999e-01,9.99998e-01
3.626262908e+00,9.86375e-01,9.86376e-01,9.99999e-01,9.99998e-01
3.644394222e+00,9.91841e-01,9.91842e-01,9.99999e-01,9.99998e-01
3.662616193e+00,9.86519e-01,9.86519e-01,9.99999e-01,9.99998e-01
3.680929274e+00,9.78128e-01,9.78129e-01,9.99999e-01,9.99998e-01
3.699333921e+00,9.89711e-01,9.89711e-01,9.99999e-01,9.99998e-01
3.717830590e+00,9.91970e-01,9.91970e-01,9.99999e-01,9.99998e-01
3.736419743e+00,9.90608e-01,9.90609e-01,9.99999e-01,9.99998e-01
3.755101842e+00,9.89927e-01,9.89927e-01,9.99999e-01,9.99998e-01
3.773877351e+00,9.91691e-01,9.91691e-01,9.99999e-01,9.99998e-01
3.792746738e+00,9.89961e-01,9.89961e-01,9.99999e-01,9.99998e-01
3.811710472e+00,9.87690e-01,9.87691e-01,9.99999e-01,9.99999e-01
3.830769024e+00,9.86716e-01,9.86716e-01,9.99999e-01,9.99999e-01
3.849922869e+00,9.80620e-01,9.80621e-01,9.99999e-01,9.99999e-01
3.869172484e+00,9.77204e-01,9.77205e-01,9.99999e-01,9.99999e-01
3.888518346e+00,9.87403e-01,9.87404e-01,9.99999e-01,9.99999e-01
3.907960938e+00,9.85929e-01,9.85929e-01,9.99999e-01,9.99999e-01
3.927500742e+00,9.10772e-01,9.10772e-01,9.99999e-01,9.99999e-01
3.947138246e+00,9.45637e-01,9.45637e-01,9.99999e-01,9.99999e-01
3.966873937e+00,8.61417e-01,8.61417e-01,9.99999e-01,9.99998e-01
3.986708307e+00,9.75397e-01,9.75398e-01,9.99999e-01,9.99998e-01
4.006641849e+00,9.91196e-01,9.91196e-01,9.99999e-01,9.99998e-01
4.026675058e+00,9.89838e-01,9.89838e-01,9.99999e-01,9.99998e-01
4.046808433e+00,9.87738e-01,9.87738e-01,9.99999e-01,9.99998e-01
4.067042475e+00,9.85885e-01,9.85885e-01,9.99999e-01,9.99998e-01
4.087377688e+00,9.84875e-01,9.84876e-01,9.99999e-01,9.99998e-01
4.107814576e+00,9.79101e-01,9.79102e-01,9.99999e-01,9.99998e-01
4.128353649e+00,9.67314e-01,9.67315e-01,9.99999e-01,9.99998e-01
4.148995417e+00,9.59411e-01,9.59411e-01,9.99999e-01,9.99998e-01
4.169740394e+00,9.36232e-01,9.36232e-01,9.99999e-01,9.99998e-01
4.190589096e+00,9.22563e-01,9.22563e-01,9.99999e-01,9.99998e-01
4.211542042e+00,8.80849e-01,8.80850e-01,9.99999e-01,9.99998e-01
4.232599752e+00,8.69072e-01,8.69073e-01,9.99999e-01,9.99998e-01
4.253762751e+00,8.37288e-01,8.37289e-01,9.99999e-01,9.99998e-01
4.275031564e+00,7.82479e-01,7.82480e-01,9.99999e-01,9.99998e-01
4.296406722e+00,7.23377e-01,7.23378e-01,9.99999e-01,9.99998e-01
4.317888756e+00,7.55281e-01,7.55282e-01,9.99999e-01,9.99998e-01
4.339478200e+00,7.03086e-01,7.03087e-01,9.99999e-01,9.99998e-01
4.361175591e+00,6.57572e-01,6.57572e-01,9.99999e-01,9.99998e-01
4.382981469e+00,6.61270e-01,6.61271e-01,9.99999e-01,9.99998e-01
4.404896376e+00,6.45402e-01,6.45403e-01,9.99999e-01,9.99997e-01
4.426920858e+00,5.44872e-01,5.44873e-01,9.99999e-01,9.99997e-01
4.449055462e+00,6.57845e-01,6.57846e-01,9.99999e-01,9.99997e-01
4.471300739e+00,5.82441e-01,5.82442e-01,9.99999e-01,9.99997e-01
4.493657243e+00,6.55033e-01,6.55035e-01,9.99999e-01,9.99997e-01
4.516125529e+00,5.01417e-01,5.01419e-01,9.99999e-01,9.99996e-01
4.538706157e+00,5.78028e-01,5.78030e-01,9.99999e-01,9.99996e-01
4.561399688e+00,5.42256e-01,5.42258e-01,9.99999e-01,9.99996e-01
4.584206686e+00,6.40853e-01,6.40855e-01,9.99999e-01,9.99995e-01
4.607127720e+00,5.46083e-01,5.46085e-01,9.99999e-01,9.99995e-01
4.630163358e+00,3.76240e-01,3.76242e-01,9.99999e-01,9.99994e-01
4.653314175e+00,3.97680e-01,3.97682e-01,9.99999e-01,9.99994e-01
4.676580746e+00,1.71533e-01,1.71534e-01,9.99999e-01,9.99993e-01
4.699963650e+00,3.68919e-01,3.68922e-01,9.99999e-01,9.99992e-01
4.723463468e+00,1.80199e-01,1.80201e-01,9.99999e-01,9.99990e-01
4.747080785e+00,4.37795e-01,4.37800e-01,9.99999e-01,9.99989e-01
4.770816189e+00,2.07216e-01,2.07218e-01,9.99999e-01,9.99987e-01
4.794670270e+00,1.72683e-01,1.72686e-01,9.99999e-01,9.99985e-01
4.818643622e+00,1.82858e-01,1.82861e-01,9.99999e-01,9.99982e-01
4.842736840e+00,6.38131e-02,6.38144e-02,9.99999e-01,9.99979e-01
4.866950524e+00,2.43539e-01,2.43544e-01,9.99999e-01,9.99975e-01
4.891285276e+00,6.00940e-02,6.00957e-02,9.99999e-01,9.99970e-01
4.915741703e+00,1.58214e-01,1.58220e-01,9.99999e-01,9.99965e-01
4.940320411e+00,4.24372e-02,4.24389e-02,9.99999e-01,9.99959e-01
4.965022013e+00,3.46149e-02,3.46165e-02,9.99999e-01,9.99952e-01
4.989847123e+00,8.56075e-02,8.56120e-02,9.99999e-01,9.99946e-01
5.014796359e+00,5.59060e-03,5.59094e-03,9.99999e-01,9.99938e-01
5.039870341e+00,2.84942e-02,2.84962e-02,9.99999e-01,9.99928e-01
5.065069693e+00,4.18302e-02,4.18338e-02,9.99999e-01,9.99914e-01
5.090395041e+00,9.41767e-03,9.41859e-03,9.99999e-01,9.99901e-01
5.115847016e+00,7.84657e-03,7.84747e-03,9.99999e-01,9.99885e-01
5.141426251e+00,6.35526e-04,6.35609e-04,9.99999e-01,9.99868e-01
5.167133383e+00,9.23348e-04,9.23485e-04,9.99999e-01,9.99850e-01
5.192969049e+00,4.91371e-04,4.91454e-04,9.99999e-01,9.99830e-01
5.218933895e+00,1.18888e-05,1.18910e-05,9.99999e-01,9.99811e-01
5.245028564e+00,2.60883e-04,2.60936e-04,9.99999e-01,9.99793e-01
5.271253707e+00,3.65086e-05,3.65171e-05,9.99999e-01,9.99767e-01
5.297609976e+00,2.65567e-05,2.65635e-05,9.99999e-01,9.99742e-01
5.324098025e+00,1.85339e-05,1.85390e-05,9.99999e-01,9.99720e-01
5.350718516e+00,5.95743e-07,5.95934e-07,9.99999e-01,9.99679e-01
5.377472108e+00,1.51341e-06,1.51393e-06,9.99999e-01,9.99658e-01
5.404359469e+00,9.59136e-07,9.59506e-07,9.99999e-01,9.99613e-01
5.431381266e+00,4.35705e-11,4.35886e-11,9.99999e-01,9.99583e-01
5.458538172e+00,1.94389e-11,1.94478e-11,9.99999e-01,9.99539e-01
5.485830863e+00,1.08804e-11,1.08860e-11,9.99999e-01,9.99486e-01
5.513260018e+00,2.82167e-12,2.82327e-12,9.99999e-01,9.99433e-01
5.540826318e+00,3.38024e-13,3.38236e-13,9.99999e-01,9.99370e-01
5.568530449e+00,8.40165e-20,8.40745e-20,9.99999e-01,9.99309e-01
5.596373101e+00,3.92013e-19,3.92314e-19,9.99999e-01,9.99232e-01
5.624354967e+00,4.46563e-17,4.46949e-17,9.99999e-01,9.99136e-01
5.652476742e+00,4.49126e-19,4.49549e-19,9.99999e-01,9.99057e-01
5.680739126e+00,2.35331e-21,2.35574e-21,9.99999e-01,9.98966e-01
5.709142821e+00,1.84779e-23,1.84987e-23,9.99999e-01,9.98875e-01
5.737688535e+00,2.49503e-22,2.49814e-22,9.99999e-01,9.98754e-01
5.766376978e+00,8.18523e-18,8.19586e-18,9.99999e-01,9.98702e-01
5.795208863e+00,9.83330e-16,9.84679e-16,9.99999e-01,9.98628e-01
5.824184907e+00,1.44189e-19,1.44399e-19,9.99999e-01,9.98550e-01
5.853305832e+00,1.09309e-18,1.09473e-18,9.99999e-01,9.98505e-01
5.882572361e+00,2.82704e-23,2.83138e-23,9.99999e-01,9.98464e-01
5.911985223e+00,8.67534e-22,8.68905e-22,9.99999e-01,9.98421e-01
5.941545149e+00,5.04465e-23,5.05266e-23,9.99999e-01,9.98413e-01
5.971252874e+00,1.01290e-19,1.01455e-19,9.99999e-01,9.98369e-01
6.001109139e+00,1.69458e-13,1.69739e-13,9.99999e-01,9.98340e-01
6.031114685e+00,4.56608e-15,4.57361e-15,9.99999e-01,9.98352e-01
6.061270258e+00,2.36468e-15,2.36850e-15,9.99999e-01,9.98388e-01
6.091576609e+00,1.36639e-12,1.36859e-12,9.99999e-01,9.98390e-01
6.122034492e+00,1.89568e-08,1.89874e-08,9.99999e-01,9.98388e-01
6.152644665e+00,4.66699e-09,4.67455e-09,9.99999e-01,9.98382e-01
6.183407888e+00,8.93646e-07,8.95094e-07,9.99999e-01,9.98381e-01
6.214324928e+00,1.72157e-04,1.72435e-04,9.99999e-01,9.98386e-01
6.245396552e+00,3.33992e-03,3.34535e-03,9.99999e-01,9.98376e-01
6.276623535e+00,2.64460e-03,2.64904e-03,9.99999e-01,9.98320e-01
6.308006653e+00,1.87326e-03,1.87659e-03,9.99999e-01,9.98224e-01
6.339546686e+00,1.04037e-06,1.04231e-06,9.99999e-01,9.98139e-01
6.371244419e+00,1.70803e-12,1.71128e-12,9.99999e-01,9.98100e-01
6.403100641e+00,3.42301e-17,3.42949e-17,9.99999e-01,9.98112e-01
6.435116145e+00,1.61768e-35,1.62072e-35,9.99999e-01,9.98122e-01
6.467291725e+00,1.20260e-35,1.20486e-35,9.99999e-01,9.98125e-01
6.499628184e+00,1.12293e-40,1.12503e-40,9.99999e-01,9.98134e-01
6.532126325e+00,1.16103e-35,1.16315e-35,9.99999e-01,9.98173e-01
6.564786956e+00,4.29357e-43,4.30095e-43,9.99999e-01,9.98282e-01
6.597610891e+00,2.93856e-57,2.94344e-57,9.99999e-01,9.98340e-01
6.630598946e+00,2.11507e-38,2.11848e-38,9.99999e-01,9.98389e-01
6.663751940e+00,9.77531e-36,9.79016e-36,9.99999e-01,9.98481e-01
6.697070700e+00,1.23417e-28,1.23591e-28,9.99999e-01,9.98591e-01
6.730556054e+00,7.79931e-20,7.80953e-20,9.99999e-01,9.98691e-01
6.764208834e+00,3.55652e-20,3.56083e-20,9.99999e-01,9.98787e-01
6.798029878e+00,4.88026e-24,4.88570e-24,9.99999e-01,9.98885e-01
6.832020027e+00,1.96639e-24,1.96851e-24,9.99999e-01,9.98922e-01
6.866180128e+00,7.93178e-28,7.93980e-28,9.99999e-01,9.98989e-01
6.900511028e+00,1.03031e-16,1.03126e-16,9.99999e-01,9.99073e-01
6.935013583e+00,3.64149e-16,3.64467e-16,9.99999e-01,9.99124e-01
6.969688651e+00,1.71339e-20,1.71480e-20,9.99999e-01,9.99179e-01
7.004537095e+00,1.41042e-19,1.41153e-19,9.99999e-01,9.99213e-01
7.039559780e+00,7.64393e-22,7.64992e-22,9.99999e-01,9.99217e-01
7.074757579e+00,4.40474e-17,4.40781e-17,9.99999e-01,9.99302e-01
7.110131367e+00,6.71804e-17,6.72237e-17,9.99999e-01,9.99354e-01
7.145682024e+00,5.34153e-19,5.34480e-19,9.99999e-01,9.99387e-01
7.181410434e+00,2.38058e-23,2.38191e-23,9.99999e-01,9.99441e-01
7.217317486e+00,1.07968e-17,1.08023e-17,9.99999e-01,9.99486e-01
7.253404073e+00,4.74121e-18,4.74346e-18,9.99999e-01,9.99525e-01
7.289671094e+00,4.59806e-16,4.60006e-16,9.99999e-01,9.99564e-01
7.326119449e+00,7.20777e-16,7.21059e-16,9.99999e-01,9.99608e-01
7.362750046e+00,3.08043e-12,3.08151e-12,9.99999e-01,9.99649e-01
7.399563797e+00,1.56835e-09,1.56884e-09,9.99999e-01,9.99684e-01
7.436561616e+00,7.22947e-11,7.23150e-11,9.99999e-01,9.99718e-01
7.473744424e+00,1.20008e-10,1.20037e-10,9.99999e-01,9.99753e-01
7.511113146e+00,1.49740e-08,1.49772e-08,9.99999e-01,9.99787e-01
7.548668712e+00,1.72786e-09,1.72818e-09,9.99999e-01,9.99814e-01
7.586412055e+00,4.80208e-16,4.80285e-16,9.99999e-01,9.99838e-01
7.624344115e+00,1.09117e-08,1.09132e-08,9.99999e-01,9.99862e-01
7.662465836e+00,1.85627e-05,1.85649e-05,9.99999e-01,9.99882e-01
7.700778165e+00,1.08341e-05,1.08352e-05,9.99999e-01,9.99899e-01
7.739282056e+00,1.82634e-08,1.82650e-08,9.99999e-01,9.99913e-01
7.777978466e+00,7.09069e-06,7.09121e-06,9.99999e-01,9.99925e-01
7.816868359e+00,5.70243e-05,5.70278e-05,9.99999e-01,9.99936e-01
7.855952700e+00,1.64998e-05,1.65007e-05,9.99999e-01,9.99944e-01
7.895232464e+00,1.31030e-05,1.31037e-05,9.99999e-01,9.99951e-01
7.934708626e+00,4.07703e-04,4.07721e-04,9.99999e-01,9.99956e-01
7.974382169e+00,1.16127e-02,1.16131e-02,9.99999e-01,9.99960e-01
8.014254080e+00,4.33814e-03,4.33830e-03,9.99999e-01,9.99964e-01
8.054325351e+00,4.38820e-03,4.38833e-03,9.99999e-01,9.99967e-01
8.094596977e+00,3.32946e-02,3.32956e-02,9.99999e-01,9.99970e-01
8.135069962e+00,2.56749e-02,2.56756e-02,9.99999e-01,9.99973e-01
8.175745312e+00,1.10942e-02,1.10944e-02,9.99999e-01,9.99975e-01
8.216624039e+00,5.71987e-02,5.71999e-02,9.99999e-01,9.99977e-01
8.257707159e+00,7.87524e-02,7.87540e-02,9.99999e-01,9.99978e-01
8.298995695e+00,2.08996e-01,2.09000e-01,9.99999e-01,9.99979e-01
8.340490673e+00,1.44058e-01,1.44061e-01,9.99999e-01,9.99980e-01
8.382193126e+00,2.55789e-01,2.55793e-01,9.99999e-01,9.99981e-01
8.424104092e+00,1.58385e-01,1.58387e-01,9.99999e-01,9.99982e-01
8.466224613e+00,2.44917e-01,2.44921e-01,9.99999e-01,9.99982e-01
8.508555736e+00,1.43601e-01,1.43603e-01,9.99999e-01,9.99983e-01
8.551098514e+00,4.11606e-01,4.11612e-01,9.99999e-01,9.99983e-01
8.593854007e+00,5.75039e-01,5.75047e-01,9.99999e-01,9.99984e-01
8.636823277e+00,6.11078e-01,6.11088e-01,9.99999e-01,9.99984e-01
8.680007393e+00,4.47329e-01,4.47335e-01,9.99999e-01,9.99984e-01
8.723407430e+00,5.34007e-01,5.34014e-01,9.99999e-01,9.99985e-01
8.767024467e+00,4.71693e-01,4.71700e-01,9.99999e-01,9.99985e-01
8.810859590e+00,4.58214e-01,4.58220e-01,9.99999e-01,9.99985e-01
8.854913888e+00,7.30503e-01,7.30513e-01,9.99999e-01,9.99985e-01
8.899188457e+00,6.90991e-01,6.91000e-01,9.99999e-01,9.99985e-01
8.943684399e+00,6.27638e-01,6.27646e-01,9.99999e-01,9.99985e-01
8.988402821e+00,6.08112e-01,6.08120e-01,9.99999e-01,9.99985e-01
9.033344836e+00,5.27900e-01,5.27907e-01,9.99999e-01,9.99985e-01
9.078511560e+00,6.29060e-01,6.29068e-01,9.99999e-01,9.99985e-01
9.123904118e+00,7.23353e-01,7.23362e-01,9.99999e-01,9.99985e-01
9.169523638e+00,6.54405e-01,6.54414e-01,9.99999e-01,9.99985e-01
9.215371256e+00,8.10805e-01,8.10816e-01,9.99999e-01,9.99985e-01
9.261448113e+00,7.95240e-01,7.95251e-01,9.99999e-01,9.99985e-01
9.307755353e+00,7.13435e-01,7.13445e-01,9.99999e-01,9.99985e-01
9.354294130e+00,6.54598e-01,6.54607e-01,9.99999e-01,9.99985e-01
9.401065601e+00,5.41929e-01,5.41936e-01,9.99999e-01,9.99985e-01
9.448070929e+00,6.00225e-01,6.00233e-01,9.99999e-01,9.99985e-01
9.495311283e+00,7.80072e-01,7.80083e-01,9.99999e-01,9.99985e-01
9.542787840e+00,8.33113e-01,8.33125e-01,9.99999e-01,9.99985e-01
9.590501779e+00,7.48521e-01,7.48531e-01,9.99999e-01,9.99984e-01
9.638454288e+00,7.45049e-01,7.45060e-01,9.99999e-01,9.99984e-01
9.686646559e+00,7.62470e-01,7.62481e-01,9.99999e-01,9.99984e-01
9.735079792e+00,8.15767e-01,8.15779e-01,9.99999e-01,9.99984e-01
9.783755191e+00,7.74274e-01,7.74286e-01,9.99999e-01,9.99984e-01
9.832673967e+00,5.68105e-01,5.68113e-01,9.99999e-01,9.99984e-01
9.881837337e+00,4.07024e-01,4.07030e-01,9.99999e-01,9.99984e-01
9.931246523e+00,6.75745e-01,6.75756e-01,9.99999e-01,9.99983e-01
9.980902756e+00,7.84532e-01,7.84545e-01,9.99999e-01,9.99983e-01
1.003080727e+01,7.85951e-01,7.85964e-01,9.99999e-01,9.99983e-01
1.008096131e+01,8.10576e-01,8.10589e-01,9.99999e-01,9.99983e-01
1.013136611e+01,8.50600e-01,8.50613e-01,9.99999e-01,9.99983e-01
1.018202294e+01,8.66745e-01,8.66759e-01,9.99999e-01,9.99983e-01
1.023293306e+01,7.72727e-01,7.72740e-01,9.99999e-01,9.99982e-01
1.028409772e+01,6.35648e-01,6.35659e-01,9.99999e-01,9.99982e-01
1.033551821e+01,6.10832e-01,6.10843e-01,9.99999e-01,9.99982e-01
1.038719580e+01,4.37281e-01,4.37288e-01,9.99999e-01,9.99982e-01
1.043913178e+01,4.53522e-01,4.53530e-01,9.99999e-01,9.99982e-01
1.049132744e+01,6.29667e-01,6.29679e-01,9.99999e-01,9.99981e-01
1.054378408e+01,7.12137e-01,7.12150e-01,9.99999e-01,9.99981e-01
1.059650300e+01,6.99550e-01,6.99563e-01,9.99999e-01,9.99981e-01
1.064948551e+01,6.72782e-01,6.72795e-01,9.99999e-01,9.99981e-01
1.070273294e+01,5.66792e-01,5.66802e-01,9.99999e-01,9.99980e-01
1.075624661e+01,5.88211e-01,5.88222e-01,9.99999e-01,9.99980e-01
1.081002784e+01,5.90943e-01,5.90954e-01,9.99999e-01,9.99980e-01
1.086407798e+01,4.17483e-01,4.17491e-01,9.99999e-01,9.99979e-01
1.091839837e+01,2.63845e-01,2.63850e-01,9.99999e-01,9.99979e-01
1.097299036e+01,1.41501e-01,1.41504e-01,9.99999e-01,9.99978e-01
1.102785531e+01,1.18139e-01,1.18142e-01,9.99999e-01,9.99978e-01
1.108299459e+01,3.14497e-01,3.14504e-01,9.99999e-01,9.99978e-01
1.113840956e+01,5.57792e-01,5.57804e-01,9.99999e-01,9.99978e-01
1.119410161e+01,6.38069e-01,6.38082e-01,9.99999e-01,9.99977e-01
1.125007212e+01,5.39568e-01,5.39580e-01,9.99999e-01,9.99977e-01
1.130632248e+01,4.95507e-01,4.95518e-01,9.99999e-01,9.99977e-01
1.136285409e+01,5.94852e-01,5.94865e-01,9.99999e-01,9.99977e-01
1.141966836e+01,6.25985e-01,6.25999e-01,9.99999e-01,9.99976e-01
1.147676670e+01,5.64289e-01,5.64302e-01,9.99999e-01,9.99976e-01
1.153415054e+01,3.36542e-01,3.36549e-01,9.99999e-01,9.99976e-01
1.159182129e+01,2.68675e-01,2.68681e-01,9.99999e-01,9.99975e-01
1.164978039e+01,1.23880e-01,1.23883e-01,9.99999e-01,9.99975e-01
1.170802930e+01,5.48988e-02,5.49002e-02,9.99999e-01,9.99975e-01
1.176656944e+01,1.71277e-01,1.71281e-01,9.99999e-01,9.99974e-01
1.182540229e+01,3.55935e-01,3.55944e-01,9.99999e-01,9.99974e-01
1.188452930e+01,3.60112e-01,3.60121e-01,9.99999e-01,9.99974e-01
1.194395195e+01,4.20326e-01,4.20337e-01,9.99999e-01,9.99973e-01
1.200367171e+01,5.05368e-01,5.05381e-01,9.99999e-01,9.99973e-01
1.206369007e+01,3.69392e-01,3.69402e-01,9.99999e-01,9.99972e-01
1.212400852e+01,4.90017e-01,4.90030e-01,9.99999e-01,9.99972e-01
1.218462856e+01,4.87335e-01,4.87348e-01,9.99999e-01,9.99971e-01
1.224555170e+01,2.02182e-01,2.02188e-01,9.99999e-01,9.99971e-01
1.230677946e+01,1.63958e-01,1.63963e-01,9.99999e-01,9.99970e-01
1.236831336e+01,3.35437e-02,3.35447e-02,9.99999e-01,9.99970e-01
1.243015492e+01,2.11546e-02,2.11553e-02,9.99999e-01,9.99969e-01
1.249230570e+01,2.14440e-02,2.14447e-02,9.99999e-01,9.99968e-01
1.255476723e+01,3.98212e-02,3.98224e-02,9.99999e-01,9.99968e-01
1.261754106e+01,1.56769e-01,1.56774e-01,9.99999e-01,9.99967e-01
1.268062877e+01,3.01078e-01,3.01088e-01,9.99999e-01,9.99966e-01
1.274403191e+01,2.49925e-01,2.49934e-01,9.99999e-01,9.99966e-01
1.280775207e+01,3.44623e-01,3.44635e-01,9.99999e-01,9.99965e-01
1.287179083e+01,2.36096e-01,2.36104e-01,9.99999e-01,9.99964e-01
1.293614979e+01,2.81479e-01,2.81489e-01,9.99999e-01,9.99963e-01
1.300083054e+01,9.82538e-02,9.82575e-02,9.99999e-01,9.99962e-01
1.306583469e+01,1.17290e-01,1.17294e-01,9.99999e-01,9.99961e-01
1.313116386e+01,1.09081e-01,1.09085e-01,9.99999e-01,9.99960e-01
1.319681968e+01,7.59714e-02,7.59745e-02,9.99999e-01,9.99959e-01
1.326280378e+01,1.05318e-02,1.05323e-02,9.99999e-01,9.99958e-01
1.332911780e+01,1.82123e-02,1.82131e-02,9.99999e-01,9.99957e-01
1.339576339e+01,7.55109e-03,7.55141e-03,9.99999e-01,9.99956e-01
1.346274221e+01,1.13275e-03,1.13280e-03,9.99999e-01,9.99955e-01
1.353005592e+01,3.22696e-02,3.22710e-02,9.99999e-01,9.99953e-01
1.359770620e+01,5.47317e-02,5.47343e-02,9.99999e-01,9.99952e-01
1.366569473e+01,4.50160e-02,4.50182e-02,9.99999e-01,9.99950e-01
1.373402320e+01,1.09958e-01,1.09963e-01,9.99999e-01,9.99949e-01
1.380269332e+01,1.47875e-01,1.47882e-01,9.99999e-01,9.99947e-01
1.387170678e+01,7.08080e-02,7.08118e-02,9.99999e-01,9.99946e-01
1.394106532e+01,5.10969e-02,5.10997e-02,9.99999e-01,9.99944e-01
1.401077064e+01,1.87200e-02,1.87211e-02,9.99999e-01,9.99942e-01
1.408082450e+01,2.45427e-02,2.45441e-02,9.99999e-01,9.99941e-01
1.415122862e+01,2.14737e-03,2.14750e-03,9.99999e-01,9.99939e-01
1.422198476e+01,4.10861e-04,4.10886e-04,9.99999e-01,9.99937e-01
1.429309469e+01,1.00290e-03,1.00296e-03,9.99999e-01,9.99935e-01
1.436456016e+01,1.74521e-04,1.74532e-04,9.99999e-01,9.99933e-01
1.443638296e+01,5.50075e-05,5.50112e-05,9.99999e-01,9.99931e-01
1.450856487e+01,1.30454e-04,1.30463e-04,9.99999e-01,9.99928e-01
1.458110770e+01,6.46621e-03,6.46668e-03,9.99999e-01,9.99926e-01
1.465401324e+01,1.66043e-02,1.66056e-02,9.99999e-01,9.99923e-01
1.472728330e+01,1.64100e-02,1.64112e-02,9.99999e-01,9.99921e-01
1.480091972e+01,3.78578e-03,3.78609e-03,9.99999e-01,9.99918e-01
1.487492432e+01,8.70758e-05,8.70831e-05,9.99999e-01,9.99915e-01
1.494929894e+01,5.58434e-04,5.58483e-04,9.99999e-01,9.99912e-01
1.502404544e+01,4.85100e-03,4.85144e-03,9.99999e-01,9.99909e-01
1.509916566e+01,6.73032e-03,6.73094e-03,9.99999e-01,9.99906e-01
1.517466149e+01,1.88224e-03,1.88242e-03,9.99999e-01,9.99903e-01
1.525053480e+01,7.58436e-03,7.58511e-03,9.99999e-01,9.99899e-01
1.532678747e+01,1.04415e-03,1.04426e-03,9.99999e-01,9.99896e-01
1.540342141e+01,5.56954e-04,5.57014e-04,9.99999e-01,9.99892e-01
1.548043852e+01,1.87256e-04,1.87276e-04,9.99999e-01,9.99888e-01
1.555784071e+01,3.88815e-06,3.88860e-06,9.99999e-01,9.99884e-01
1.563562991e+01,9.96939e-08,9.97058e-08,9.99999e-01,9.99879e-01
1.571380806e+01,4.09114e-08,4.09165e-08,9.99999e-01,9.99875e-01
1.579237710e+01,1.97925e-06,1.97950e-06,9.99999e-01,9.99870e-01
1.587133899e+01,5.49686e-05,5.49759e-05,9.99999e-01,9.99866e-01
1.595069568e+01,5.30851e-06,5.30924e-06,9.99999e-01,9.99860e-01
1.603044916e+01,3.21378e-07,3.21424e-07,9.99999e-01,9.99855e-01
1.611060141e+01,1.57411e-07,1.57434e-07,9.99999e-01,9.99849e-01
1.619115441e+01,6.36499e-07,6.36598e-07,9.99999e-01,9.99843e-01
1.627211019e+01,1.20419e-07,1.20439e-07,9.99999e-01,9.99837e-01
1.635347074e+01,5.79998e-07,5.80095e-07,9.99999e-01,9.99831e-01
1.643523809e+01,4.78414e-07,4.78497e-07,9.99999e-01,9.99824e-01
1.651741428e+01,6.01000e-08,6.01109e-08,9.99999e-01,9.99818e-01
1.660000135e+01,6.92662e-10,6.92793e-10,9.99999e-01,9.99811e-01
1.668300136e+01,1.43371e-10,1.43399e-10,9.99999e-01,9.99804e-01
1.676641637e+01,1.39309e-08,1.39338e-08,9.99999e-01,9.99796e-01
1.685024845e+01,4.64160e-09,4.64258e-09,9.99999e-01,9.99789e-01
1.693449969e+01,8.16061e-11,8.16239e-11,9.99999e-01,9.99781e-01
1.701917219e+01,9.72207e-12,9.72427e-12,9.99999e-01,9.99773e-01
1.710426805e+01,4.50173e-15,4.50279e-15,9.99999e-01,9.99764e-01
1.718978939e+01,5.42489e-16,5.42621e-16,9.99999e-01,9.99756e-01
1.727573834e+01,5.16168e-16,5.16298e-16,9.99999e-01,9.99747e-01
1.736211703e+01,5.20001e-18,5.20138e-18,9.99999e-01,9.99737e-01
1.744892761e+01,2.75994e-15,2.76069e-15,9.99999e-01,9.99726e-01
1.753617225e+01,1.49442e-12,1.49485e-12,9.99999e-01,9.99716e-01
1.762385311e+01,8.36394e-12,8.36640e-12,9.99999e-01,9.99705e-01
1.771197238e+01,2.50165e-13,2.50241e-13,9.99999e-01,9.99694e-01
1.780053224e+01,1.35032e-13,1.35075e-13,9.99999e-01,9.99683e-01
1.788953490e+01,4.13119e-15,4.13254e-15,9.99999e-01,9.99671e-01
1.797898258e+01,1.59327e-16,1.59381e-16,9.99999e-01,9.99658e-01
1.806887749e+01,2.87405e-17,2.87507e-17,9.99999e-01,9.99645e-01
1.815922188e+01,5.22663e-23,5.22856e-23,9.99999e-01,9.99631e-01
1.825001799e+01,1.55194e-17,1.55253e-17,9.99999e-01,9.99616e-01
1.834126808e+01,1.68829e-16,1.68896e-16,9.99999e-01,9.99601e-01
1.843297442e+01,9.38155e-17,9.38543e-17,9.99999e-01,9.99586e-01
1.852513929e+01,1.69514e-22,1.69586e-22,9.99999e-01,9.99570e-01
1.861776499e+01,1.82641e-26,1.82723e-26,9.99999e-01,9.99553e-01
1.871085381e+01,1.32582e-21,1.32644e-21,9.99999e-01,9.99536e-01
1.880440808e+01,8.61988e-18,8.62402e-18,9.99999e-01,9.99519e-01
1.889843012e+01,1.89232e-18,1.89326e-18,9.99999e-01,9.99501e-01
1.899292227e+01,1.71857e-25,1.71946e-25,9.99999e-01,9.99482e-01
1.908788688e+01,1.35245e-23,1.35317e-23,9.99999e-01,9.99462e-01
1.918332632e+01,4.37073e-24,4.37316e-24,9.99999e-01,9.99443e-01
1.927924295e+01,6.26732e-30,6.27094e-30,9.99999e-01,9.99423e-01
1.937563916e+01,1.70790e-45,1.70892e-45,9.99999e-01,9.99402e-01
1.947251736e+01,5.08965e-46,5.09280e-46,9.99999e-01,9.99381e-01
1.956987994e+01,2.98875e-44,2.99066e-44,9.99999e-01,9.99360e-01
1.966772934e+01,8.48367e-37,8.48930e-37,9.99999e-01,9.99335e-01
1.976606799e+01,1.95689e-35,1.95824e-35,9.99999e-01,9.99310e-01
1.986489833e+01,1.96718e-38,1.96859e-38,9.99999e-01,9.99284e-01
1.996422282e+01,5.81579e-36,5.82010e-36,9.99999e-01,9.99258e-01
