#,Wave/freq,Total,H2O,Rayleigh,CIA
4.000000000e-01,9.99939e-01,9.99990e-01,9.99948e-01,9.99999e-01
4.020000000e-01,9.99943e-01,9.99994e-01,9.99949e-01,9.99999e-01
4.040100000e-01,9.99947e-01,9.99997e-01,9.99950e-01,9.99999e-01
4.060300500e-01,9.99950e-01,9.99998e-01,9.99951e-01,9.99999e-01
4.080602003e-01,9.99951e-01,9.99999e-01,9.99952e-01,9.99999e-01
4.101005013e-01,9.99953e-01,9.99999e-01,9.99953e-01,9.99999e-01
4.121510038e-01,9.99953e-01,9.99999e-01,9.99954e-01,9.99999e-01
4.142117588e-01,9.99952e-01,9.99997e-01,9.99954e-01,9.99999e-01
4.162828176e-01,9.99945e-01,9.99988e-01,9.99955e-01,9.99999e-01
4.183642317e-01,9.99950e-01,9.99993e-01,9.99956e-01,9.99999e-01
4.204560528e-01,9.99953e-01,9.99995e-01,9.99957e-01,9.99999e-01
4.225583331e-01,9.99956e-01,9.99998e-01,9.99958e-01,9.99999e-01
4.246711247e-01,9.99957e-01,9.99998e-01,9.99959e-01,9.99999e-01
4.267944804e-01,9.99958e-01,9.99997e-01,9.99959e-01,9.99999e-01
4.289284528e-01,9.99959e-01,9.99998e-01,9.99960e-01,9.99999e-01
4.310730950e-01,9.99960e-01,9.99998e-01,9.99961e-01,9.99999e-01
4.332284605e-01,9.99962e-01,9.99999e-01,9.99962e-01,9.99999e-01
4.353946028e-01,9.99962e-01,9.99999e-01,9.99962e-01,9.99999e-01
4.375715758e-01,9.99962e-01,9.99998e-01,9.99963e-01,9.99999e-01
4.397594337e-01,9.99955e-01,9.99990e-01,9.99964e-01,9.99999e-01
4.419582309e-01,9.99917e-01,9.99952e-01,9.99965e-01,9.99999e-01
4.441680220e-01,9.99928e-01,9.99962e-01,9.99965e-01,9.99999e-01
4.463888621e-01,9.99927e-01,9.99960e-01,9.99966e-01,9.99999e-01
4.486208064e-01,9.99942e-01,9.99975e-01,9.99967e-01,9.99999e-01
4.508639105e-01,9.99956e-01,9.99988e-01,9.99967e-01,9.99999e-01
4.531182300e-01,9.99963e-01,9.99995e-01,9.99968e-01,9.99999e-01
4.553838212e-01,9.99965e-01,9.99996e-01,9.99968e-01,9.99999e-01
4.576607403e-01,9.99968e-01,9.99998e-01,9.99969e-01,9.99999e-01
4.599490440e-01,9.99969e-01,9.99998e-01,9.99970e-01,9.99999e-01
4.622487892e-01,9.99970e-01,9.99999e-01,9.99970e-01,9.99999e-01
4.645600332e-01,9.99970e-01,9.99998e-01,9.99971e-01,9.99999e-01
4.668828333e-01,9.99960e-01,9.99988e-01,9.99971e-01,9.99999e-01
4.692172475e-01,9.99948e-01,9.99975e-01,9.99972e-01,9.99999e-01
4.715633337e-01,9.99957e-01,9.99983e-01,9.99972e-01,9.99999e-01
4.739211504e-01,9.99958e-01,9.99984e-01,9.99973e-01,9.99999e-01
4.762907561e-01,9.99966e-01,9.99991e-01,9.99973e-01,9.99999e-01
4.786722099e-01,9.99971e-01,9.99996e-01,9.99974e-01,9.99999e-01
4.810655710e-01,9.99974e-01,9.99998e-01,9.99974e-01,9.99999e-01
4.834708988e-01,9.99966e-01,9.99990e-01,9.99975e-01,9.99999e-01
4.858882533e-01,9.99958e-01,9.99982e-01,9.99975e-01,9.99999e-01
4.883176946e-01,9.99962e-01,9.99985e-01,9.99976e-01,9.99999e-01
4.907592831e-01,9.99963e-01,9.99986e-01,9.99976e-01,9.99999e-01
4.932130795e-01,9.99968e-01,9.99990e-01,9.99977e-01,9.99999e-01
4.956791449e-01,9.99972e-01,9.99994e-01,9.99977e-01,9.99999e-01
4.981575406e-01,9.99953e-01,9.99975e-01,9.99978e-01,9.99999e-01
5.006483283e-01,9.99915e-01,9.99936e-01,9.99978e-01,9.99999e-01
5.031515699e-01,9.99657e-01,9.99677e-01,9.99979e-01,9.99999e-01
5.056673278e-01,9.99809e-01,9.99829e-01,9.99979e-01,9.99999e-01
5.081956644e-01,9.99765e-01,9.99785e-01,9.99979e-01,9.99999e-01
5.107366428e-01,9.99835e-01,9.99854e-01,9.99980e-01,9.99999e-01
5.132903260e-01,9.99897e-01,9.99916e-01,9.99980e-01,9.99999e-01
5.158567776e-01,9.99945e-01,9.99964e-01,9.99980e-01,9.99999e-01
5.184360615e-01,9.99967e-01,9.99985e-01,9.99981e-01,9.99999e-01
5.210282418e-01,9.99976e-01,9.99994e-01,9.99981e-01,9.99999e-01
5.236333830e-01,9.99961e-01,9.99978e-01,9.99982e-01,9.99999e-01
5.262515499e-01,9.99969e-01,9.99986e-01,9.99982e-01,9.99999e-01
5.288828077e-01,9.99970e-01,9.99987e-01,9.99982e-01,9.99999e-01
5.315272217e-01,9.99972e-01,9.99988e-01,9.99983e-01,9.99999e-01
5.341848578e-01,9.99976e-01,9.99992e-01,9.99983e-01,9.99999e-01
5.368557821e-01,9.99959e-01,9.99975e-01,9.99983e-01,9.99999e-01
5.395400610e-01,9.99896e-01,9.99911e-01,9.99984e-01,9.99999e-01
5.422377613e-01,9.99870e-01,9.99885e-01,9.99984e-01,9.99999e-01
5.449489501e-01,9.99878e-01,9.99893e-01,9.99984e-01,9.99999e-01
5.476736949e-01,9.99890e-01,9.99905e-01,9.99984e-01,9.99999e-01
5.504120634e-01,9.99916e-01,9.99931e-01,9.99985e-01,9.99999e-01
5.531641237e-01,9.99951e-01,9.99965e-01,9.99985e-01,9.99999e-01
5.559299443e-01,9.99969e-01,9.99982e-01,9.99985e-01,9.99999e-01
5.587095940e-01,9.99975e-01,9.99989e-01,9.99986e-01,9.99999e-01
5.615031420e-01,9.99974e-01,9.99987e-01,9.99986e-01,9.99999e-01
5.643106577e-01,9.99973e-01,9.99986e-01,9.99986e-01,9.99999e-01
5.671322110e-01,9.99829e-01,9.99842e-01,9.99986e-01,9.99999e-01
5.699678720e-01,9.99816e-01,9.99829e-01,9.99987e-01,9.99999e-01
5.728177114e-01,9.99811e-01,9.99823e-01,9.99987e-01,9.99999e-01
5.756818000e-01,9.99825e-01,9.99837e-01,9.99987e-01,9.99999e-01
5.785602090e-01,9.99846e-01,9.99858e-01,9.99987e-01,9.99999e-01
5.814530100e-01,9.99846e-01,9.99857e-01,9.99988e-01,9.99999e-01
5.843602750e-01,9.99820e-01,9.99831e-01,9.99988e-01,9.99999e-01
5.872820764e-01,9.98537e-01,9.98548e-01,9.99988e-01,9.99999e-01
5.902184868e-01,9.98222e-01,9.98233e-01,9.99988e-01,9.99999e-01
5.931695792e-01,9.98743e-01,9.98753e-01,9.99988e-01,9.99999e-01
5.961354271e-01,9.98622e-01,9.98632e-01,9.99989e-01,9.99999e-01
5.991161043e-01,9.98991e-01,9.99002e-01,9.99989e-01,9.99999e-01
6.021116848e-01,9.99423e-01,9.99433e-01,9.99989e-01,9.99999e-01
6.051222432e-01,9.99703e-01,9.99712e-01,9.99989e-01,9.99999e-01
6.081478544e-01,9.99866e-01,9.99875e-01,9.99989e-01,9.99999e-01
6.111885937e-01,9.99937e-01,9.99947e-01,9.99990e-01,9.99999e-01
6.142445367e-01,9.99966e-01,9.99976e-01,9.99990e-01,9.99999e-01
6.173157594e-01,9.99977e-01,9.99986e-01,9.99990e-01,9.99999e-01
6.204023382e-01,9.99979e-01,9.99988e-01,9.99990e-01,9.99999e-01
6.235043498e-01,9.99943e-01,9.99952e-01,9.99990e-01,9.99999e-01
6.266218716e-01,9.99737e-01,9.99745e-01,9.99990e-01,9.99999e-01
6.297549810e-01,9.99898e-01,9.99906e-01,9.99991e-01,9.99999e-01
6.329037559e-01,9.99807e-01,9.99815e-01,9.99991e-01,9.99999e-01
6.360682746e-01,9.99835e-01,9.99843e-01,9.99991e-01,9.99999e-01
6.392486160e-01,9.99788e-01,9.99796e-01,9.99991e-01,9.99999e-01
6.424448591e-01,9.99721e-01,9.99729e-01,9.99991e-01,9.99999e-01
6.456570834e-01,9.98736e-01,9.98743e-01,9.99991e-01,9.99999e-01
6.488853688e-01,9.99067e-01,9.99074e-01,9.99992e-01,9.99999e-01
6.521297956e-01,9.99049e-01,9.99056e-01,9.99992e-01,9.99999e-01
6.553904446e-01,9.99060e-01,9.99067e-01,9.99992e-01,9.99999e-01
6.586673968e-01,9.99188e-01,9.99195e-01,9.99992e-01,9.99999e-01
6.619607338e-01,9.99528e-01,9.99535e-01,9.99992e-01,9.99999e-01
6.652705375e-01,9.99723e-01,9.99730e-01,9.99992e-01,9.99999e-01
6.685968902e-01,9.99867e-01,9.99874e-01,9.99992e-01,9.99999e-01
6.719398746e-01,9.99935e-01,9.99941e-01,9.99993e-01,9.99999e-01
6.752995740e-01,9.99961e-01,9.99968e-01,9.99993e-01,9.99999e-01
6.786760719e-01,9.99948e-01,9.99954e-01,9.99993e-01,9.99999e-01
6.820694522e-01,9.99916e-01,9.99922e-01,9.99993e-01,9.99999e-01
6.854797995e-01,9.99893e-01,9.99899e-01,9.99993e-01,9.99999e-01
6.889071985e-01,9.99754e-01,9.99760e-01,9.99993e-01,9.99999e-01
6.923517345e-01,9.96060e-01,9.96065e-01,9.99993e-01,9.99999e-01
6.958134932e-01,9.97924e-01,9.97930e-01,9.99993e-01,9.99999e-01
6.992925606e-01,9.98050e-01,9.98055e-01,9.99994e-01,9.99999e-01
7.027890234e-01,9.97583e-01,9.97589e-01,9.99994e-01,9.99999e-01
7.063029686e-01,9.97969e-01,9.97974e-01,9.99994e-01,9.99999e-01
7.098344834e-01,9.98051e-01,9.98056e-01,9.99994e-01,9.99999e-01
7.133836558e-01,9.97421e-01,9.97426e-01,9.99994e-01,9.99999e-01
7.169505741e-01,9.79297e-01,9.79302e-01,9.99994e-01,9.99999e-01
7.205353270e-01,9.89730e-01,9.89735e-01,9.99994e-01,9.99999e-01
7.241380036e-01,9.87090e-01,9.87095e-01,9.99994e-01,9.99999e-01
7.277586936e-01,9.88336e-01,9.88341e-01,9.99994e-01,9.99999e-01
7.313974871e-01,9.87573e-01,9.87578e-01,9.99994e-01,9.99999e-01
7.350544745e-01,9.93205e-01,9.93210e-01,9.99995e-01,9.99999e-01
7.387297469e-01,9.94997e-01,9.95001e-01,9.99995e-01,9.99999e-01
7.424233956e-01,9.97545e-01,9.97549e-01,9.99995e-01,9.99999e-01
7.461355126e-01,9.98512e-01,9.98516e-01,9.99995e-01,9.99999e-01
7.498661902e-01,9.99303e-01,9.99307e-01,9.99995e-01,9.99999e-01
7.536155211e-01,9.99656e-01,9.99660e-01,9.99995e-01,9.99999e-01
7.573835987e-01,9.99821e-01,9.99825e-01,9.99995e-01,9.99999e-01
7.611705167e-01,9.99887e-01,9.99891e-01,9.99995e-01,9.99999e-01
7.649763693e-01,9.99927e-01,9.99931e-01,9.99995e-01,9.99999e-01
7.688012511e-01,9.99948e-01,9.99952e-01,9.99995e-01,9.99999e-01
7.726452574e-01,9.99957e-01,9.99960e-01,9.99995e-01,9.99999e-01
7.765084837e-01,9.99940e-01,9.99944e-01,9.99995e-01,9.99999e-01
7.803910261e-01,9.99758e-01,9.99762e-01,9.99995e-01,9.99999e-01
7.842929812e-01,9.99167e-01,9.99171e-01,9.99996e-01,9.99999e-01
7.882144461e-01,9.98281e-01,9.98285e-01,9.99996e-01,9.99999e-01
7.921555184e-01,9.99053e-01,9.99056e-01,9.99996e-01,9.99999e-01
7.961162960e-01,9.98339e-01,9.98343e-01,9.99996e-01,9.99999e-01
8.000968774e-01,9.98077e-01,9.98080e-01,9.99996e-01,9.99999e-01
8.040973618e-01,9.98078e-01,9.98081e-01,9.99996e-01,9.99999e-01
8.081178486e-01,9.95686e-01,9.95690e-01,9.99996e-01,9.99999e-01
8.121584379e-01,9.82077e-01,9.82080e-01,9.99996e-01,9.99999e-01
8.162192301e-01,9.78625e-01,9.78628e-01,9.99996e-01,9.99999e-01
8.203003262e-01,9.89332e-01,9.89335e-01,9.99996e-01,9.99999e-01
8.244018279e-01,9.84871e-01,9.84874e-01,9.99996e-01,9.99999e-01
8.285238370e-01,9.87258e-01,9.87261e-01,9.99996e-01,9.99999e-01
8.326664562e-01,9.87083e-01,9.87086e-01,9.99996e-01,9.99999e-01
8.368297885e-01,9.90767e-01,9.90769e-01,9.99996e-01,9.99999e-01
8.410139374e-01,9.94506e-01,9.94508e-01,9.99996e-01,9.99999e-01
8.452190071e-01,9.97301e-01,9.97303e-01,9.99996e-01,9.99999e-01
8.494451021e-01,9.98436e-01,9.98438e-01,9.99996e-01,9.99999e-01
8.536923276e-01,9.99072e-01,9.99074e-01,9.99997e-01,9.99999e-01
8.579607893e-01,9.99428e-01,9.99431e-01,9.99997e-01,9.99999e-01
8.622505932e-01,9.99635e-01,9.99637e-01,9.99997e-01,9.99999e-01
8.665618462e-01,9.99774e-01,9.99776e-01,9.99997e-01,9.99999e-01
8.708946554e-01,9.99742e-01,9.99744e-01,9.99997e-01,9.99999e-01
8.752491287e-01,9.99655e-01,9.99657e-01,9.99997e-01,9.99999e-01
8.796253743e-01,9.99525e-01,9.99527e-01,9.99997e-01,9.99999e-01
8.840235012e-01,9.99457e-01,9.99459e-01,9.99997e-01,9.99999e-01
8.884436187e-01,9.98042e-01,9.98045e-01,9.99997e-01,9.99999e-01
8.928858368e-01,9.79372e-01,9.79374e-01,9.99997e-01,9.99999e-01
8.973502660e-01,9.63548e-01,9.63551e-01,9.99997e-01,9.99999e-01
9.018370173e-01,9.81146e-01,9.81148e-01,9.99997e-01,9.99998e-01
9.063462024e-01,9.83553e-01,9.83555e-01,9.99997e-01,9.99998e-01
9.108779334e-01,9.74387e-01,9.74390e-01,9.99997e-01,9.99998e-01
9.154323231e-01,9.70954e-01,9.70956e-01,9.99997e-01,9.99998e-01
9.200094847e-01,9.77125e-01,9.77127e-01,9.99997e-01,9.99998e-01
9.246095321e-01,9.64423e-01,9.64426e-01,9.99997e-01,9.99997e-01
9.292325798e-01,7.81296e-01,7.81300e-01,9.99997e-01,9.99996e-01
9.338787427e-01,7.25129e-01,7.25133e-01,9.99997e-01,9.99995e-01
9.385481364e-01,8.78800e-01,8.78806e-01,9.99997e-01,9.99994e-01
9.432408771e-01,8.34013e-01,8.34019e-01,9.99997e-01,9.99994e-01
9.479570815e-01,7.75744e-01,7.75749e-01,9.99997e-01,9.99995e-01
9.526968669e-01,8.28369e-01,8.28374e-01,9.99997e-01,9.99996e-01
9.574603512e-01,8.44532e-01,8.44536e-01,9.99997e-01,9.99997e-01
9.622476530e-01,8.71982e-01,8.71984e-01,9.99997e-01,9.99997e-01
9.670588912e-01,9.24338e-01,9.24341e-01,9.99997e-01,9.99998e-01
9.718941857e-01,9.52336e-01,9.52338e-01,9.99998e-01,9.99998e-01
9.767536566e-01,9.60301e-01,9.60302e-01,9.99998e-01,9.99999e-01
9.816374249e-01,9.70427e-01,9.70429e-01,9.99998e-01,9.99999e-01
9.865456120e-01,9.81434e-01,9.81436e-01,9.99998e-01,9.99999e-01
9.914783401e-01,9.88496e-01,9.88497e-01,9.99998e-01,9.99999e-01
9.964357318e-01,9.93718e-01,9.93720e-01,9.99998e-01,9.99999e-01
1.001417910e+00,9.96231e-01,9.96232e-01,9.99998e-01,9.99999e-01
1.006425000e+00,9.97852e-01,9.97853e-01,9.99998e-01,9.99999e-01
1.011457125e+00,9.98664e-01,9.98665e-01,9.99998e-01,9.99999e-01
1.016514411e+00,9.99093e-01,9.99094e-01,9.99998e-01,9.99999e-01
1.021596983e+00,9.99277e-01,9.99278e-01,9.99998e-01,9.99999e-01
1.026704968e+00,9.99436e-01,9.99437e-01,9.99998e-01,9.99999e-01
1.031838492e+00,9.99589e-01,9.99590e-01,9.99998e-01,9.99999e-01
1.036997685e+00,9.99755e-01,9.99756e-01,9.99998e-01,9.99999e-01
1.042182673e+00,9.99709e-01,9.99710e-01,9.99998e-01,9.99999e-01
1.047393587e+00,9.99615e-01,9.99616e-01,9.99998e-01,9.99999e-01
1.052630555e+00,9.99472e-01,9.99474e-01,9.99998e-01,9.99999e-01
1.057893707e+00,9.99121e-01,9.99122e-01,9.99998e-01,9.99999e-01
1.063183176e+00,9.98554e-01,9.98555e-01,9.99998e-01,9.99999e-01
1.068499092e+00,9.97579e-01,9.97580e-01,9.99998e-01,9.99999e-01
1.073841587e+00,9.97169e-01,9.97170e-01,9.99998e-01,9.99999e-01
1.079210795e+00,9.96368e-01,9.96369e-01,9.99998e-01,9.99999e-01
1.084606849e+00,9.94510e-01,9.94511e-01,9.99998e-01,9.99999e-01
1.090029883e+00,9.92140e-01,9.92141e-01,9.99998e-01,9.99999e-01
1.095480033e+00,9.78700e-01,9.78701e-01,9.99998e-01,9.99998e-01
1.100957433e+00,9.46629e-01,9.46631e-01,9.99998e-01,9.99998e-01
1.106462220e+00,8.69046e-01,8.69049e-01,9.99998e-01,9.99997e-01
1.111994531e+00,7.42254e-01,7.42258e-01,9.99998e-01,9.99995e-01
1.117554504e+00,6.15205e-01,6.15209e-01,9.99998e-01,9.99993e-01
1.123142276e+00,6.93824e-01,6.93829e-01,9.99998e-01,9.99992e-01
1.128757988e+00,7.94789e-01,7.94795e-01,9.99998e-01,9.99992e-01
1.134401778e+00,5.71175e-01,5.71181e-01,9.99998e-01,9.99991e-01
1.140073787e+00,8.73820e-01,8.73827e-01,9.99998e-01,9.99992e-01
1.145774156e+00,7.51595e-01,7.51600e-01,9.99998e-01,9.99993e-01
1.151503026e+00,7.25889e-01,7.25893e-01,9.99998e-01,9.99994e-01
1.157260541e+00,7.69622e-01,7.69626e-01,9.99998e-01,9.99995e-01
1.163046844e+00,8.24391e-01,8.24393e-01,9.99998e-01,9.99997e-01
1.168862078e+00,8.75264e-01,8.75266e-01,9.99998e-01,9.99998e-01
1.174706389e+00,9.21113e-01,9.21114e-01,9.99998e-01,9.99998e-01
1.180579921e+00,9.51240e-01,9.51241e-01,9.99998e-01,9.99999e-01
1.186482820e+00,9.72208e-01,9.72209e-01,9.99998e-01,9.99999e-01
1.192415234e+00,9.83708e-01,9.83709e-01,9.99998e-01,9.99999e-01
1.198377311e+00,9.86263e-01,9.86264e-01,9.99998e-01,9.99999e-01
1.204369197e+00,9.86981e-01,9.86982e-01,9.99998e-01,9.99999e-01
1.210391043e+00,9.87551e-01,9.87552e-01,9.99998e-01,9.99999e-01
1.216442998e+00,9.89388e-01,9.89389e-01,9.99998e-01,9.99999e-01
1.222525213e+00,9.91737e-01,9.91738e-01,9.99998e-01,9.99999e-01
1.228637839e+00,9.94259e-01,9.94259e-01,9.99998e-01,9.99999e-01
1.234781029e+00,9.95731e-01,9.95731e-01,9.99998e-01,9.99999e-01
1.240954934e+00,9.97300e-01,9.97301e-01,9.99998e-01,9.99999e-01
1.247159708e+00,9.97896e-01,9.97897e-01,9.99998e-01,9.99999e-01
1.253395507e+00,9.98133e-01,9.98134e-01,9.99998e-01,9.99999e-01
1.259662485e+00,9.98229e-01,9.98230e-01,9.99998e-01,9.99999e-01
1.265960797e+00,9.97168e-01,9.97168e-01,9.99998e-01,9.99999e-01
1.272290601e+00,9.95839e-01,9.95840e-01,9.99998e-01,9.99999e-01
1.278652054e+00,9.91214e-01,9.91214e-01,9.99999e-01,9.99999e-01
1.285045314e+00,9.86194e-01,9.86195e-01,9.99999e-01,9.99999e-01
1.291470541e+00,9.72410e-01,9.72411e-01,9.99999e-01,9.99998e-01
1.297927893e+00,9.64079e-01,9.64080e-01,9.99999e-01,9.99998e-01
1.304417533e+00,9.53893e-01,9.53895e-01,9.99999e-01,9.99997e-01
1.310939621e+00,9.47478e-01,9.47481e-01,9.99999e-01,9.99996e-01
1.317494319e+00,9.42959e-01,9.42964e-01,9.99999e-01,9.99994e-01
1.324081790e+00,9.15668e-01,9.15676e-01,9.99999e-01,9.99991e-01
1.330702199e+00,6.81860e-01,6.81870e-01,9.99999e-01,9.99985e-01
1.337355710e+00,3.89798e-01,3.89809e-01,9.99999e-01,9.99972e-01
1.344042489e+00,7.48012e-02,7.48055e-02,9.99999e-01,9.99942e-01
1.350762701e+00,6.20924e-03,6.20981e-03,9.99999e-01,9.99908e-01
1.357516515e+00,1.25609e-03,1.25623e-03,9.99999e-01,9.99886e-01
1.364304097e+00,1.01916e-02,1.01928e-02,9.99999e-01,9.99878e-01
1.371125618e+00,4.73308e-02,4.73366e-02,9.99999e-01,9.99877e-01
1.377981246e+00,7.42994e-02,7.43091e-02,9.99999e-01,9.99868e-01
1.384871152e+00,8.50001e-03,8.50111e-03,9.99999e-01,9.99870e-01
1.391795508e+00,1.38971e-02,1.38986e-02,9.99999e-01,9.99888e-01
1.398754485e+00,2.35948e-02,2.35970e-02,9.99999e-01,9.99907e-01
1.405748258e+00,2.28089e-02,2.28108e-02,9.99999e-01,9.99916e-01
1.412776999e+00,2.58426e-02,2.58443e-02,9.99999e-01,9.99932e-01
1.419840884e+00,3.18593e-02,3.18609e-02,9.99999e-01,9.99949e-01
1.426940089e+00,6.89712e-02,6.89733e-02,9.99999e-01,9.99968e-01
1.434074789e+00,1.27881e-01,1.27884e-01,9.99999e-01,9.99980e-01
1.441245163e+00,2.22472e-01,2.22475e-01,9.99999e-01,9.99984e-01
1.448451389e+00,3.38535e-01,3.38539e-01,9.99999e-01,9.99987e-01
1.455693646e+00,4.99970e-01,4.99975e-01,9.99999e-01,9.99989e-01
1.462972114e+00,5.55116e-01,5.55121e-01,9.99999e-01,9.99990e-01
1.470286975e+00,5.01458e-01,5.01463e-01,9.99999e-01,9.99991e-01
1.477638409e+00,5.42644e-01,5.42648e-01,9.99999e-01,9.99992e-01
1.485026601e+00,6.10070e-01,6.10073e-01,9.99999e-01,9.99994e-01
1.492451734e+00,6.88825e-01,6.88827e-01,9.99999e-01,9.99996e-01
1.499913993e+00,7.80990e-01,7.80992e-01,9.99999e-01,9.99997e-01
1.507413563e+00,8.37052e-01,8.37053e-01,9.99999e-01,9.99998e-01
1.514950631e+00,8.94658e-01,8.94659e-01,9.99999e-01,9.99998e-01
1.522525384e+00,9.30730e-01,9.30730e-01,9.99999e-01,9.99999e-01
1.530138011e+00,9.48701e-01,9.48702e-01,9.99999e-01,9.99999e-01
1.537788701e+00,9.70828e-01,9.70828e-01,9.99999e-01,9.99999e-01
1.545477645e+00,9.81220e-01,9.81220e-01,9.99999e-01,9.99999e-01
1.553205033e+00,9.84726e-01,9.84726e-01,9.99999e-01,9.99999e-01
1.560971058e+00,9.90473e-01,9.90473e-01,9.99999e-01,9.99999e-01
1.568775913e+00,9.93727e-01,9.93728e-01,9.99999e-01,9.99999e-01
1.576619793e+00,9.95117e-01,9.95117e-01,9.99999e-01,9.99999e-01
1.584502892e+00,9.97033e-01,9.97033e-01,9.99999e-01,9.99999e-01
1.592425406e+00,9.97254e-01,9.97254e-01,9.99999e-01,9.99999e-01
1.600387533e+00,9.98106e-01,9.98106e-01,9.99999e-01,9.99999e-01
1.608389471e+00,9.98040e-01,9.98041e-01,9.99999e-01,9.99999e-01
1.616431418e+00,9.98000e-01,9.98000e-01,9.99999e-01,9.99999e-01
1.624513575e+00,9.97860e-01,9.97860e-01,9.99999e-01,9.99999e-01
1.632636143e+00,9.96646e-01,9.96646e-01,9.99999e-01,9.99999e-01
1.640799324e+00,9.95529e-01,9.95529e-01,9.99999e-01,9.99999e-01
1.649003321e+00,9.94283e-01,9.94283e-01,9.99999e-01,9.99999e-01
1.657248337e+00,9.92480e-01,9.92480e-01,9.99999e-01,9.99999e-01
1.665534579e+00,9.89764e-01,9.89764e-01,9.99999e-01,9.99999e-01
1.673862252e+00,9.86003e-01,9.86003e-01,9.99999e-01,9.99999e-01
1.682231563e+00,9.87795e-01,9.87795e-01,9.99999e-01,9.99999e-01
1.690642721e+00,9.78702e-01,9.78703e-01,9.99999e-01,9.99999e-01
1.699095934e+00,9.75254e-01,9.75254e-01,9.99999e-01,9.99999e-01
1.707591414e+00,9.73666e-01,9.73666e-01,9.99999e-01,9.99998e-01
1.716129371e+00,9.67340e-01,9.67341e-01,9.99999e-01,9.99998e-01
1.724710018e+00,9.50973e-01,9.50974e-01,9.99999e-01,9.99998e-01
1.733333568e+00,9.36684e-01,9.36685e-01,9.99999e-01,9.99997e-01
1.742000236e+00,9.05911e-01,9.05914e-01,9.99999e-01,9.99996e-01
1.750710237e+00,8.29529e-01,8.29533e-01,9.99999e-01,9.99994e-01
1.759463788e+00,7.02796e-01,7.02801e-01,9.99999e-01,9.99992e-01
1.768261107e+00,5.10973e-01,5.10979e-01,9.99999e-01,9.99987e-01
1.777102413e+00,3.25481e-01,3.25487e-01,9.99999e-01,9.99981e-01
1.785987925e+00,1.32344e-01,1.32348e-01,9.99999e-01,9.99970e-01
1.794917864e+00,6.05988e-02,6.06019e-02,9.99999e-01,9.99948e-01
1.803892454e+00,9.70646e-03,9.70721e-03,9.99999e-01,9.99922e-01
1.812911916e+00,3.91695e-03,3.91734e-03,9.99999e-01,9.99898e-01
1.821976476e+00,4.29254e-03,4.29305e-03,9.99999e-01,9.99879e-01
1.831086358e+00,1.82957e-03,1.82983e-03,9.99999e-01,9.99860e-01
1.840241790e+00,3.77586e-03,3.77644e-03,9.99999e-01,9.99845e-01
1.849442999e+00,1.03593e-02,1.03611e-02,9.99999e-01,9.99833e-01
1.858690214e+00,1.21955e-03,1.21979e-03,9.99999e-01,9.99807e-01
1.867983665e+00,2.27572e-04,2.27620e-04,9.99999e-01,9.99786e-01
1.877323583e+00,4.18991e-02,4.19076e-02,9.99999e-01,9.99796e-01
1.886710201e+00,6.18605e-02,6.18711e-02,9.99999e-01,9.99827e-01
1.896143752e+00,7.80455e-02,7.80576e-02,9.99999e-01,9.99844e-01
1.905624471e+00,1.41403e-02,1.41423e-02,9.99999e-01,9.99855e-01
1.915152593e+00,4.71148e-03,4.71211e-03,9.99999e-01,9.99864e-01
1.924728356e+00,2.52744e-03,2.52774e-03,9.99999e-01,9.99880e-01
1.934351998e+00,2.32472e-03,2.32495e-03,9.99999e-01,9.99901e-01
1.944023758e+00,1.35971e-02,1.35981e-02,9.99999e-01,9.99928e-01
1.953743877e+00,2.73090e-02,2.73103e-02,9.99999e-01,9.99953e-01
1.963512596e+00,1.05152e-01,1.05155e-01,9.99999e-01,9.99970e-01
1.973330159e+00,1.76257e-01,1.76260e-01,9.99999e-01,9.99982e-01
1.983196810e+00,4.20607e-01,4.20612e-01,9.99999e-01,9.99988e-01
1.993112794e+00,5.12809e-01,5.12813e-01,9.99999e-01,9.99992e-01
2.003078358e+00,6.77462e-01,6.77466e-01,9.99999e-01,9.99994e-01
2.013093750e+00,7.77422e-01,7.77424e-01,9.99999e-01,9.99996e-01
2.023159218e+00,8.65446e-01,8.65448e-01,9.99999e-01,9.99997e-01
2.033275015e+00,8.94111e-01,8.94112e-01,9.99999e-01,9.99998e-01
2.043441390e+00,9.33172e-01,9.33173e-01,9.99999e-01,9.99998e-01
2.053658597e+00,9.45854e-01,9.45855e-01,9.99999e-01,9.99998e-01
2.063926890e+00,9.63571e-01,9.63572e-01,9.99999e-01,9.99999e-01
2.074246524e+00,9.68357e-01,9.68357e-01,9.99999e-01,9.99999e-01
2.084617757e+00,9.79210e-01,9.79211e-01,9.99999e-01,9.99999e-01
2.095040845e+00,9.83618e-01,9.83619e-01,9.99999e-01,9.99999e-01
2.105516050e+00,9.85891e-01,9.85891e-01,9.99999e-01,9.99999e-01
2.116043630e+00,9.86500e-01,9.86500e-01,9.99999e-01,9.99999e-01
2.126623848e+00,9.91786e-01,9.91786e-01,9.99999e-01,9.99999e-01
2.137256967e+00,9.92206e-01,9.92206e-01,9.99999e-01,9.99999e-01
2.147943252e+00,9.92486e-01,9.92486e-01,9.99999e-01,9.99999e-01
2.158682968e+00,9.93141e-01,9.93142e-01,9.99999e-01,9.99999e-01
2.169476383e+00,9.92691e-01,9.92692e-01,9.99999e-01,9.99999e-01
2.180323765e+00,9.91659e-01,9.91659e-01,9.99999e-01,9.99999e-01
2.191225384e+00,9.89809e-01,9.89809e-01,9.99999e-01,9.99999e-01
2.202181511e+00,9.87293e-01,9.87293e-01,9.99999e-01,9.99999e-01
2.213192418e+00,9.87266e-01,9.87267e-01,9.99999e-01,9.99999e-01
2.224258381e+00,9.84820e-01,9.84820e-01,9.99999e-01,9.99999e-01
2.235379672e+00,9.87284e-01,9.87284e-01,9.99999e-01,9.99999e-01
2.246556571e+00,9.77193e-01,9.77193e-01,9.99999e-01,9.99999e-01
2.257789354e+00,9.82714e-01,9.82714e-01,9.99999e-01,9.99999e-01
2.269078300e+00,9.57128e-01,9.57128e-01,9.99999e-01,9.99998e-01
2.280423692e+00,9.64743e-01,9.64744e-01,9.99999e-01,9.99998e-01
2.291825810e+00,9.31348e-01,9.31349e-01,9.99999e-01,9.99998e-01
2.303284939e+00,9.38442e-01,9.38443e-01,9.99999e-01,9.99998e-01
2.314801364e+00,8.96625e-01,8.96627e-01,9.99999e-01,9.99997e-01
2.326375371e+00,8.91791e-01,8.91793e-01,9.99999e-01,9.99996e-01
2.338007248e+00,8.74879e-01,8.74882e-01,9.99999e-01,9.99995e-01
2.349697284e+00,7.97712e-01,7.97716e-01,9.99999e-01,9.99994e-01
2.361445770e+00,8.33331e-01,8.33336e-01,9.99999e-01,9.99992e-01
2.373252999e+00,7.81087e-01,7.81095e-01,9.99999e-01,9.99990e-01
2.385119264e+00,6.55146e-01,6.55155e-01,9.99999e-01,9.99986e-01
2.397044861e+00,7.64772e-01,7.64787e-01,9.99999e-01,9.99979e-01
2.409030085e+00,6.12439e-01,6.12457e-01,9.99999e-01,9.99970e-01
2.421075235e+00,6.09202e-01,6.09226e-01,9.99999e-01,9.99959e-01
2.433180612e+00,4.71532e-01,4.71558e-01,9.99999e-01,9.99945e-01
2.445346515e+00,2.97782e-01,2.97804e-01,9.99999e-01,9.99927e-01
2.457573247e+00,2.38365e-01,2.38389e-01,9.99999e-01,9.99902e-01
2.469861113e+00,5.39636e-02,5.39707e-02,9.99999e-01,9.99868e-01
2.482210419e+00,8.66240e-03,8.66400e-03,9.99999e-01,9.99815e-01
2.494621471e+00,5.39892e-04,5.40033e-04,9.99999e-01,9.99738e-01
2.507094578e+00,4.29974e-06,4.30138e-06,9.99999e-01,9.99618e-01
2.519630051e+00,1.38917e-09,1.38995e-09,9.99999e-01,9.99442e-01
2.532228202e+00,4.24655e-12,4.24972e-12,9.99999e-01,9.99253e-01
2.544889343e+00,4.05032e-16,4.05419e-16,9.99999e-01,9.99046e-01
2.557613789e+00,1.29124e-15,1.29269e-15,9.99999e-01,9.98877e-01
2.570401858e+00,4.80685e-25,4.81269e-25,9.99999e-01,9.98785e-01
2.583253867e+00,2.05056e-21,2.05328e-21,9.99999e-01,9.98671e-01
2.596170137e+00,2.31297e-18,2.31609e-18,9.99999e-01,9.98651e-01
2.609150988e+00,3.34442e-13,3.34924e-13,9.99999e-01,9.98559e-01
2.622196742e+00,3.12466e-11,3.12929e-11,9.99999e-01,9.98520e-01
2.635307726e+00,1.23976e-05,1.24168e-05,9.99999e-01,9.98453e-01
2.648484265e+00,1.22350e-06,1.22566e-06,9.99999e-01,9.98233e-01
2.661726686e+00,2.13076e-11,2.13496e-11,9.99999e-01,9.98032e-01
2.675035320e+00,8.73023e-37,8.74657e-37,9.99999e-01,9.98132e-01
2.688410496e+00,8.34257e-19,8.35729e-19,9.99999e-01,9.98238e-01
2.701852549e+00,2.65852e-16,2.66277e-16,9.99999e-01,9.98404e-01
2.715361811e+00,3.14846e-16,3.15313e-16,9.99999e-01,9.98516e-01
2.728938620e+00,1.02058e-11,1.02192e-11,9.99999e-01,9.98685e-01
2.742583314e+00,1.54504e-12,1.54700e-12,9.99999e-01,9.98734e-01
2.756296230e+00,1.99304e-13,1.99546e-13,9.99999e-01,9.98784e-01
2.770077711e+00,1.60246e-17,1.60414e-17,9.99999e-01,9.98955e-01
2.783928100e+00,1.19602e-17,1.19717e-17,9.99999e-01,9.99044e-01
2.797847740e+00,1.49681e-13,1.49804e-13,9.99999e-01,9.99179e-01
2.811836979e+00,2.76489e-14,2.76670e-14,9.99999e-01,9.99346e-01
2.825896164e+00,1.93941e-12,1.94039e-12,9.99999e-01,9.99495e-01
2.840025645e+00,5.84197e-10,5.84430e-10,9.99999e-01,9.99600e-01
2.854225773e+00,3.82902e-09,3.83022e-09,9.99999e-01,9.99684e-01
2.868496902e+00,1.65161e-08,1.65198e-08,9.99999e-01,9.99772e-01
2.882839386e+00,7.60016e-07,7.60142e-07,9.99999e-01,9.99833e-01
2.897253583e+00,7.01662e-06,7.01756e-06,9.99999e-01,9.99865e-01
2.911739851e+00,3.07624e-04,3.07657e-04,9.99999e-01,9.99892e-01
2.926298550e+00,1.09061e-03,1.09070e-03,9.99999e-01,9.99919e-01
2.940930043e+00,1.66697e-03,1.66707e-03,9.99999e-01,9.99935e-01
2.955634693e+00,4.33113e-03,4.33136e-03,9.99999e-01,9.99946e-01
2.970412867e+00,4.77827e-03,4.77847e-03,9.99999e-01,9.99957e-01
2.985264931e+00,2.54461e-02,2.54470e-02,9.99999e-01,9.99965e-01
3.000191256e+00,2.56729e-02,2.56736e-02,9.99999e-01,9.99970e-01
3.015192212e+00,6.55382e-02,6.55397e-02,9.99999e-01,9.99976e-01
3.030268173e+00,1.11055e-01,1.11057e-01,9.99999e-01,9.99979e-01
3.045419514e+00,4.84719e-02,4.84728e-02,9.99999e-01,9.99981e-01
3.060646612e+00,1.89297e-01,1.89300e-01,9.99999e-01,9.99983e-01
3.075949845e+00,1.98482e-01,1.98485e-01,9.99999e-01,9.99984e-01
3.091329594e+00,1.40459e-01,1.40461e-01,9.99999e-01,9.99985e-01
3.106786242e+00,2.68556e-01,2.68560e-01,9.99999e-01,9.99986e-01
3.122320173e+00,3.14783e-01,3.14787e-01,9.99999e-01,9.99987e-01
3.137931774e+00,3.39072e-01,3.39076e-01,9.99999e-01,9.99987e-01
3.153621433e+00,4.76701e-01,4.76707e-01,9.99999e-01,9.99987e-01
3.169389540e+00,5.15393e-01,5.15400e-01,9.99999e-01,9.99986e-01
3.185236488e+00,4.32071e-01,4.32077e-01,9.99999e-01,9.99983e-01
3.201162670e+00,1.85199e-01,1.85202e-01,9.99999e-01,9.99983e-01
3.217168483e+00,3.10221e-01,3.10226e-01,9.99999e-01,9.99982e-01
3.233254326e+00,4.39833e-01,4.39841e-01,9.99999e-01,9.99983e-01
3.249420598e+00,5.50036e-01,5.50045e-01,9.99999e-01,9.99984e-01
3.265667701e+00,4.45760e-01,4.45767e-01,9.99999e-01,9.99984e-01
3.281996039e+00,5.26193e-01,5.26200e-01,9.99999e-01,9.99985e-01
3.298406019e+00,3.10748e-01,3.10752e-01,9.99999e-01,9.99986e-01
3.314898049e+00,2.83223e-01,2.83227e-01,9.99999e-01,9.99987e-01
3.331472540e+00,4.11561e-01,4.11566e-01,9.99999e-01,9.99988e-01
3.348129902e+00,4.00139e-01,4.00143e-01,9.99999e-01,9.99989e-01
3.364870552e+00,4.76091e-01,4.76095e-01,9.99999e-01,9.99991e-01
3.381694905e+00,5.09443e-01,5.09446e-01,9.99999e-01,9.99993e-01
3.398603379e+00,6.24423e-01,6.24426e-01,9.99999e-01,9.99995e-01
3.415596396e+00,7.00364e-01,7.00366e-01,9.99999e-01,9.99996e-01
3.432674378e+00,7.23872e-01,7.23874e-01,9.99999e-01,9.99997e-01
3.449837750e+00,8.02848e-01,8.02849e-01,9.99999e-01,9.99997e-01
3.467086939e+00,8.58902e-01,8.58903e-01,9.99999e-01,9.99998e-01
3.484422373e+00,8.68759e-01,8.68760e-01,9.99999e-01,9.99998e-01
3.501844485e+00,9.22142e-01,9.22143e-01,9.99999e-01,9.99998e-01
3.519353708e+00,9.34227e-01,9.34228e-01,9.99999e-01,9.99998e-01
3.536950476e+00,9.40926e-01,9.40927e-01,9.99999e-01,9.99998e-01
3.554635228e+00,9.62999e-01,9.63000e-01,9.99999e-01,9.99998e-01
3.572408405e+00,9.64381e-01,9.64382e-01,9.99999e-01,9.99998e-01
3.590270447e+00,9.75161e-01,9.75162e-01,9.99999e-01,9.99998e-01
3.608221799e+00,9.80651e-01,9.80651e-01,9.99999e-01,9.99998e-01
3.626262908e+00,9.83441e-01,9.83442e-01,9.99999e-01,9.99998e-01
3.644394222e+00,9.90090e-01,9.90091e-01,9.99999e-01,9.99998e-01
3.662616193e+00,9.83679e-01,9.83679e-01,9.99999e-01,9.99998e-01
3.680929274e+00,9.73439e-01,9.73440e-01,9.99999e-01,9.99998e-01
3.699333921e+00,9.87490e-01,9.87490e-01,9.99999e-01,9.99998e-01
3.717830590e+00,9.90248e-01,9.90249e-01,9.99999e-01,9.99998e-01
3.736419743e+00,9.88587e-01,9.88588e-01,9.99999e-01,9.99998e-01
3.755101842e+00,9.87768e-01,9.87768e-01,9.99999e-01,9.99998e-01
3.773877351e+00,9.89909e-01,9.89910e-01,9.99999e-01,9.99998e-01
3.792746738e+00,9.87799e-01,9.87799e-01,9.99999e-01,9.99998e-01
3.811710472e+00,9.85052e-01,9.85053e-01,9.99999e-01,9.99998e-01
3.830769024e+00,9.83874e-01,9.83875e-01,9.99999e-01,9.99998e-01
3.849922869e+00,9.76561e-01,9.76562e-01,9.99999e-01,9.99998e-01
3.869172484e+00,9.72297e-01,9.72298e-01,9.99999e-01,9.99998e-01
3.888518346e+00,9.84706e-01,9.84707e-01,9.99999e-01,9.99998e-01
3.907960938e+00,9.82938e-01,9.82938e-01,9.99999e-01,9.99998e-01
3.927500742e+00,8.93145e-01,8.93145e-01,9.99999e-01,9.99998e-01
3.947138246e+00,9.34332e-01,9.34333e-01,9.99999e-01,9.99998e-01
3.966873937e+00,8.34711e-01,8.34712e-01,9.99999e-01,9.99998e-01
3.986708307e+00,9.70117e-01,9.70118e-01,9.99999e-01,9.99998e-01
4.006641849e+00,9.89291e-01,9.89291e-01,9.99999e-01,9.99998e-01
4.026675058e+00,9.87647e-01,9.87648e-01,9.99999e-01,9.99998e-01
4.046808433e+00,9.85129e-01,9.85130e-01,9.99999e-01,9.99998e-01
4.067042475e+00,9.82870e-01,9.82870e-01,9.99999e-01,9.99998e-01
4.087377688e+00,9.81660e-01,9.81660e-01,9.99999e-01,9.99998e-01
4.107814576e+00,9.74646e-01,9.74647e-01,9.99999e-01,9.99998e-01
4.128353649e+00,9.60407e-01,9.60408e-01,9.99999e-01,9.99998e-01
4.148995417e+00,9.50937e-01,9.50938e-01,9.99999e-01,9.99998e-01
4.169740394e+00,9.23132e-01,9.23133e-01,9.99999e-01,9.99998e-01
4.190589096e+00,9.06655e-01,9.06656e-01,9.99999e-01,9.99998e-01
4.211542042e+00,8.57183e-01,8.57184e-01,9.99999e-01,9.99998e-01
4.232599752e+00,8.43419e-01,8.43420e-01,9.99999e-01,9.99998e-01
4.253762751e+00,8.05900e-01,8.05901e-01,9.99999e-01,9.99998e-01
4.275031564e+00,7.42242e-01,7.42243e-01,9.99999e-01,9.99998e-01
4.296406722e+00,6.74920e-01,6.74921e-01,9.99999e-01,9.99998e-01
4.317888756e+00,7.11031e-01,7.11032e-01,9.99999e-01,9.99998e-01
4.339478200e+00,6.51832e-01,6.51833e-01,9.99999e-01,9.99998e-01
4.361175591e+00,6.01156e-01,6.01157e-01,9.99999e-01,9.99997e-01
4.382981469e+00,6.05703e-01,6.05704e-01,9.99999e-01,9.99997e-01
4.404896376e+00,5.87629e-01,5.87630e-01,9.99999e-01,9.99997e-01
4.426920858e+00,4.79807e-01,4.79808e-01,9.99999e-01,9.99997e-01
4.449055462e+00,6.01164e-01,6.01166e-01,9.99999e-01,9.99997e-01
4.471300739e+00,5.18790e-01,5.18791e-01,9.99999e-01,9.99996e-01
4.493657243e+00,5.97997e-01,5.97999e-01,9.99999e-01,9.99996e-01
4.516125529e+00,4.34446e-01,4.34448e-01,9.99999e-01,9.99996e-01
4.538706157e+00,5.16381e-01,5.16383e-01,9.99999e-01,9.99996e-01
4.561399688e+00,4.81202e-01,4.81204e-01,9.99999e-01,9.99995e-01
4.584206686e+00,5.84011e-01,5.84013e-01,9.99999e-01,9.99995e-01
4.607127720e+00,4.83952e-01,4.83954e-01,9.99999e-01,9.99994e-01
4.630163358e+00,3.09975e-01,3.09977e-01,9.99999e-01,9.99993e-01
4.653314175e+00,3.27793e-01,3.27796e-01,9.99999e-01,9.99992e-01
4.676580746e+00,1.24295e-01,1.24296e-01,9.99999e-01,9.99991e-01
4.699963650e+00,2.99310e-01,2.99312e-01,9.99999e-01,9.99990e-01
4.723463468e+00,1.33266e-01,1.33267e-01,9.99999e-01,9.99988e-01
4.747080785e+00,3.67505e-01,3.67510e-01,9.99999e-01,9.99987e-01
4.770816189e+00,1.56765e-01,1.56767e-01,9.99999e-01,9.99984e-01
4.794670270e+00,1.23453e-01,1.23455e-01,9.99999e-01,9.99982e-01
4.818643622e+00,1.28642e-01,1.28644e-01,9.99999e-01,9.99978e-01
4.842736840e+00,3.02892e-02,3.02900e-02,9.99999e-01,9.99974e-01
4.866950524e+00,1.80770e-01,1.80775e-01,9.99999e-01,9.99970e-01
4.891285276e+00,3.71607e-02,3.71620e-02,9.99999e-01,9.99964e-01
4.915741703e+00,1.07645e-01,1.07649e-01,9.99999e-01,9.99958e-01
4.940320411e+00,2.54233e-02,2.54246e-02,9.99999e-01,9.99950e-01
4.965022013e+00,1.85238e-02,1.85249e-02,9.99999e-01,9.99942e-01
4.989847123e+00,5.14333e-02,5.14366e-02,9.99999e-01,9.99935e-01
5.014796359e+00,2.82971e-03,2.82992e-03,9.99999e-01,9.99925e-01
5.039870341e+00,1.44817e-02,1.44829e-02,9.99999e-01,9.99913e-01
5.065069693e+00,2.24387e-02,2.24410e-02,9.99999e-01,9.99896e-01
5.090395041e+00,3.84303e-03,3.84349e-03,9.99999e-01,9.99880e-01
5.115847016e+00,2.95375e-03,2.95416e-03,9.99999e-01,9.99861e-01
5.141426251e+00,1.92041e-04,1.92071e-04,9.99999e-01,9.99840e-01
5.167133383e+00,2.19873e-04,2.19912e-04,9.99999e-01,9.99818e-01
5.192969049e+00,1.27324e-04,1.27350e-04,9.99999e-01,9.99794e-01
5.218933895e+00,1.37753e-06,1.37785e-06,9.99999e-01,9.99771e-01
5.245028564e+00,5.09228e-05,5.09355e-05,9.99999e-01,9.99748e-01
5.271253707e+00,6.59359e-06,6.59545e-06,9.99999e-01,9.99717e-01
5.297609976e+00,3.35932e-06,3.36037e-06,9.99999e-01,9.99687e-01
5.324098025e+00,2.08528e-06,2.08599e-06,9.99999e-01,9.99659e-01
5.350718516e+00,5.01407e-08,5.01602e-08,9.99999e-01,9.99610e-01
5.377472108e+00,1.06204e-07,1.06248e-07,9.99999e-01,9.99585e-01
5.404359469e+00,7.23559e-08,7.23899e-08,9.99999e-01,9.99530e-01
5.431381266e+00,3.26880e-13,3.27045e-13,9.99999e-01,9.99494e-01
5.458538172e+00,1.59586e-13,1.59675e-13,9.99999e-01,9.99440e-01
5.485830863e+00,5.98786e-14,5.99160e-14,9.99999e-01,9.99375e-01
5.513260018e+00,1.14157e-14,1.14235e-14,9.99999e-01,9.99311e-01
5.540826318e+00,1.04972e-15,1.05052e-15,9.99999e-01,9.99234e-01
5.568530449e+00,9.59260e-24,9.60066e-24,9.99999e-01,9.99160e-01
5.596373101e+00,6.94538e-23,6.95186e-23,9.99999e-01,9.99067e-01
5.624354967e+00,1.87244e-20,1.87440e-20,9.99999e-01,9.98950e-01
5.652476742e+00,1.04109e-22,1.04229e-22,9.99999e-01,9.98854e-01
5.680739126e+00,1.25977e-25,1.26135e-25,9.99999e-01,9.98743e-01
5.709142821e+00,4.59606e-28,4.60235e-28,9.99999e-01,9.98632e-01
5.737688535e+00,7.96150e-27,7.97357e-27,9.99999e-01,9.98486e-01
5.766376978e+00,3.55671e-21,3.56233e-21,9.99999e-01,9.98422e-01
5.795208863e+00,7.46836e-19,7.48083e-19,9.99999e-01,9.98333e-01
5.824184907e+00,2.59247e-23,2.59704e-23,9.99999e-01,9.98237e-01
5.853305832e+00,1.99802e-22,2.00166e-22,9.99999e-01,9.98183e-01
5.882572361e+00,8.12011e-28,8.13529e-28,9.99999e-01,9.98133e-01
5.911985223e+00,3.35368e-26,3.36012e-26,9.99999e-01,9.98081e-01
5.941545149e+00,1.61207e-27,1.61518e-27,9.99999e-01,9.98070e-01
5.971252874e+00,1.20266e-23,1.20505e-23,9.99999e-01,9.98017e-01
6.001109139e+00,3.81482e-16,3.82253e-16,9.99999e-01,9.97982e-01
6.031114685e+00,5.70751e-18,5.71896e-18,9.99999e-01,9.97996e-01
6.061270258e+00,3.49400e-18,3.50086e-18,9.99999e-01,9.98041e-01
6.091576609e+00,4.83569e-15,4.84516e-15,9.99999e-01,9.98043e-01
6.122034492e+00,5.23611e-10,5.24638e-10,9.99999e-01,9.98041e-01
6.152644665e+00,1.26809e-10,1.27059e-10,9.99999e-01,9.98033e-01
6.183407888e+00,8.86817e-08,8.88564e-08,9.99999e-01,9.98032e-01
6.214324928e+00,3.26750e-05,3.27392e-05,9.99999e-01,9.98038e-01
6.245396552e+00,1.08662e-03,1.08876e-03,9.99999e-01,9.98025e-01
6.276623535e+00,7.76233e-04,7.77821e-04,9.99999e-01,9.97957e-01
6.308006653e+00,6.00624e-04,6.01922e-04,9.99999e-01,9.97842e-01
6.339546686e+00,9.10824e-08,9.12888e-08,9.99999e-01,9.97737e-01
6.371244419e+00,7.96000e-15,7.97842e-15,9.99999e-01,9.97691e-01
6.403100641e+00,1.87818e-20,1.88249e-20,9.99999e-01,9.97705e-01
6.435116145e+00,8.37285e-43,8.39200e-43,9.99999e-01,9.97717e-01
6.467291725e+00,5.96154e-43,5.97515e-43,9.99999e-01,9.97721e-01
6.499628184e+00,5.25096e-49,5.26289e-49,9.99999e-01,9.97731e-01
6.532126325e+00,4.91690e-43,4.92784e-43,9.99999e-01,9.97779e-01
6.564786956e+00,6.45710e-52,6.47061e-52,9.99999e-01,9.97912e-01
6.597610891e+00,3.09934e-69,3.10560e-69,9.99999e-01,9.97982e-01
6.630598946e+00,3.28257e-46,3.28900e-46,9.99999e-01,9.98041e-01
6.663751940e+00,4.71649e-43,4.72521e-43,9.99999e-01,9.98154e-01
6.697070700e+00,2.09739e-34,2.10099e-34,9.99999e-01,9.98286e-01
6.730556054e+00,8.64429e-24,8.65806e-24,9.99999e-01,9.98408e-01
6.764208834e+00,4.14650e-24,4.15262e-24,9.99999e-01,9.98525e-01
6.798029878e+00,6.73135e-29,6.74049e-29,9.99999e-01,9.98644e-01
6.832020027e+00,3.04972e-29,3.05372e-29,9.99999e-01,9.98689e-01
6.866180128e+00,2.32180e-33,2.32466e-33,9.99999e-01,9.98770e-01
6.900511028e+00,7.64931e-20,7.65793e-20,9.99999e-01,9.98873e-01
6.935013583e+00,2.40763e-19,2.41020e-19,9.99999e-01,9.98935e-01
6.969688651e+00,1.84191e-24,1.84375e-24,9.99999e-01,9.99002e-01
7.004537095e+00,1.52887e-23,1.53033e-23,9.99999e-01,9.99044e-01
7.039559780e+00,4.47536e-26,4.47962e-26,9.99999e-01,9.99047e-01
7.074757579e+00,1.87389e-20,1.87548e-20,9.99999e-01,9.99151e-01
7.110131367e+00,3.08995e-20,3.09237e-20,9.99999e-01,9.99215e-01
7.145682024e+00,1.01338e-22,1.01414e-22,9.99999e-01,9.99254e-01
7.181410434e+00,4.01593e-28,4.01865e-28,9.99999e-01,9.99321e-01
7.217317486e+00,3.26215e-21,3.26419e-21,9.99999e-01,9.99375e-01
7.253404073e+00,1.43644e-21,1.43727e-21,9.99999e-01,9.99423e-01
7.289671094e+00,3.94169e-19,3.94377e-19,9.99999e-01,9.99470e-01
7.326119449e+00,6.25050e-19,6.25348e-19,9.99999e-01,9.99523e-01
7.362750046e+00,1.90374e-14,1.90455e-14,9.99999e-01,9.99573e-01
7.399563797e+00,2.26511e-11,2.26598e-11,9.99999e-01,9.99615e-01
7.436561616e+00,7.56539e-13,7.56798e-13,9.99999e-01,9.99658e-01
7.473744424e+00,1.84157e-12,1.84212e-12,9.99999e-01,9.99700e-01
7.511113146e+00,3.51713e-10,3.51804e-10,9.99999e-01,9.99741e-01
7.548668712e+00,3.32067e-11,3.32142e-11,9.99999e-01,9.99773e-01
7.586412055e+00,4.33281e-19,4.33365e-19,9.99999e-01,9.99803e-01
7.624344115e+00,3.24177e-10,3.24231e-10,9.99999e-01,9.99832e-01
7.662465836e+00,2.19706e-06,2.19737e-06,9.99999e-01,9.99856e-01
7.700778165e+00,1.28716e-06,1.28731e-06,9.99999e-01,9.99878e-01
7.739282056e+00,5.58026e-10,5.58085e-10,9.99999e-01,9.99894e-01
7.777978466e+00,6.29273e-07,6.29330e-07,9.99999e-01,9.99909e-01
7.816868359e+00,7.76431e-06,7.76490e-06,9.99999e-01,9.99923e-01
7.855952700e+00,2.25040e-06,2.25055e-06,9.99999e-01,9.99932e-01
7.895232464e+00,1.79115e-06,1.79125e-06,9.99999e-01,9.99940e-01
7.934708626e+00,1.03333e-04,1.03338e-04,9.99999e-01,9.99947e-01
7.974382169e+00,4.65917e-03,4.65939e-03,9.99999e-01,9.99952e-01
8.014254080e+00,1.49507e-03,1.49513e-03,9.99999e-01,9.99957e-01
8.054325351e+00,1.57971e-03,1.57977e-03,9.99999e-01,9.99961e-01
8.094596977e+00,1.61671e-02,1.61677e-02,9.99999e-01,9.99964e-01
8.135069962e+00,1.25276e-02,1.25280e-02,9.99999e-01,9.99967e-01
8.175745312e+00,4.52727e-03,4.52741e-03,9.99999e-01,9.99970e-01
8.216624039e+00,3.16559e-02,3.16568e-02,9.99999e-01,9.99972e-01
8.257707159e+00,4.76697e-02,4.76710e-02,9.99999e-01,9.99973e-01
8.298995695e+00,1.49910e-01,1.49914e-01,9.99999e-01,9.99975e-01
8.340490673e+00,9.51051e-02,9.51073e-02,9.99999e-01,9.99976e-01
8.382193126e+00,1.91524e-01,1.91528e-01,9.99999e-01,9.99977e-01
8.424104092e+00,1.08338e-01,1.08340e-01,9.99999e-01,9.99978e-01
8.466224613e+00,1.81327e-01,1.81331e-01,9.99999e-01,9.99979e-01
8.508555736e+00,9.73260e-02,9.73279e-02,9.99999e-01,9.99979e-01
8.551098514e+00,3.40861e-01,3.40867e-01,9.99999e-01,9.99980e-01
8.593854007e+00,5.10580e-01,5.10590e-01,9.99999e-01,9.99981e-01
8.636823277e+00,5.49956e-01,5.49966e-01,9.99999e-01,9.99981e-01
8.680007393e+00,3.76553e-01,3.76560e-01,9.99999e-01,9.99981e-01
8.723407430e+00,4.66495e-01,4.66503e-01,9.99999e-01,9.99982e-01
8.767024467e+00,4.01831e-01,4.01838e-01,9.99999e-01,9.99982e-01
8.810859590e+00,3.89733e-01,3.89740e-01,9.99999e-01,9.99982e-01
8.854913888e+00,6.82649e-01,6.82661e-01,9.99999e-01,9.99982e-01
8.899188457e+00,6.39111e-01,6.39122e-01,9.99999e-01,9.99982e-01
8.943684399e+00,5.67665e-01,5.67674e-01,9.99999e-01,9.99982e-01
8.988402821e+00,5.46382e-01,5.46391e-01,9.99999e-01,9.99982e-01
9.033344836e+00,4.61340e-01,4.61347e-01,9.99999e-01,9.99982e-01
9.078511560e+00,5.69481e-01,5.69491e-01,9.99999e-01,9.99982e-01
9.123904118e+00,6.74926e-01,6.74937e-01,9.99999e-01,9.99982e-01
9.169523638e+00,5.98134e-01,5.98144e-01,9.99999e-01,9.99982e-01
9.215371256e+00,7.74884e-01,7.74897e-01,9.99999e-01,9.99982e-01
9.261448113e+00,7.57017e-01,7.57029e-01,9.99999e-01,9.99982e-01
9.307755353e+00,6.63428e-01,6.63439e-01,9.99999e-01,9.99982e-01
9.354294130e+00,5.99173e-01,5.99183e-01,9.99999e-01,9.99982e-01
9.401065601e+00,4.63246e-01,4.63254e-01,9.99999e-01,9.99982e-01
9.448070929e+00,5.38302e-01,5.38311e-01,9.99999e-01,9.99982e-01
9.495311283e+00,7.31317e-01,7.31329e-01,9.99999e-01,9.99982e-01
9.542787840e+00,8.00890e-01,8.00904e-01,9.99999e-01,9.99982e-01
9.590501779e+00,7.03647e-01,7.03660e-01,9.99999e-01,9.99981e-01
9.638454288e+00,6.99149e-01,6.99161e-01,9.99999e-01,9.99981e-01
9.686646559e+00,7.19249e-01,7.19262e-01,9.99999e-01,9.99981e-01
9.735079792e+00,7.80499e-01,7.80513e-01,9.99999e-01,9.99981e-01
9.783755191e+00,7.33384e-01,7.33397e-01,9.99999e-01,9.99981e-01
9.832673967e+00,5.04171e-01,5.04181e-01,9.99999e-01,9.99980e-01
9.881837337e+00,3.36088e-01,3.36094e-01,9.99999e-01,9.99980e-01
9.931246523e+00,6.21132e-01,6.21144e-01,9.99999e-01,9.99980e-01
9.980902756e+00,7.44549e-01,7.44563e-01,9.99999e-01,9.99980e-01
1.003080727e+01,7.46081e-01,7.46095e-01,9.99999e-01,9.99980e-01
1.008096131e+01,7.74683e-01,7.74698e-01,9.99999e-01,9.99979e-01
1.013136611e+01,8.21309e-01,8.21325e-01,9.99999e-01,9.99979e-01
1.018202294e+01,8.40373e-01,8.40390e-01,9.99999e-01,9.99979e-01
1.023293306e+01,7.31773e-01,7.31788e-01,9.99999e-01,9.99979e-01
1.028409772e+01,5.76848e-01,5.76859e-01,9.99999e-01,9.99979e-01
1.033551821e+01,5.49437e-01,5.49448e-01,9.99999e-01,9.99978e-01
1.038719580e+01,3.68465e-01,3.68473e-01,9.99999e-01,9.99978e-01
1.043913178e+01,3.83733e-01,3.83741e-01,9.99999e-01,9.99978e-01
1.049132744e+01,5.70201e-01,5.70213e-01,9.99999e-01,9.99978e-01
1.054378408e+01,6.61993e-01,6.62007e-01,9.99999e-01,9.99977e-01
1.059650300e+01,6.47570e-01,6.47585e-01,9.99999e-01,9.99977e-01
1.064948551e+01,6.17908e-01,6.17921e-01,9.99999e-01,9.99977e-01
1.070273294e+01,5.02118e-01,5.02130e-01,9.99999e-01,9.99976e-01
1.075624661e+01,5.24532e-01,5.24545e-01,9.99999e-01,9.99976e-01
1.081002784e+01,5.28581e-01,5.28594e-01,9.99999e-01,9.99975e-01
1.086407798e+01,3.46579e-01,3.46588e-01,9.99999e-01,9.99975e-01
1.091839837e+01,2.00766e-01,2.00771e-01,9.99999e-01,9.99975e-01
1.097299036e+01,9.33643e-02,9.33667e-02,9.99999e-01,9.99974e-01
1.102785531e+01,7.48730e-02,7.48749e-02,9.99999e-01,9.99974e-01
1.108299459e+01,2.48256e-01,2.48262e-01,9.99999e-01,9.99974e-01
1.113840956e+01,4.91986e-01,4.91998e-01,9.99999e-01,9.99973e-01
1.119410161e+01,5.79333e-01,5.79348e-01,9.99999e-01,9.99973e-01
1.125007212e+01,4.72504e-01,4.72516e-01,9.99999e-01,9.99972e-01
1.130632248e+01,4.26757e-01,4.26769e-01,9.99999e-01,9.99972e-01
1.136285409e+01,5.32025e-01,5.32039e-01,9.99999e-01,9.99972e-01
1.141966836e+01,5.66000e-01,5.66016e-01,9.99999e-01,9.99971e-01
1.147676670e+01,4.98941e-01,4.98955e-01,9.99999e-01,9.99971e-01
1.153415054e+01,2.69546e-01,2.69554e-01,9.99999e-01,9.99971e-01
1.159182129e+01,2.03871e-01,2.03877e-01,9.99999e-01,9.99970e-01
1.164978039e+01,7.96506e-02,7.96529e-02,9.99999e-01,9.99970e-01
1.170802930e+01,3.08389e-02,3.08398e-02,9.99999e-01,9.99969e-01
1.176656944e+01,1.19984e-01,1.19988e-01,9.99999e-01,9.99969e-01
1.182540229e+01,2.85344e-01,2.85353e-01,9.99999e-01,9.99969e-01
1.188452930e+01,2.89665e-01,2.89674e-01,9.99999e-01,9.99968e-01
1.194395195e+01,3.49027e-01,3.49038e-01,9.99999e-01,9.99968e-01
1.200367171e+01,4.36234e-01,4.36248e-01,9.99999e-01,9.99967e-01
1.206369007e+01,2.99914e-01,2.99924e-01,9.99999e-01,9.99967e-01
1.212400852e+01,4.20487e-01,4.20500e-01,9.99999e-01,9.99966e-01
1.218462856e+01,4.18175e-01,4.18189e-01,9.99999e-01,9.99965e-01
1.224555170e+01,1.46582e-01,1.46587e-01,9.99999e-01,9.99965e-01
1.230677946e+01,1.11803e-01,1.11807e-01,9.99999e-01,9.99964e-01
1.236831336e+01,1.80910e-02,1.80916e-02,9.99999e-01,9.99963e-01
1.243015492e+01,9.34356e-03,9.34390e-03,9.99999e-01,9.99963e-01
1.249230570e+01,9.81361e-03,9.81397e-03,9.99999e-01,9.99962e-01
1.255476723e+01,2.02804e-02,2.02811e-02,9.99999e-01,9.99961e-01
1.261754106e+01,1.07716e-01,1.07720e-01,9.99999e-01,9.99960e-01
1.268062877e+01,2.32420e-01,2.32430e-01,9.99999e-01,9.99959e-01
1.274403191e+01,1.85915e-01,1.85923e-01,9.99999e-01,9.99958e-01
1.280775207e+01,2.74272e-01,2.74284e-01,9.99999e-01,9.99957e-01
1.287179083e+01,1.73484e-01,1.73491e-01,9.99999e-01,9.99956e-01
1.293614979e+01,2.14932e-01,2.14941e-01,9.99999e-01,9.99955e-01
1.300083054e+01,6.17687e-02,6.17714e-02,9.99999e-01,9.99954e-01
1.306583469e+01,7.47596e-02,7.47631e-02,9.99999e-01,9.99953e-01
1.313116386e+01,6.79456e-02,6.79488e-02,9.99999e-01,9.99952e-01
1.319681968e+01,4.49761e-02,4.49783e-02,9.99999e-01,9.99951e-01
1.326280378e+01,4.27260e-03,4.27282e-03,9.99999e-01,9.99949e-01
1.332911780e+01,7.88463e-03,7.88503e-03,9.99999e-01,9.99948e-01
1.339576339e+01,3.06425e-03,3.06441e-03,9.99999e-01,9.99946e-01
1.346274221e+01,2.80669e-04,2.80684e-04,9.99999e-01,9.99945e-01
1.353005592e+01,1.59562e-02,1.59571e-02,9.99999e-01,9.99943e-01
1.359770620e+01,2.93792e-02,2.93808e-02,9.99999e-01,9.99942e-01
1.366569473e+01,2.34895e-02,2.34909e-02,9.99999e-01,9.99940e-01
1.373402320e+01,6.90830e-02,6.90872e-02,9.99999e-01,9.99938e-01
1.380269332e+01,9.82826e-02,9.82888e-02,9.99999e-01,9.99936e-01
1.387170678e+01,4.04558e-02,4.04584e-02,9.99999e-01,9.99934e-01
1.394106532e+01,2.71103e-02,2.71122e-02,9.99999e-01,9.99932e-01
1.401077064e+01,8.35148e-03,8.35205e-03,9.99999e-01,9.99930e-01
1.408082450e+01,1.12739e-02,1.12747e-02,9.99999e-01,9.99928e-01
1.415122862e+01,6.81752e-04,6.81802e-04,9.99999e-01,9.99926e-01
1.422198476e+01,8.70827e-05,8.70893e-05,9.99999e-01,9.99923e-01
1.429309469e+01,2.41750e-04,2.41769e-04,9.99999e-01,9.99921e-01
1.436456016e+01,2.85517e-05,2.85540e-05,9.99999e-01,9.99918e-01
1.443638296e+01,6.99958e-06,7.00017e-06,9.99999e-01,9.99916e-01
1.450856487e+01,3.17647e-05,3.17675e-05,9.99999e-01,9.99913e-01
1.458110770e+01,2.30464e-03,2.30485e-03,9.99999e-01,9.99910e-01
1.465401324e+01,6.86815e-03,6.86878e-03,9.99999e-01,9.99907e-01
1.472728330e+01,6.82491e-03,6.82555e-03,9.99999e-01,9.99904e-01
1.480091972e+01,1.26836e-03,1.26848e-03,9.99999e-01,9.99901e-01
1.487492432e+01,1.57888e-05,1.57904e-05,9.99999e-01,9.99897e-01
1.494929894e+01,1.27898e-04,1.27911e-04,9.99999e-01,9.99894e-01
1.502404544e+01,1.56844e-03,1.56861e-03,9.99999e-01,9.99890e-01
1.509916566e+01,2.32275e-03,2.32302e-03,9.99999e-01,9.99886e-01
1.517466149e+01,5.37782e-04,5.37845e-04,9.99999e-01,9.99882e-01
1.525053480e+01,2.66500e-03,2.66533e-03,9.99999e-01,9.99878e-01
1.532678747e+01,2.78689e-04,2.78724e-04,9.99999e-01,9.99873e-01
1.540342141e+01,1.12695e-04,1.12710e-04,9.99999e-01,9.99869e-01
1.548043852e+01,3.13886e-05,3.13929e-05,9.99999e-01,9.99864e-01
1.555784071e+01,3.93167e-07,3.93222e-07,9.99999e-01,9.99859e-01
1.563562991e+01,3.52457e-09,3.52508e-09,9.99999e-01,9.99854e-01
1.571380806e+01,1.43185e-09,1.43207e-09,9.99999e-01,9.99848e-01
1.579237710e+01,1.69693e-07,1.69719e-07,9.99999e-01,9.99842e-01
1.587133899e+01,6.76426e-06,6.76535e-06,9.99999e-01,9.99837e-01
1.595069568e+01,5.25789e-07,5.25877e-07,9.99999e-01,9.99830e-01
1.603044916e+01,1.34584e-08,1.34608e-08,9.99999e-01,9.99824e-01
1.611060141e+01,6.98149e-09,6.98276e-09,9.99999e-01,9.99817e-01
1.619115441e+01,3.24159e-08,3.24220e-08,9.99999e-01,9.99810e-01
1.627211019e+01,4.07244e-09,4.07324e-09,9.99999e-01,9.99802e-01
1.635347074e+01,2.70903e-08,2.70959e-08,9.99999e-01,9.99795e-01
1.643523809e+01,2.12780e-08,2.12825e-08,9.99999e-01,9.99787e-01
1.651741428e+01,1.98924e-09,1.98968e-09,9.99999e-01,9.99778e-01
1.660000135e+01,1.06444e-11,1.06469e-11,9.99999e-01,9.99770e-01
1.668300136e+01,2.23298e-12,2.23351e-12,9.99999e-01,9.99761e-01
1.676641637e+01,3.08345e-10,3.08421e-10,9.99999e-01,9.99752e-01
1.685024845e+01,9.31511e-11,9.31750e-11,9.99999e-01,9.99743e-01
1.693449969e+01,6.23451e-13,6.23616e-13,9.99999e-01,9.99734e-01
1.701917219e+01,4.92608e-14,4.92743e-14,9.99999e-01,9.99724e-01
1.710426805e+01,5.75262e-18,5.75427e-18,9.99999e-01,9.99714e-01
1.718978939e+01,3.71785e-19,3.71895e-19,9.99999e-01,9.99703e-01
1.727573834e+01,2.92680e-19,2.92770e-19,9.99999e-01,9.99692e-01
1.736211703e+01,2.02065e-21,2.02129e-21,9.99999e-01,9.99680e-01
1.744892761e+01,2.66439e-18,2.66527e-18,9.99999e-01,9.99668e-01
1.753617225e+01,5.50335e-15,5.50524e-15,9.99999e-01,9.99655e-01
1.762385311e+01,3.74128e-14,3.74261e-14,9.99999e-01,9.99642e-01
1.771197238e+01,7.87551e-16,7.87842e-16,9.99999e-01,9.99628e-01
1.780053224e+01,2.57880e-16,2.57979e-16,9.99999e-01,9.99615e-01
1.788953490e+01,4.68544e-18,4.68731e-18,9.99999e-01,9.99600e-01
1.797898258e+01,6.94721e-20,6.95009e-20,9.99999e-01,9.99584e-01
1.806887749e+01,1.05091e-20,1.05137e-20,9.99999e-01,9.99568e-01
1.815922188e+01,1.49287e-27,1.49353e-27,9.99999e-01,9.99552e-01
1.825001799e+01,5.58069e-21,5.58328e-21,9.99999e-01,9.99534e-01
1.834126808e+01,7.68141e-20,7.68513e-20,9.99999e-01,9.99515e-01
1.843297442e+01,6.17249e-20,6.17559e-20,9.99999e-01,9.99497e-01
1.852513929e+01,1.12235e-22,1.12293e-22,9.99999e-01,9.99478e-01
1.861776499e+01,6.83862e-32,6.84233e-32,9.99999e-01,9.99457e-01
1.871085381e+01,8.35833e-26,8.36303e-26,9.99999e-01,9.99437e-01
1.880440808e+01,2.06059e-21,2.06179e-21,9.99999e-01,9.99416e-01
1.889843012e+01,4.29867e-22,4.30128e-22,9.99999e-01,9.99394e-01
1.899292227e+01,1.57558e-30,1.57657e-30,9.99999e-01,9.99370e-01
1.908788688e+01,1.78058e-28,1.78174e-28,9.99999e-01,9.99347e-01
1.918332632e+01,5.72990e-29,5.73378e-29,9.99999e-01,9.99323e-01
1.927924295e+01,6.57598e-36,6.58059e-36,9.99999e-01,9.99298e-01
1.937563916e+01,7.46500e-55,7.47042e-55,9.99999e-01,9.99273e-01
1.947251736e+01,1.32314e-55,1.32413e-55,9.99999e-01,9.99247e-01
1.956987994e+01,2.04510e-53,2.04669e-53,9.99999e-01,9.99222e-01
1.966772934e+01,2.58569e-44,2.58778e-44,9.99999e-01,9.99192e-01
1.976606799e+01,7.72929e-43,7.73577e-43,9.99999e-01,9.99161e-01
1.986489833e+01,3.00581e-46,3.00843e-46,9.99999e-01,9.99130e-01
1.996422282e+01,2.72867e-43,2.73113e-43,9.99999e-01,9.99098e-01
