#,Wave/freq,Total,H2O,Rayleigh,CIA
4.000000000e-01,9.99824e-01,9.99974e-01,9.99849e-01,9.99999e-01
4.020000000e-01,9.99836e-01,9.99983e-01,9.99852e-01,9.99999e-01
4.040100000e-01,9.99848e-01,9.99992e-01,9.99855e-01,9.99999e-01
4.060300500e-01,9.99856e-01,9.99997e-01,9.99858e-01,9.99999e-01
4.080602003e-01,9.99860e-01,9.99999e-01,9.99861e-01,9.99999e-01
4.101005013e-01,9.99863e-01,9.99999e-01,9.99863e-01,9.99999e-01
4.121510038e-01,9.99865e-01,9.99998e-01,9.99866e-01,9.99999e-01
4.142117588e-01,9.99862e-01,9.99992e-01,9.99869e-01,9.99999e-01
4.162828176e-01,9.99840e-01,9.99968e-01,9.99871e-01,9.99999e-01
4.183642317e-01,9.99855e-01,9.99980e-01,9.99874e-01,9.99999e-01
4.204560528e-01,9.99865e-01,9.99988e-01,9.99876e-01,9.99999e-01
4.225583331e-01,9.99874e-01,9.99995e-01,9.99879e-01,9.99999e-01
4.246711247e-01,9.99878e-01,9.99996e-01,9.99881e-01,9.99999e-01
4.267944804e-01,9.99878e-01,9.99994e-01,9.99883e-01,9.99999e-01
4.289284528e-01,9.99882e-01,9.99995e-01,9.99886e-01,9.99999e-01
4.310730950e-01,9.99886e-01,9.99997e-01,9.99888e-01,9.99999e-01
4.332284605e-01,9.99890e-01,9.99999e-01,9.99890e-01,9.99999e-01
4.353946028e-01,9.99892e-01,9.99999e-01,9.99892e-01,9.99999e-01
4.375715758e-01,9.99891e-01,9.99996e-01,9.99894e-01,9.99999e-01
4.397594337e-01,9.99869e-01,9.99971e-01,9.99896e-01,9.99999e-01
4.419582309e-01,9.99758e-01,9.99859e-01,9.99898e-01,9.99999e-01
4.441680220e-01,9.99792e-01,9.99890e-01,9.99900e-01,9.99999e-01
4.463888621e-01,9.99789e-01,9.99886e-01,9.99902e-01,9.99999e-01
4.486208064e-01,9.99834e-01,9.99929e-01,9.99904e-01,9.99999e-01
4.508639105e-01,9.99873e-01,9.99966e-01,9.99906e-01,9.99999e-01
4.531182300e-01,9.99895e-01,9.99986e-01,9.99908e-01,9.99999e-01
4.553838212e-01,9.99901e-01,9.99990e-01,9.99910e-01,9.99999e-01
4.576607403e-01,9.99908e-01,9.99995e-01,9.99912e-01,9.99999e-01
4.599490440e-01,9.99910e-01,9.99996e-01,9.99913e-01,9.99999e-01
4.622487892e-01,9.99915e-01,9.99999e-01,9.99915e-01,9.99999e-01
4.645600332e-01,9.99915e-01,9.99997e-01,9.99917e-01,9.99999e-01
4.668828333e-01,9.99885e-01,9.99966e-01,9.99918e-01,9.99999e-01
4.692172475e-01,9.99849e-01,9.99928e-01,9.99920e-01,9.99999e-01
4.715633337e-01,9.99875e-01,9.99953e-01,9.99921e-01,9.99999e-01
4.739211504e-01,9.99879e-01,9.99955e-01,9.99923e-01,9.99999e-01
4.762907561e-01,9.99901e-01,9.99976e-01,9.99924e-01,9.99999e-01
4.786722099e-01,9.99917e-01,9.99990e-01,9.99926e-01,9.99999e-01
4.810655710e-01,9.99925e-01,9.99996e-01,9.99927e-01,9.99999e-01
4.834708988e-01,9.99901e-01,9.99972e-01,9.99929e-01,9.99999e-01
4.858882533e-01,9.99880e-01,9.99949e-01,9.99930e-01,9.99999e-01
4.883176946e-01,9.99889e-01,9.99957e-01,9.99932e-01,9.99999e-01
4.907592831e-01,9.99895e-01,9.99961e-01,9.99933e-01,9.99999e-01
4.932130795e-01,9.99907e-01,9.99972e-01,9.99934e-01,9.99999e-01
4.956791449e-01,9.99921e-01,9.99985e-01,9.99935e-01,9.99999e-01
4.981575406e-01,9.99865e-01,9.99927e-01,9.99937e-01,9.99999e-01
5.006483283e-01,9.99752e-01,9.99813e-01,9.99938e-01,9.99999e-01
5.031515699e-01,9.98998e-01,9.99058e-01,9.99939e-01,9.99999e-01
5.056673278e-01,9.99444e-01,9.99503e-01,9.99940e-01,9.99999e-01
5.081956644e-01,9.99316e-01,9.99373e-01,9.99941e-01,9.99999e-01
5.107366428e-01,9.99520e-01,9.99577e-01,9.99943e-01,9.99999e-01
5.132903260e-01,9.99702e-01,9.99758e-01,9.99944e-01,9.99999e-01
5.158567776e-01,9.99843e-01,9.99897e-01,9.99945e-01,9.99999e-01
5.184360615e-01,9.99905e-01,9.99958e-01,9.99946e-01,9.99999e-01
5.210282418e-01,9.99932e-01,9.99984e-01,9.99947e-01,9.99999e-01
5.236333830e-01,9.99887e-01,9.99938e-01,9.99948e-01,9.99999e-01
5.262515499e-01,9.99911e-01,9.99961e-01,9.99949e-01,9.99999e-01
5.288828077e-01,9.99915e-01,9.99964e-01,9.99950e-01,9.99999e-01
5.315272217e-01,9.99920e-01,9.99968e-01,9.99951e-01,9.99999e-01
5.341848578e-01,9.99932e-01,9.99979e-01,9.99952e-01,9.99999e-01
5.368557821e-01,9.99881e-01,9.99928e-01,9.99953e-01,9.99999e-01
5.395400610e-01,9.99696e-01,9.99741e-01,9.99954e-01,9.99999e-01
5.422377613e-01,9.99622e-01,9.99666e-01,9.99955e-01,9.99999e-01
5.449489501e-01,9.99646e-01,9.99689e-01,9.99956e-01,9.99999e-01
5.476736949e-01,9.99683e-01,9.99725e-01,9.99956e-01,9.99999e-01
5.504120634e-01,9.99758e-01,9.99800e-01,9.99957e-01,9.99999e-01
5.531641237e-01,9.99858e-01,9.99899e-01,9.99958e-01,9.99999e-01
5.559299443e-01,9.99911e-01,9.99951e-01,9.99959e-01,9.99999e-01
5.587095940e-01,9.99929e-01,9.99969e-01,9.99960e-01,9.99999e-01
5.615031420e-01,9.99927e-01,9.99965e-01,9.99960e-01,9.99999e-01
5.643106577e-01,9.99923e-01,9.99961e-01,9.99961e-01,9.99999e-01
5.671322110e-01,9.99495e-01,9.99532e-01,9.99962e-01,9.99999e-01
5.699678720e-01,9.99469e-01,9.99505e-01,9.99963e-01,9.99999e-01
5.728177114e-01,9.99448e-01,9.99484e-01,9.99963e-01,9.99999e-01
5.756818000e-01,9.99492e-01,9.99526e-01,9.99964e-01,9.99999e-01
5.785602090e-01,9.99553e-01,9.99587e-01,9.99965e-01,9.99999e-01
5.814530100e-01,9.99552e-01,9.99585e-01,9.99965e-01,9.99999e-01
5.843602750e-01,9.99472e-01,9.99505e-01,9.99966e-01,9.99999e-01
5.872820764e-01,9.95712e-01,9.95745e-01,9.99967e-01,9.99999e-01
5.902184868e-01,9.94825e-01,9.94856e-01,9.99967e-01,9.99999e-01
5.931695792e-01,9.96331e-01,9.96362e-01,9.99968e-01,9.99999e-01
5.961354271e-01,9.95984e-01,9.96014e-01,9.99969e-01,9.99999e-01
5.991161043e-01,9.97063e-01,9.97093e-01,9.99969e-01,9.99999e-01
6.021116848e-01,9.98320e-01,9.98350e-01,9.99970e-01,9.99999e-01
6.051222432e-01,9.99136e-01,9.99164e-01,9.99970e-01,9.99999e-01
6.081478544e-01,9.99611e-01,9.99639e-01,9.99971e-01,9.99999e-01
6.111885937e-01,9.99819e-01,9.99847e-01,9.99972e-01,9.99999e-01
6.142445367e-01,9.99904e-01,9.99931e-01,9.99972e-01,9.99999e-01
6.173157594e-01,9.99935e-01,9.99962e-01,9.99973e-01,9.99999e-01
6.204023382e-01,9.99941e-01,9.99967e-01,9.99973e-01,9.99999e-01
6.235043498e-01,9.99833e-01,9.99859e-01,9.99974e-01,9.99999e-01
6.266218716e-01,9.99233e-01,9.99258e-01,9.99974e-01,9.99999e-01
6.297549810e-01,9.99703e-01,9.99727e-01,9.99975e-01,9.99999e-01
6.329037559e-01,9.99438e-01,9.99462e-01,9.99975e-01,9.99999e-01
6.360682746e-01,9.99518e-01,9.99541e-01,9.99976e-01,9.99999e-01
6.392486160e-01,9.99383e-01,9.99406e-01,9.99976e-01,9.99999e-01
6.424448591e-01,9.99182e-01,9.99204e-01,9.99976e-01,9.99999e-01
6.456570834e-01,9.96290e-01,9.96312e-01,9.99977e-01,9.99999e-01
6.488853688e-01,9.97284e-01,9.97305e-01,9.99977e-01,9.99999e-01
6.521297956e-01,9.97232e-01,9.97253e-01,9.99978e-01,9.99999e-01
6.553904446e-01,9.97243e-01,9.97263e-01,9.99978e-01,9.99999e-01
6.586673968e-01,9.97638e-01,9.97658e-01,9.99979e-01,9.99999e-01
6.619607338e-01,9.98674e-01,9.98694e-01,9.99979e-01,9.99999e-01
6.652705375e-01,9.99196e-01,9.99216e-01,9.99979e-01,9.99999e-01
6.685968902e-01,9.99616e-01,9.99635e-01,9.99980e-01,9.99999e-01
6.719398746e-01,9.99812e-01,9.99831e-01,9.99980e-01,9.99999e-01
6.752995740e-01,9.99889e-01,9.99908e-01,9.99981e-01,9.99999e-01
6.786760719e-01,9.99849e-01,9.99867e-01,9.99981e-01,9.99999e-01
6.820694522e-01,9.99755e-01,9.99773e-01,9.99981e-01,9.99999e-01
6.854797995e-01,9.99690e-01,9.99707e-01,9.99982e-01,9.99999e-01
6.889071985e-01,9.99273e-01,9.99291e-01,9.99982e-01,9.99999e-01
6.923517345e-01,9.88483e-01,9.88500e-01,9.99982e-01,9.99999e-01
6.958134932e-01,9.94017e-01,9.94034e-01,9.99983e-01,9.99999e-01
6.992925606e-01,9.94289e-01,9.94305e-01,9.99983e-01,9.99999e-01
7.027890234e-01,9.92968e-01,9.92984e-01,9.99983e-01,9.99999e-01
7.063029686e-01,9.94082e-01,9.94098e-01,9.99984e-01,9.99999e-01
7.098344834e-01,9.94321e-01,9.94336e-01,9.99984e-01,9.99999e-01
7.133836558e-01,9.92421e-01,9.92436e-01,9.99984e-01,9.99999e-01
7.169505741e-01,9.40776e-01,9.40790e-01,9.99984e-01,9.99998e-01
7.205353270e-01,9.70686e-01,9.70701e-01,9.99985e-01,9.99998e-01
7.241380036e-01,9.62785e-01,9.62800e-01,9.99985e-01,9.99998e-01
7.277586936e-01,9.66364e-01,9.66378e-01,9.99985e-01,9.99998e-01
7.313974871e-01,9.64319e-01,9.64332e-01,9.99986e-01,9.99998e-01
7.350544745e-01,9.80343e-01,9.80356e-01,9.99986e-01,9.99999e-01
7.387297469e-01,9.85500e-01,9.85513e-01,9.99986e-01,9.99999e-01
7.424233956e-01,9.92878e-01,9.92891e-01,9.99986e-01,9.99999e-01
7.461355126e-01,9.95673e-01,9.95685e-01,9.99987e-01,9.99999e-01
7.498661902e-01,9.97978e-01,9.97990e-01,9.99987e-01,9.99999e-01
7.536155211e-01,9.99001e-01,9.99013e-01,9.99987e-01,9.99999e-01
7.573835987e-01,9.99480e-01,9.99491e-01,9.99987e-01,9.99999e-01
7.611705167e-01,9.99672e-01,9.99684e-01,9.99988e-01,9.99999e-01
7.649763693e-01,9.99790e-01,9.99801e-01,9.99988e-01,9.99999e-01
7.688012511e-01,9.99850e-01,9.99861e-01,9.99988e-01,9.99999e-01
7.726452574e-01,9.99875e-01,9.99886e-01,9.99988e-01,9.99999e-01
7.765084837e-01,9.99827e-01,9.99838e-01,9.99988e-01,9.99999e-01
7.803910261e-01,9.99291e-01,9.99302e-01,9.99989e-01,9.99999e-01
7.842929812e-01,9.97555e-01,9.97565e-01,9.99989e-01,9.99999e-01
7.882144461e-01,9.94988e-01,9.94998e-01,9.99989e-01,9.99999e-01
7.921555184e-01,9.97248e-01,9.97258e-01,9.99989e-01,9.99999e-01
7.961162960e-01,9.95136e-01,9.95146e-01,9.99989e-01,9.99999e-01
8.000968774e-01,9.94392e-01,9.94401e-01,9.99990e-01,9.99999e-01
8.040973618e-01,9.94389e-01,9.94398e-01,9.99990e-01,9.99999e-01
8.081178486e-01,9.87383e-01,9.87392e-01,9.99990e-01,9.99999e-01
8.121584379e-01,9.48472e-01,9.48481e-01,9.99990e-01,9.99998e-01
8.162192301e-01,9.39254e-01,9.39263e-01,9.99990e-01,9.99998e-01
8.203003262e-01,9.69180e-01,9.69189e-01,9.99991e-01,9.99998e-01
8.244018279e-01,9.57430e-01,9.57439e-01,9.99991e-01,9.99998e-01
8.285238370e-01,9.63248e-01,9.63257e-01,9.99991e-01,9.99998e-01
8.326664562e-01,9.62889e-01,9.62897e-01,9.99991e-01,9.99998e-01
8.368297885e-01,9.73362e-01,9.73370e-01,9.99991e-01,9.99999e-01
8.410139374e-01,9.84090e-01,9.84098e-01,9.99991e-01,9.99999e-01
8.452190071e-01,9.92168e-01,9.92175e-01,9.99991e-01,9.99999e-01
8.494451021e-01,9.95443e-01,9.95450e-01,9.99992e-01,9.99999e-01
8.536923276e-01,9.97302e-01,9.97310e-01,9.99992e-01,9.99999e-01
8.579607893e-01,9.98334e-01,9.98341e-01,9.99992e-01,9.99999e-01
8.622505932e-01,9.98939e-01,9.98946e-01,9.99992e-01,9.99999e-01
8.665618462e-01,9.99340e-01,9.99347e-01,9.99992e-01,9.99999e-01
8.708946554e-01,9.99246e-01,9.99252e-01,9.99992e-01,9.99999e-01
8.752491287e-01,9.98994e-01,9.99000e-01,9.99992e-01,9.99999e-01
8.796253743e-01,9.98609e-01,9.98615e-01,9.99993e-01,9.99999e-01
8.840235012e-01,9.98412e-01,9.98419e-01,9.99993e-01,9.99999e-01
8.884436187e-01,9.94214e-01,9.94220e-01,9.99993e-01,9.99999e-01
8.928858368e-01,9.40860e-01,9.40867e-01,9.99993e-01,9.99998e-01
8.973502660e-01,8.97979e-01,8.97986e-01,9.99993e-01,9.99998e-01
9.018370173e-01,9.46640e-01,9.46647e-01,9.99993e-01,9.99998e-01
9.063462024e-01,9.52722e-01,9.52729e-01,9.99993e-01,9.99997e-01
9.108779334e-01,9.27330e-01,9.27337e-01,9.99993e-01,9.99997e-01
9.154323231e-01,9.17881e-01,9.17888e-01,9.99994e-01,9.99997e-01
9.200094847e-01,9.35141e-01,9.35149e-01,9.99994e-01,9.99996e-01
9.246095321e-01,9.00359e-01,9.00368e-01,9.99994e-01,9.99994e-01
9.292325798e-01,4.99402e-01,4.99409e-01,9.99994e-01,9.99989e-01
9.338787427e-01,4.09836e-01,4.09844e-01,9.99994e-01,9.99986e-01
9.385481364e-01,6.97326e-01,6.97339e-01,9.99994e-01,9.99986e-01
9.432408771e-01,6.07344e-01,6.07356e-01,9.99994e-01,9.99984e-01
9.479570815e-01,5.04567e-01,5.04576e-01,9.99994e-01,9.99986e-01
9.526968669e-01,5.96611e-01,5.96619e-01,9.99994e-01,9.99989e-01
9.574603512e-01,6.18813e-01,6.18820e-01,9.99994e-01,9.99992e-01
9.622476530e-01,6.76017e-01,6.76023e-01,9.99995e-01,9.99994e-01
9.670588912e-01,7.97654e-01,7.97660e-01,9.99995e-01,9.99996e-01
9.718941857e-01,8.67737e-01,8.67742e-01,9.99995e-01,9.99997e-01
9.767536566e-01,8.88879e-01,8.88884e-01,9.99995e-01,9.99998e-01
9.816374249e-01,9.16415e-01,9.16419e-01,9.99995e-01,9.99998e-01
9.865456120e-01,9.46918e-01,9.46922e-01,9.99995e-01,9.99999e-01
9.914783401e-01,9.66840e-01,9.66844e-01,9.99995e-01,9.99999e-01
9.964357318e-01,9.81805e-01,9.81809e-01,9.99995e-01,9.99999e-01
1.001417910e+00,9.89056e-01,9.89060e-01,9.99995e-01,9.99999e-01
1.006425000e+00,9.93743e-01,9.93747e-01,9.99995e-01,9.99999e-01
1.011457125e+00,9.96113e-01,9.96117e-01,9.99995e-01,9.99999e-01
1.016514411e+00,9.97358e-01,9.97361e-01,9.99995e-01,9.99999e-01
1.021596983e+00,9.97893e-01,9.97897e-01,9.99995e-01,9.99999e-01
1.026704968e+00,9.98356e-01,9.98359e-01,9.99996e-01,9.99999e-01
1.031838492e+00,9.98804e-01,9.98808e-01,9.99996e-01,9.99999e-01
1.036997685e+00,9.99288e-01,9.99291e-01,9.99996e-01,9.99999e-01
1.042182673e+00,9.99151e-01,9.99154e-01,9.99996e-01,9.99999e-01
1.047393587e+00,9.98876e-01,9.98879e-01,9.99996e-01,9.99999e-01
1.052630555e+00,9.98459e-01,9.98462e-01,9.99996e-01,9.99999e-01
1.057893707e+00,9.97429e-01,9.97432e-01,9.99996e-01,9.99999e-01
1.063183176e+00,9.95776e-01,9.95779e-01,9.99996e-01,9.99999e-01
1.068499092e+00,9.92940e-01,9.92943e-01,9.99996e-01,9.99999e-01
1.073841587e+00,9.91739e-01,9.91742e-01,9.99996e-01,9.99999e-01
1.079210795e+00,9.89433e-01,9.89436e-01,9.99996e-01,9.99999e-01
1.084606849e+00,9.84041e-01,9.84044e-01,9.99996e-01,9.99999e-01
1.090029883e+00,9.77125e-01,9.77129e-01,9.99996e-01,9.99998e-01
1.095480033e+00,9.38922e-01,9.38926e-01,9.99996e-01,9.99998e-01
1.100957433e+00,8.52167e-01,8.52172e-01,9.99996e-01,9.99996e-01
1.106462220e+00,6.67486e-01,6.67492e-01,9.99996e-01,9.99993e-01
1.111994531e+00,4.30070e-01,4.30076e-01,9.99996e-01,9.99987e-01
1.117554504e+00,2.57791e-01,2.57796e-01,9.99997e-01,9.99982e-01
1.123142276e+00,3.76067e-01,3.76075e-01,9.99997e-01,9.99979e-01
1.128757988e+00,5.28382e-01,5.28395e-01,9.99997e-01,9.99977e-01
1.134401778e+00,2.80200e-01,2.80208e-01,9.99997e-01,9.99975e-01
1.140073787e+00,6.80418e-01,6.80432e-01,9.99997e-01,9.99979e-01
1.145774156e+00,4.52820e-01,4.52828e-01,9.99997e-01,9.99982e-01
1.151503026e+00,4.15321e-01,4.15327e-01,9.99997e-01,9.99985e-01
1.157260541e+00,4.74531e-01,4.74538e-01,9.99997e-01,9.99988e-01
1.163046844e+00,5.75694e-01,5.75699e-01,9.99997e-01,9.99992e-01
1.168862078e+00,6.79926e-01,6.79929e-01,9.99997e-01,9.99996e-01
1.174706389e+00,7.88068e-01,7.88071e-01,9.99997e-01,9.99997e-01
1.180579921e+00,8.64896e-01,8.64898e-01,9.99997e-01,9.99998e-01
1.186482820e+00,9.21175e-01,9.21178e-01,9.99997e-01,9.99998e-01
1.192415234e+00,9.53198e-01,9.53200e-01,9.99997e-01,9.99998e-01
1.198377311e+00,9.60395e-01,9.60397e-01,9.99997e-01,9.99998e-01
1.204369197e+00,9.62504e-01,9.62506e-01,9.99997e-01,9.99998e-01
1.210391043e+00,9.64108e-01,9.64110e-01,9.99997e-01,9.99999e-01
1.216442998e+00,9.69400e-01,9.69402e-01,9.99997e-01,9.99999e-01
1.222525213e+00,9.76089e-01,9.76091e-01,9.99997e-01,9.99999e-01
1.228637839e+00,9.83334e-01,9.83336e-01,9.99997e-01,9.99999e-01
1.234781029e+00,9.87602e-01,9.87603e-01,9.99997e-01,9.99999e-01
1.240954934e+00,9.92141e-01,9.92143e-01,9.99997e-01,9.99999e-01
1.247159708e+00,9.93877e-01,9.93878e-01,9.99997e-01,9.99999e-01
1.253395507e+00,9.94560e-01,9.94562e-01,9.99997e-01,9.99999e-01
1.259662485e+00,9.94829e-01,9.94831e-01,9.99997e-01,9.99999e-01
1.265960797e+00,9.91754e-01,9.91755e-01,9.99998e-01,9.99999e-01
1.272290601e+00,9.87066e-01,9.87068e-01,9.99998e-01,9.99999e-01
1.278652054e+00,9.74448e-01,9.74450e-01,9.99998e-01,9.99999e-01
1.285045314e+00,9.54121e-01,9.54124e-01,9.99998e-01,9.99998e-01
1.291470541e+00,9.21425e-01,9.21428e-01,9.99998e-01,9.99997e-01
1.297927893e+00,8.90092e-01,8.90095e-01,9.99998e-01,9.99996e-01
1.304417533e+00,8.71903e-01,8.71909e-01,9.99998e-01,9.99994e-01
1.310939621e+00,8.54531e-01,8.54540e-01,9.99998e-01,9.99990e-01
1.317494319e+00,8.43595e-01,8.43608e-01,9.99998e-01,9.99984e-01
1.324081790e+00,7.75580e-01,7.75600e-01,9.99998e-01,9.99975e-01
1.330702199e+00,3.85740e-01,3.85756e-01,9.99998e-01,9.99959e-01
1.337355710e+00,8.21379e-02,8.21444e-02,9.99998e-01,9.99921e-01
1.344042489e+00,3.79478e-03,3.79541e-03,9.99998e-01,9.99833e-01
1.350762701e+00,4.33516e-06,4.33632e-06,9.99998e-01,9.99733e-01
1.357516515e+00,2.07840e-08,2.07908e-08,9.99998e-01,9.99670e-01
1.364304097e+00,1.35996e-05,1.36044e-05,9.99998e-01,9.99647e-01
1.371125618e+00,5.69598e-04,5.69801e-04,9.99998e-01,9.99644e-01
1.377981246e+00,1.57509e-03,1.57570e-03,9.99998e-01,9.99617e-01
1.384871152e+00,2.89323e-05,2.89431e-05,9.99998e-01,9.99628e-01
1.391795508e+00,1.74499e-05,1.74554e-05,9.99998e-01,9.99684e-01
1.398754485e+00,1.28040e-04,1.28074e-04,9.99998e-01,9.99729e-01
1.405748258e+00,1.16820e-04,1.16848e-04,9.99998e-01,9.99757e-01
1.412776999e+00,1.14876e-04,1.14898e-04,9.99998e-01,9.99804e-01
1.419840884e+00,2.16469e-04,2.16500e-04,9.99998e-01,9.99854e-01
1.426940089e+00,1.40728e-03,1.40741e-03,9.99998e-01,9.99909e-01
1.434074789e+00,6.48459e-03,6.48496e-03,9.99998e-01,9.99943e-01
1.441245163e+00,1.86706e-02,1.86715e-02,9.99998e-01,9.99955e-01
1.448451389e+00,6.09263e-02,6.09286e-02,9.99998e-01,9.99963e-01
1.455693646e+00,1.51925e-01,1.51929e-01,9.99998e-01,9.99969e-01
1.462972114e+00,1.94054e-01,1.94059e-01,9.99998e-01,9.99973e-01
1.470286975e+00,1.48628e-01,1.48631e-01,9.99998e-01,9.99976e-01
1.477638409e+00,1.80047e-01,1.80050e-01,9.99998e-01,9.99979e-01
1.485026601e+00,2.44864e-01,2.44867e-01,9.99998e-01,9.99984e-01
1.492451734e+00,3.50393e-01,3.50397e-01,9.99998e-01,9.99989e-01
1.499913993e+00,4.92488e-01,4.92491e-01,9.99998e-01,9.99993e-01
1.507413563e+00,5.99405e-01,5.99407e-01,9.99998e-01,9.99996e-01
1.514950631e+00,7.24781e-01,7.24783e-01,9.99998e-01,9.99997e-01
1.522525384e+00,8.12049e-01,8.12050e-01,9.99998e-01,9.99998e-01
1.530138011e+00,8.58248e-01,8.58249e-01,9.99998e-01,9.99999e-01
1.537788701e+00,9.17366e-01,9.17367e-01,9.99998e-01,9.99999e-01
1.545477645e+00,9.46336e-01,9.46337e-01,9.99998e-01,9.99999e-01
1.553205033e+00,9.56026e-01,9.56027e-01,9.99998e-01,9.99999e-01
1.560971058e+00,9.72563e-01,9.72563e-01,9.99998e-01,9.99999e-01
1.568775913e+00,9.81805e-01,9.81806e-01,9.99998e-01,9.99999e-01
1.576619793e+00,9.85845e-01,9.85846e-01,9.99998e-01,9.99999e-01
1.584502892e+00,9.91371e-01,9.91372e-01,9.99998e-01,9.99999e-01
1.592425406e+00,9.92006e-01,9.92006e-01,9.99998e-01,9.99999e-01
1.600387533e+00,9.94479e-01,9.94479e-01,9.99998e-01,9.99999e-01
1.608389471e+00,9.94289e-01,9.94290e-01,9.99998e-01,9.99999e-01
1.616431418e+00,9.94157e-01,9.94158e-01,9.99998e-01,9.99999e-01
1.624513575e+00,9.93752e-01,9.93752e-01,9.99998e-01,9.99999e-01
1.632636143e+00,9.90220e-01,9.90220e-01,9.99998e-01,9.99999e-01
1.640799324e+00,9.86978e-01,9.86979e-01,9.99998e-01,9.99999e-01
1.649003321e+00,9.83406e-01,9.83406e-01,9.99998e-01,9.99999e-01
1.657248337e+00,9.78125e-01,9.78126e-01,9.99998e-01,9.99999e-01
1.665534579e+00,9.70324e-01,9.70325e-01,9.99999e-01,9.99999e-01
1.673862252e+00,9.59728e-01,9.59729e-01,9.99999e-01,9.99999e-01
1.682231563e+00,9.64769e-01,9.64770e-01,9.99999e-01,9.99999e-01
1.690642721e+00,9.38990e-01,9.38991e-01,9.99999e-01,9.99998e-01
1.699095934e+00,9.29935e-01,9.29936e-01,9.99999e-01,9.99998e-01
1.707591414e+00,9.25050e-01,9.25052e-01,9.99999e-01,9.99997e-01
1.716129371e+00,9.07846e-01,9.07849e-01,9.99999e-01,9.99997e-01
1.724710018e+00,8.64648e-01,8.64652e-01,9.99999e-01,9.99996e-01
1.733333568e+00,8.27350e-01,8.27355e-01,9.99999e-01,9.99994e-01
1.742000236e+00,7.50185e-01,7.50191e-01,9.99999e-01,9.99991e-01
1.750710237e+00,5.84974e-01,5.84982e-01,9.99999e-01,9.99986e-01
1.759463788e+00,3.65830e-01,3.65838e-01,9.99999e-01,9.99978e-01
1.768261107e+00,1.54324e-01,1.54329e-01,9.99999e-01,9.99965e-01
1.777102413e+00,4.56733e-02,4.56758e-02,9.99999e-01,9.99946e-01
1.785987925e+00,6.45163e-03,6.45218e-03,9.99999e-01,9.99914e-01
1.794917864e+00,1.03229e-03,1.03245e-03,9.99999e-01,9.99851e-01
1.803892454e+00,1.19372e-05,1.19399e-05,9.99999e-01,9.99774e-01
1.812911916e+00,1.01935e-06,1.01966e-06,9.99999e-01,9.99693e-01
1.821976476e+00,1.60301e-06,1.60359e-06,9.99999e-01,9.99638e-01
1.831086358e+00,1.94032e-07,1.94111e-07,9.99999e-01,9.99593e-01
1.840241790e+00,3.25457e-06,3.25604e-06,9.99999e-01,9.99550e-01
1.849442999e+00,1.18382e-05,1.18440e-05,9.99999e-01,9.99515e-01
1.858690214e+00,2.47080e-08,2.47219e-08,9.99999e-01,9.99439e-01
1.867983665e+00,5.50994e-09,5.51338e-09,9.99999e-01,9.99375e-01
1.877323583e+00,5.09399e-04,5.09702e-04,9.99999e-01,9.99406e-01
1.886710201e+00,9.00374e-04,9.00827e-04,9.99999e-01,9.99496e-01
1.896143752e+00,2.61381e-03,2.61500e-03,9.99999e-01,9.99545e-01
1.905624471e+00,2.25318e-05,2.25413e-05,9.99999e-01,9.99577e-01
1.915152593e+00,1.52579e-06,1.52639e-06,9.99999e-01,9.99605e-01
1.924728356e+00,2.60339e-07,2.60430e-07,9.99999e-01,9.99652e-01
1.934351998e+00,9.94893e-08,9.95178e-08,9.99999e-01,9.99713e-01
1.944023758e+00,3.66597e-05,3.66673e-05,9.99999e-01,9.99793e-01
1.953743877e+00,1.59243e-04,1.59265e-04,9.99999e-01,9.99864e-01
1.963512596e+00,2.77000e-03,2.77023e-03,9.99999e-01,9.99915e-01
1.973330159e+00,1.07762e-02,1.07767e-02,9.99999e-01,9.99948e-01
1.983196810e+00,1.01486e-01,1.01490e-01,9.99999e-01,9.99966e-01
1.993112794e+00,1.67096e-01,1.67099e-01,9.99999e-01,9.99978e-01
2.003078358e+00,3.30316e-01,3.30321e-01,9.99999e-01,9.99985e-01
2.013093750e+00,4.87305e-01,4.87310e-01,9.99999e-01,9.99990e-01
2.023159218e+00,6.59891e-01,6.59895e-01,9.99999e-01,9.99993e-01
2.033275015e+00,7.26214e-01,7.26216e-01,9.99999e-01,9.99995e-01
2.043441390e+00,8.19970e-01,8.19972e-01,9.99999e-01,9.99997e-01
2.053658597e+00,8.51188e-01,8.51189e-01,9.99999e-01,9.99997e-01
2.063926890e+00,8.97397e-01,8.97398e-01,9.99999e-01,9.99998e-01
2.074246524e+00,9.10581e-01,9.10582e-01,9.99999e-01,9.99998e-01
2.084617757e+00,9.40634e-01,9.40635e-01,9.99999e-01,9.99998e-01
2.095040845e+00,9.52907e-01,9.52908e-01,9.99999e-01,9.99998e-01
2.105516050e+00,9.59451e-01,9.59452e-01,9.99999e-01,9.99999e-01
2.116043630e+00,9.61198e-01,9.61199e-01,9.99999e-01,9.99999e-01
2.126623848e+00,9.76224e-01,9.76224e-01,9.99999e-01,9.99999e-01
2.137256967e+00,9.77387e-01,9.77387e-01,9.99999e-01,9.99999e-01
2.147943252e+00,9.78220e-01,9.78220e-01,9.99999e-01,9.99999e-01
2.158682968e+00,9.80079e-01,9.80079e-01,9.99999e-01,9.99999e-01
2.169476383e+00,9.78794e-01,9.78794e-01,9.99999e-01,9.99998e-01
2.180323765e+00,9.75777e-01,9.75777e-01,9.99999e-01,9.99998e-01
2.191225384e+00,9.70499e-01,9.70500e-01,9.99999e-01,9.99998e-01
2.202181511e+00,9.63425e-01,9.63426e-01,9.99999e-01,9.99998e-01
2.213192418e+00,9.63191e-01,9.63192e-01,9.99999e-01,9.99998e-01
2.224258381e+00,9.56469e-01,9.56469e-01,9.99999e-01,9.99998e-01
2.235379672e+00,9.63084e-01,9.63085e-01,9.99999e-01,9.99998e-01
2.246556571e+00,9.35163e-01,9.35164e-01,9.99999e-01,9.99998e-01
2.257789354e+00,9.49949e-01,9.49950e-01,9.99999e-01,9.99998e-01
2.269078300e+00,8.80427e-01,8.80428e-01,9.99999e-01,9.99997e-01
2.280423692e+00,9.00297e-01,9.00299e-01,9.99999e-01,9.99997e-01
2.291825810e+00,8.13045e-01,8.13048e-01,9.99999e-01,9.99996e-01
2.303284939e+00,8.31080e-01,8.31083e-01,9.99999e-01,9.99995e-01
2.314801364e+00,7.28484e-01,7.28488e-01,9.99999e-01,9.99993e-01
2.326375371e+00,7.18495e-01,7.18501e-01,9.99999e-01,9.99991e-01
2.338007248e+00,6.85318e-01,6.85325e-01,9.99999e-01,9.99988e-01
2.349697284e+00,5.28702e-01,5.28710e-01,9.99999e-01,9.99985e-01
2.361445770e+00,5.92146e-01,5.92158e-01,9.99999e-01,9.99979e-01
2.373252999e+00,4.94523e-01,4.94537e-01,9.99999e-01,9.99971e-01
2.385119264e+00,3.00486e-01,3.00498e-01,9.99999e-01,9.99961e-01
2.397044861e+00,4.67347e-01,4.67374e-01,9.99999e-01,9.99941e-01
2.409030085e+00,2.50212e-01,2.50234e-01,9.99999e-01,9.99915e-01
2.421075235e+00,2.68642e-01,2.68673e-01,9.99999e-01,9.99883e-01
2.433180612e+00,1.46995e-01,1.47018e-01,9.99999e-01,9.99842e-01
2.445346515e+00,4.74384e-02,4.74484e-02,9.99999e-01,9.99789e-01
2.457573247e+00,2.32657e-02,2.32723e-02,9.99999e-01,9.99716e-01
2.469861113e+00,1.08525e-03,1.08566e-03,9.99999e-01,9.99616e-01
2.482210419e+00,2.61457e-06,2.61598e-06,9.99999e-01,9.99461e-01
2.494621471e+00,4.61982e-09,4.62335e-09,9.99999e-01,9.99236e-01
2.507094578e+00,5.51218e-16,5.51833e-16,9.99999e-01,9.98885e-01
2.519630051e+00,4.74275e-24,4.75048e-24,9.99999e-01,9.98372e-01
2.532228202e+00,4.07159e-32,4.08048e-32,9.99999e-01,9.97821e-01
2.544889343e+00,5.92786e-43,5.94441e-43,9.99999e-01,9.97215e-01
2.557613789e+00,4.56417e-42,4.57917e-42,9.99999e-01,9.96722e-01
2.570401858e+00,2.88044e-69,2.89069e-69,9.99999e-01,9.96454e-01
2.583253867e+00,8.47583e-59,8.50880e-59,9.99999e-01,9.96124e-01
2.596170137e+00,4.83224e-50,4.85133e-50,9.99999e-01,9.96064e-01
2.609150988e+00,2.35454e-35,2.36448e-35,9.99999e-01,9.95798e-01
2.622196742e+00,9.13322e-30,9.17281e-30,9.99999e-01,9.95683e-01
2.635307726e+00,6.56907e-14,6.59884e-14,9.99999e-01,9.95487e-01
2.648484265e+00,1.18132e-16,1.18744e-16,9.99999e-01,9.94847e-01
2.661726686e+00,5.42112e-29,5.45240e-29,9.99999e-01,9.94262e-01
2.675035320e+00,2.34177e-103,2.35460e-103,9.99999e-01,9.94552e-01
2.688410496e+00,1.23649e-50,1.24288e-50,9.99999e-01,9.94861e-01
2.701852549e+00,2.88309e-44,2.89657e-44,9.99999e-01,9.95347e-01
2.715361811e+00,6.22297e-44,6.25002e-44,9.99999e-01,9.95672e-01
2.728938620e+00,2.13130e-31,2.13950e-31,9.99999e-01,9.96164e-01
2.742583314e+00,1.38096e-33,1.38608e-33,9.99999e-01,9.96306e-01
2.756296230e+00,6.20088e-35,6.22295e-35,9.99999e-01,9.96453e-01
2.770077711e+00,1.43579e-47,1.44018e-47,9.99999e-01,9.96952e-01
2.783928100e+00,1.53168e-47,1.53596e-47,9.99999e-01,9.97212e-01
2.797847740e+00,2.82398e-36,2.83076e-36,9.99999e-01,9.97605e-01
2.811836979e+00,1.36091e-38,1.36351e-38,9.99999e-01,9.98092e-01
2.825896164e+00,1.98124e-33,1.98416e-33,9.99999e-01,9.98528e-01
2.840025645e+00,8.09427e-26,8.10369e-26,9.99999e-01,9.98836e-01
2.854225773e+00,8.12992e-23,8.13741e-23,9.99999e-01,9.99078e-01
2.868496902e+00,1.53773e-21,1.53875e-21,9.99999e-01,9.99336e-01
2.882839386e+00,3.16425e-17,3.16579e-17,9.99999e-01,9.99513e-01
2.897253583e+00,1.08056e-14,1.08098e-14,9.99999e-01,9.99609e-01
2.911739851e+00,3.80958e-10,3.81077e-10,9.99999e-01,9.99688e-01
2.926298550e+00,1.17486e-07,1.17514e-07,9.99999e-01,9.99764e-01
2.940930043e+00,1.87762e-07,1.87797e-07,9.99999e-01,9.99811e-01
2.955634693e+00,3.60429e-07,3.60485e-07,9.99999e-01,9.99843e-01
2.970412867e+00,8.26759e-07,8.26860e-07,9.99999e-01,9.99877e-01
2.985264931e+00,4.06399e-05,4.06439e-05,9.99999e-01,9.99901e-01
3.000191256e+00,1.07546e-04,1.07555e-04,9.99999e-01,9.99915e-01
3.015192212e+00,6.22302e-04,6.22344e-04,9.99999e-01,9.99932e-01
3.030268173e+00,2.15439e-03,2.15452e-03,9.99999e-01,9.99941e-01
3.045419514e+00,4.49983e-04,4.50007e-04,9.99999e-01,9.99946e-01
3.060646612e+00,9.91170e-03,9.91216e-03,9.99999e-01,9.99952e-01
3.075949845e+00,1.17332e-02,1.17337e-02,9.99999e-01,9.99955e-01
3.091329594e+00,8.27491e-03,8.27525e-03,9.99999e-01,9.99958e-01
3.106786242e+00,2.49711e-02,2.49720e-02,9.99999e-01,9.99961e-01
3.122320173e+00,4.05476e-02,4.05491e-02,9.99999e-01,9.99963e-01
3.137931774e+00,4.69028e-02,4.69044e-02,9.99999e-01,9.99965e-01
3.153621433e+00,1.30331e-01,1.30335e-01,9.99999e-01,9.99964e-01
3.169389540e+00,1.56378e-01,1.56384e-01,9.99999e-01,9.99960e-01
3.185236488e+00,1.04942e-01,1.04947e-01,9.99999e-01,9.99953e-01
3.201162670e+00,1.06804e-02,1.06809e-02,9.99999e-01,9.99951e-01
3.217168483e+00,3.87023e-02,3.87042e-02,9.99999e-01,9.99950e-01
3.233254326e+00,1.08469e-01,1.08474e-01,9.99999e-01,9.99951e-01
3.249420598e+00,2.15308e-01,2.15318e-01,9.99999e-01,9.99954e-01
3.265667701e+00,1.07115e-01,1.07120e-01,9.99999e-01,9.99956e-01
3.281996039e+00,1.69125e-01,1.69131e-01,9.99999e-01,9.99958e-01
3.298406019e+00,4.99952e-02,4.99971e-02,9.99999e-01,9.99961e-01
3.314898049e+00,4.16052e-02,4.16067e-02,9.99999e-01,9.99963e-01
3.331472540e+00,8.84730e-02,8.84759e-02,9.99999e-01,9.99966e-01
3.348129902e+00,7.68807e-02,7.68829e-02,9.99999e-01,9.99971e-01
3.364870552e+00,1.25838e-01,1.25841e-01,9.99999e-01,9.99976e-01
3.381694905e+00,1.56335e-01,1.56338e-01,9.99999e-01,9.99982e-01
3.398603379e+00,2.61723e-01,2.61726e-01,9.99999e-01,9.99986e-01
3.415596396e+00,3.70495e-01,3.70499e-01,9.99999e-01,9.99990e-01
3.432674378e+00,3.96274e-01,3.96277e-01,9.99999e-01,9.99992e-01
3.449837750e+00,5.30807e-01,5.30810e-01,9.99999e-01,9.99994e-01
3.467086939e+00,6.46100e-01,6.46102e-01,9.99999e-01,9.99995e-01
3.484422373e+00,6.64291e-01,6.64293e-01,9.99999e-01,9.99996e-01
3.501844485e+00,7.90143e-01,7.90146e-01,9.99999e-01,9.99996e-01
3.519353708e+00,8.21208e-01,8.21210e-01,9.99999e-01,9.99996e-01
3.536950476e+00,8.37170e-01,8.37172e-01,9.99999e-01,9.99996e-01
3.554635228e+00,8.96397e-01,8.96399e-01,9.99999e-01,9.99997e-01
3.572408405e+00,8.99824e-01,8.99826e-01,9.99999e-01,9.99997e-01
3.590270447e+00,9.29261e-01,9.29263e-01,9.99999e-01,9.99997e-01
3.608221799e+00,9.44625e-01,9.44627e-01,9.99999e-01,9.99997e-01
3.626262908e+00,9.52510e-01,9.52512e-01,9.99999e-01,9.99997e-01
3.644394222e+00,9.71303e-01,9.71305e-01,9.99999e-01,9.99997e-01
3.662616193e+00,9.52817e-01,9.52819e-01,9.99999e-01,9.99997e-01
3.680929274e+00,9.24630e-01,9.24631e-01,9.99999e-01,9.99997e-01
3.699333921e+00,9.63989e-01,9.63990e-01,9.99999e-01,9.99997e-01
3.717830590e+00,9.71759e-01,9.71761e-01,9.99999e-01,9.99997e-01
3.736419743e+00,9.67060e-01,9.67062e-01,9.99999e-01,9.99997e-01
3.755101842e+00,9.64671e-01,9.64673e-01,9.99999e-01,9.99997e-01
3.773877351e+00,9.70784e-01,9.70786e-01,9.99999e-01,9.99997e-01
3.792746738e+00,9.64842e-01,9.64844e-01,9.99999e-01,9.99997e-01
3.811710472e+00,9.56987e-01,9.56989e-01,9.99999e-01,9.99997e-01
3.830769024e+00,9.53637e-01,9.53639e-01,9.99999e-01,9.99997e-01
3.849922869e+00,9.32854e-01,9.32856e-01,9.99999e-01,9.99997e-01
3.869172484e+00,9.22247e-01,9.22248e-01,9.99999e-01,9.99997e-01
3.888518346e+00,9.55966e-01,9.55968e-01,9.99999e-01,9.99997e-01
3.907960938e+00,9.50887e-01,9.50889e-01,9.99999e-01,9.99997e-01
3.927500742e+00,7.28237e-01,7.28238e-01,9.99999e-01,9.99997e-01
3.947138246e+00,8.21213e-01,8.21215e-01,9.99999e-01,9.99997e-01
3.966873937e+00,6.05963e-01,6.05964e-01,9.99999e-01,9.99997e-01
3.986708307e+00,9.16149e-01,9.16151e-01,9.99999e-01,9.99997e-01
4.006641849e+00,9.69185e-01,9.69187e-01,9.99999e-01,9.99997e-01
4.026675058e+00,9.64429e-01,9.64431e-01,9.99999e-01,9.99997e-01
4.046808433e+00,9.57080e-01,9.57082e-01,9.99999e-01,9.99997e-01
4.067042475e+00,9.50740e-01,9.50742e-01,9.99999e-01,9.99997e-01
4.087377688e+00,9.47253e-01,9.47255e-01,9.99999e-01,9.99997e-01
4.107814576e+00,9.27749e-01,9.27751e-01,9.99999e-01,9.99997e-01
4.128353649e+00,8.88749e-01,8.88752e-01,9.99999e-01,9.99997e-01
4.148995417e+00,8.63383e-01,8.63385e-01,9.99999e-01,9.99997e-01
4.169740394e+00,7.91435e-01,7.91437e-01,9.99999e-01,9.99996e-01
4.190589096e+00,7.52123e-01,7.52125e-01,9.99999e-01,9.99996e-01
4.211542042e+00,6.38617e-01,6.38619e-01,9.99999e-01,9.99996e-01
4.232599752e+00,6.09109e-01,6.09111e-01,9.99999e-01,9.99996e-01
4.253762751e+00,5.34108e-01,5.34110e-01,9.99999e-01,9.99996e-01
4.275031564e+00,4.20469e-01,4.20471e-01,9.99999e-01,9.99996e-01
4.296406722e+00,3.21721e-01,3.21722e-01,9.99999e-01,9.99995e-01
4.317888756e+00,3.71228e-01,3.71230e-01,9.99999e-01,9.99995e-01
4.339478200e+00,2.87894e-01,2.87896e-01,9.99999e-01,9.99995e-01
4.361175591e+00,2.34249e-01,2.34250e-01,9.99999e-01,9.99994e-01
4.382981469e+00,2.36485e-01,2.36486e-01,9.99999e-01,9.99994e-01
4.404896376e+00,2.23197e-01,2.23199e-01,9.99999e-01,9.99993e-01
4.426920858e+00,1.31456e-01,1.31457e-01,9.99999e-01,9.99993e-01
4.449055462e+00,2.29540e-01,2.29541e-01,9.99999e-01,9.99992e-01
4.471300739e+00,1.51403e-01,1.51404e-01,9.99999e-01,9.99992e-01
4.493657243e+00,2.24364e-01,2.24366e-01,9.99999e-01,9.99991e-01
4.516125529e+00,1.00349e-01,1.00350e-01,9.99999e-01,9.99990e-01
4.538706157e+00,1.73174e-01,1.73176e-01,9.99999e-01,9.99989e-01
4.561399688e+00,1.54922e-01,1.54924e-01,9.99999e-01,9.99988e-01
4.584206686e+00,2.28239e-01,2.28242e-01,9.99999e-01,9.99986e-01
4.607127720e+00,1.45449e-01,1.45451e-01,9.99999e-01,9.99984e-01
4.630163358e+00,4.77535e-02,4.77543e-02,9.99999e-01,9.99982e-01
4.653314175e+00,4.32247e-02,4.32255e-02,9.99999e-01,9.99980e-01
4.676580746e+00,8.52726e-03,8.52745e-03,9.99999e-01,9.99977e-01
4.699963650e+00,3.46207e-02,3.46216e-02,9.99999e-01,9.99973e-01
4.723463468e+00,8.55981e-03,8.56007e-03,9.99999e-01,9.99968e-01
4.747080785e+00,5.80607e-02,5.80628e-02,9.99999e-01,9.99963e-01
4.770816189e+00,1.16578e-02,1.16583e-02,9.99999e-01,9.99956e-01
4.794670270e+00,4.09105e-03,4.09126e-03,9.99999e-01,9.99948e-01
4.818643622e+00,3.19561e-03,3.19581e-03,9.99999e-01,9.99938e-01
4.842736840e+00,7.67211e-04,7.67266e-04,9.99999e-01,9.99927e-01
4.866950524e+00,7.88740e-03,7.88808e-03,9.99999e-01,9.99914e-01
4.891285276e+00,3.40630e-04,3.40665e-04,9.99999e-01,9.99896e-01
4.915741703e+00,2.03819e-03,2.03843e-03,9.99999e-01,9.99879e-01
4.940320411e+00,2.58763e-04,2.58800e-04,9.99999e-01,9.99856e-01
4.965022013e+00,3.73658e-05,3.73720e-05,9.99999e-01,9.99833e-01
4.989847123e+00,2.52558e-04,2.52606e-04,9.99999e-01,9.99812e-01
5.014796359e+00,6.18156e-06,6.18290e-06,9.99999e-01,9.99782e-01
5.039870341e+00,2.19955e-05,2.20011e-05,9.99999e-01,9.99747e-01
5.065069693e+00,3.61445e-05,3.61554e-05,9.99999e-01,9.99698e-01
5.090395041e+00,3.76325e-07,3.76455e-07,9.99999e-01,9.99652e-01
5.115847016e+00,1.40806e-07,1.40863e-07,9.99999e-01,9.99595e-01
5.141426251e+00,9.74797e-10,9.75252e-10,9.99999e-01,9.99533e-01
5.167133383e+00,1.06679e-10,1.06735e-10,9.99999e-01,9.99470e-01
5.192969049e+00,1.03973e-10,1.04035e-10,9.99999e-01,9.99399e-01
5.218933895e+00,2.35142e-16,2.35299e-16,9.99999e-01,9.99332e-01
5.245028564e+00,1.92660e-12,1.92802e-12,9.99999e-01,9.99266e-01
5.271253707e+00,2.10193e-13,2.10366e-13,9.99999e-01,9.99175e-01
5.297609976e+00,1.58440e-15,1.58585e-15,9.99999e-01,9.99087e-01
5.324098025e+00,5.09633e-16,5.10140e-16,9.99999e-01,9.99006e-01
5.350718516e+00,2.28604e-19,2.28864e-19,9.99999e-01,9.98862e-01
5.377472108e+00,7.72698e-20,7.73634e-20,9.99999e-01,9.98789e-01
5.404359469e+00,7.51147e-20,7.52179e-20,9.99999e-01,9.98627e-01
5.431381266e+00,7.60332e-36,7.61457e-36,9.99999e-01,9.98523e-01
5.458538172e+00,5.35889e-36,5.36767e-36,9.99999e-01,9.98364e-01
5.485830863e+00,3.56607e-38,3.57258e-38,9.99999e-01,9.98175e-01
5.513260018e+00,2.63960e-40,2.64492e-40,9.99999e-01,9.97990e-01
5.540826318e+00,1.76100e-42,1.76494e-42,9.99999e-01,9.97764e-01
5.568530449e+00,6.64649e-66,6.66283e-66,9.99999e-01,9.97547e-01
5.596373101e+00,5.49722e-63,5.51224e-63,9.99999e-01,9.97275e-01
5.624354967e+00,8.97078e-57,8.99836e-57,9.99999e-01,9.96934e-01
5.652476742e+00,4.81386e-62,4.83001e-62,9.99999e-01,9.96655e-01
5.680739126e+00,2.19914e-71,2.20724e-71,9.99999e-01,9.96331e-01
5.709142821e+00,9.69734e-78,9.73621e-78,9.99999e-01,9.96007e-01
5.737688535e+00,3.07605e-75,3.08971e-75,9.99999e-01,9.95581e-01
5.766376978e+00,1.46320e-57,1.46997e-57,9.99999e-01,9.95396e-01
5.795208863e+00,2.21921e-52,2.23006e-52,9.99999e-01,9.95135e-01
5.824184907e+00,8.20144e-64,8.24383e-64,9.99999e-01,9.94858e-01
5.853305832e+00,1.30498e-62,1.31194e-62,9.99999e-01,9.94701e-01
5.882572361e+00,5.68243e-77,5.71354e-77,9.99999e-01,9.94555e-01
5.911985223e+00,9.49453e-74,9.54795e-74,9.99999e-01,9.94404e-01
5.941545149e+00,4.14958e-76,4.17306e-76,9.99999e-01,9.94373e-01
5.971252874e+00,9.87335e-66,9.93078e-66,9.99999e-01,9.94217e-01
6.001109139e+00,1.77339e-44,1.78389e-44,9.99999e-01,9.94115e-01
6.031114685e+00,4.84657e-49,4.87505e-49,9.99999e-01,9.94158e-01
6.061270258e+00,8.12358e-49,8.17026e-49,9.99999e-01,9.94286e-01
6.091576609e+00,2.76089e-41,2.77673e-41,9.99999e-01,9.94293e-01
6.122034492e+00,1.63319e-26,1.64257e-26,9.99999e-01,9.94286e-01
6.152644665e+00,4.17326e-27,4.19733e-27,9.99999e-01,9.94265e-01
6.183407888e+00,1.89641e-18,1.90736e-18,9.99999e-01,9.94262e-01
6.214324928e+00,1.38559e-12,1.39356e-12,9.99999e-01,9.94280e-01
6.245396552e+00,8.73820e-09,8.78880e-09,9.99999e-01,9.94242e-01
6.276623535e+00,3.14634e-09,3.16519e-09,9.99999e-01,9.94042e-01
6.308006653e+00,4.12948e-09,4.15564e-09,9.99999e-01,9.93704e-01
6.339546686e+00,6.18118e-19,6.22222e-19,9.99999e-01,9.93403e-01
6.371244419e+00,1.29136e-39,1.30011e-39,9.99999e-01,9.93268e-01
6.403100641e+00,1.55735e-55,1.56784e-55,9.99999e-01,9.93310e-01
6.435116145e+00,4.45779e-121,4.48765e-121,9.99999e-01,9.93345e-01
6.467291725e+00,9.11652e-122,9.17750e-122,9.99999e-01,9.93355e-01
6.499628184e+00,6.02016e-139,6.06023e-139,9.99999e-01,9.93386e-01
6.532126325e+00,1.29565e-122,1.30409e-122,9.99999e-01,9.93525e-01
6.564786956e+00,2.09267e-147,2.10548e-147,9.99999e-01,9.93914e-01
6.597610891e+00,1.40579e-198,1.41411e-198,9.99999e-01,9.94116e-01
6.630598946e+00,9.99564e-131,1.00530e-130,9.99999e-01,9.94291e-01
6.663751940e+00,9.05331e-122,9.10229e-122,9.99999e-01,9.94618e-01
6.697070700e+00,1.92637e-96,1.93604e-96,9.99999e-01,9.95004e-01
6.730556054e+00,3.31988e-66,3.33536e-66,9.99999e-01,9.95358e-01
6.764208834e+00,2.60271e-66,2.61395e-66,9.99999e-01,9.95699e-01
6.798029878e+00,4.34655e-81,4.36380e-81,9.99999e-01,9.96046e-01
6.832020027e+00,3.64349e-81,3.65747e-81,9.99999e-01,9.96177e-01
6.866180128e+00,3.48648e-93,3.49902e-93,9.99999e-01,9.96415e-01
6.900511028e+00,1.13882e-53,1.14257e-53,9.99999e-01,9.96712e-01
6.935013583e+00,1.80156e-53,1.80717e-53,9.99999e-01,9.96894e-01
6.969688651e+00,3.27006e-67,3.27960e-67,9.99999e-01,9.97090e-01
7.004537095e+00,4.16877e-66,4.18042e-66,9.99999e-01,9.97210e-01
7.039559780e+00,6.98452e-72,7.00397e-72,9.99999e-01,9.97223e-01
7.074757579e+00,1.51171e-56,1.51546e-56,9.99999e-01,9.97526e-01
7.110131367e+00,4.82563e-56,4.83670e-56,9.99999e-01,9.97709e-01
7.145682024e+00,7.94022e-63,7.95752e-63,9.99999e-01,9.97825e-01
7.181410434e+00,1.69532e-79,1.69868e-79,9.99999e-01,9.98020e-01
7.217317486e+00,6.17955e-59,6.19083e-59,9.99999e-01,9.98176e-01
7.253404073e+00,3.86999e-59,3.87652e-59,9.99999e-01,9.98317e-01
7.289671094e+00,6.61277e-52,6.62300e-52,9.99999e-01,9.98455e-01
7.326119449e+00,9.65353e-52,9.66696e-52,9.99999e-01,9.98609e-01
7.362750046e+00,4.99969e-38,5.00592e-38,9.99999e-01,9.98755e-01
7.399563797e+00,5.72304e-31,5.72946e-31,9.99999e-01,9.98879e-01
7.436561616e+00,5.73906e-34,5.74479e-34,9.99999e-01,9.99003e-01
7.473744424e+00,4.29423e-32,4.29798e-32,9.99999e-01,9.99126e-01
7.511113146e+00,1.54777e-27,1.54893e-27,9.99999e-01,9.99248e-01
7.548668712e+00,3.79196e-29,3.79446e-29,9.99999e-01,9.99341e-01
7.586412055e+00,1.07957e-51,1.08019e-51,9.99999e-01,9.99428e-01
7.624344115e+00,5.72561e-26,5.72841e-26,9.99999e-01,9.99512e-01
7.662465836e+00,4.01055e-16,4.01222e-16,9.99999e-01,9.99583e-01
7.700778165e+00,1.95140e-16,1.95209e-16,9.99999e-01,9.99645e-01
7.739282056e+00,2.95829e-26,2.95920e-26,9.99999e-01,9.99692e-01
7.777978466e+00,4.10055e-18,4.10163e-18,9.99999e-01,9.99736e-01
7.816868359e+00,5.65059e-15,5.65186e-15,9.99999e-01,9.99776e-01
7.855952700e+00,1.69599e-15,1.69632e-15,9.99999e-01,9.99804e-01
7.895232464e+00,1.77253e-15,1.77283e-15,9.99999e-01,9.99827e-01
7.934708626e+00,5.61998e-10,5.62083e-10,9.99999e-01,9.99847e-01
7.974382169e+00,3.26834e-07,3.26879e-07,9.99999e-01,9.99862e-01
8.014254080e+00,5.95532e-08,5.95606e-08,9.99999e-01,9.99875e-01
8.054325351e+00,1.32184e-07,1.32199e-07,9.99999e-01,9.99887e-01
8.094596977e+00,7.73273e-06,7.73352e-06,9.99999e-01,9.99897e-01
8.135069962e+00,7.77259e-06,7.77331e-06,9.99999e-01,9.99906e-01
8.175745312e+00,1.13155e-06,1.13165e-06,9.99999e-01,9.99913e-01
8.216624039e+00,6.63602e-05,6.63655e-05,9.99999e-01,9.99919e-01
8.257707159e+00,4.44060e-04,4.44093e-04,9.99999e-01,9.99924e-01
8.298995695e+00,4.38054e-03,4.38085e-03,9.99999e-01,9.99928e-01
8.340490673e+00,1.16813e-03,1.16821e-03,9.99999e-01,9.99932e-01
8.382193126e+00,9.32226e-03,9.32286e-03,9.99999e-01,9.99935e-01
8.424104092e+00,2.54643e-03,2.54659e-03,9.99999e-01,9.99938e-01
8.466224613e+00,7.34348e-03,7.34391e-03,9.99999e-01,9.99940e-01
8.508555736e+00,2.63241e-03,2.63256e-03,9.99999e-01,9.99942e-01
8.551098514e+00,4.79988e-02,4.80014e-02,9.99999e-01,9.99944e-01
8.593854007e+00,1.45802e-01,1.45810e-01,9.99999e-01,9.99945e-01
8.636823277e+00,1.76024e-01,1.76034e-01,9.99999e-01,9.99946e-01
8.680007393e+00,6.08165e-02,6.08197e-02,9.99999e-01,9.99947e-01
8.723407430e+00,1.08240e-01,1.08246e-01,9.99999e-01,9.99948e-01
8.767024467e+00,7.18391e-02,7.18427e-02,9.99999e-01,9.99949e-01
8.810859590e+00,8.17756e-02,8.17796e-02,9.99999e-01,9.99949e-01
8.854913888e+00,3.31769e-01,3.31785e-01,9.99999e-01,9.99950e-01
8.899188457e+00,2.78261e-01,2.78275e-01,9.99999e-01,9.99950e-01
8.943684399e+00,1.92904e-01,1.92913e-01,9.99999e-01,9.99950e-01
8.988402821e+00,1.72163e-01,1.72171e-01,9.99999e-01,9.99951e-01
9.033344836e+00,1.15340e-01,1.15346e-01,9.99999e-01,9.99951e-01
9.078511560e+00,1.97854e-01,1.97864e-01,9.99999e-01,9.99951e-01
9.123904118e+00,3.19192e-01,3.19208e-01,9.99999e-01,9.99951e-01
9.169523638e+00,2.41788e-01,2.41800e-01,9.99999e-01,9.99950e-01
9.215371256e+00,4.75253e-01,4.75276e-01,9.99999e-01,9.99950e-01
9.261448113e+00,4.43786e-01,4.43807e-01,9.99999e-01,9.99950e-01
9.307755353e+00,3.03739e-01,3.03754e-01,9.99999e-01,9.99950e-01
9.354294130e+00,2.35899e-01,2.35911e-01,9.99999e-01,9.99950e-01
9.401065601e+00,1.15784e-01,1.15789e-01,9.99999e-01,9.99949e-01
9.448070929e+00,1.77423e-01,1.77432e-01,9.99999e-01,9.99949e-01
9.495311283e+00,4.16719e-01,4.16740e-01,9.99999e-01,9.99948e-01
9.542787840e+00,5.23541e-01,5.23568e-01,9.99999e-01,9.99948e-01
9.590501779e+00,3.45665e-01,3.45683e-01,9.99999e-01,9.99947e-01
9.638454288e+00,3.54685e-01,3.54703e-01,9.99999e-01,9.99947e-01
9.686646559e+00,3.82161e-01,3.82181e-01,9.99999e-01,9.99946e-01
9.735079792e+00,4.86971e-01,4.86997e-01,9.99999e-01,9.99946e-01
9.783755191e+00,4.08878e-01,4.08900e-01,9.99999e-01,9.99945e-01
9.832673967e+00,1.41684e-01,1.41692e-01,9.99999e-01,9.99945e-01
9.881837337e+00,4.43008e-02,4.43032e-02,9.99999e-01,9.99944e-01
9.931246523e+00,2.66085e-01,2.66099e-01,9.99999e-01,9.99944e-01
9.980902756e+00,4.23148e-01,4.23171e-01,9.99999e-01,9.99943e-01
1.003080727e+01,4.25266e-01,4.25290e-01,9.99999e-01,9.99943e-01
1.008096131e+01,4.74947e-01,4.74974e-01,9.99999e-01,9.99942e-01
1.013136611e+01,5.65206e-01,5.65238e-01,9.99999e-01,9.99941e-01
1.018202294e+01,6.01884e-01,6.01919e-01,9.99999e-01,9.99941e-01
1.023293306e+01,4.06887e-01,4.06911e-01,9.99999e-01,9.99940e-01
1.028409772e+01,2.03277e-01,2.03289e-01,9.99999e-01,9.99939e-01
1.033551821e+01,1.74940e-01,1.74950e-01,9.99999e-01,9.99939e-01
1.038719580e+01,6.30166e-02,6.30205e-02,9.99999e-01,9.99938e-01
1.043913178e+01,7.04124e-02,7.04167e-02,9.99999e-01,9.99937e-01
1.049132744e+01,2.04467e-01,2.04479e-01,9.99999e-01,9.99937e-01
1.054378408e+01,3.00678e-01,3.00697e-01,9.99999e-01,9.99936e-01
1.059650300e+01,2.82180e-01,2.82198e-01,9.99999e-01,9.99935e-01
1.064948551e+01,2.46475e-01,2.46491e-01,9.99999e-01,9.99934e-01
1.070273294e+01,1.37404e-01,1.37413e-01,9.99999e-01,9.99932e-01
1.075624661e+01,1.54107e-01,1.54118e-01,9.99999e-01,9.99931e-01
1.081002784e+01,1.60336e-01,1.60347e-01,9.99999e-01,9.99930e-01
1.086407798e+01,4.79305e-02,4.79338e-02,9.99999e-01,9.99929e-01
1.091839837e+01,1.26537e-02,1.26546e-02,9.99999e-01,9.99927e-01
1.097299036e+01,1.18034e-03,1.18043e-03,9.99999e-01,9.99926e-01
1.102785531e+01,6.04175e-04,6.04220e-04,9.99999e-01,9.99925e-01
1.108299459e+01,2.57425e-02,2.57444e-02,9.99999e-01,9.99925e-01
1.113840956e+01,1.31191e-01,1.31201e-01,9.99999e-01,9.99924e-01
1.119410161e+01,2.04150e-01,2.04166e-01,9.99999e-01,9.99923e-01
1.125007212e+01,1.13908e-01,1.13917e-01,9.99999e-01,9.99921e-01
1.130632248e+01,8.85913e-02,8.85983e-02,9.99999e-01,9.99920e-01
1.136285409e+01,1.61692e-01,1.61705e-01,9.99999e-01,9.99919e-01
1.141966836e+01,1.90673e-01,1.90689e-01,9.99999e-01,9.99918e-01
1.147676670e+01,1.32480e-01,1.32491e-01,9.99999e-01,9.99917e-01
1.153415054e+01,2.99584e-02,2.99609e-02,9.99999e-01,9.99916e-01
1.159182129e+01,1.10791e-02,1.10801e-02,9.99999e-01,9.99915e-01
1.164978039e+01,8.41134e-04,8.41206e-04,9.99999e-01,9.99914e-01
1.170802930e+01,1.20166e-04,1.20177e-04,9.99999e-01,9.99912e-01
1.176656944e+01,3.90597e-03,3.90631e-03,9.99999e-01,9.99911e-01
1.182540229e+01,2.82831e-02,2.82856e-02,9.99999e-01,9.99910e-01
1.188452930e+01,2.91215e-02,2.91242e-02,9.99999e-01,9.99909e-01
1.194395195e+01,4.74844e-02,4.74888e-02,9.99999e-01,9.99907e-01
1.200367171e+01,9.02657e-02,9.02741e-02,9.99999e-01,9.99906e-01
1.206369007e+01,3.46266e-02,3.46299e-02,9.99999e-01,9.99904e-01
1.212400852e+01,8.42613e-02,8.42695e-02,9.99999e-01,9.99902e-01
1.218462856e+01,8.09776e-02,8.09856e-02,9.99999e-01,9.99901e-01
1.224555170e+01,6.72722e-03,6.72789e-03,9.99999e-01,9.99899e-01
1.230677946e+01,1.93918e-03,1.93937e-03,9.99999e-01,9.99897e-01
1.236831336e+01,8.32560e-05,8.32647e-05,9.99999e-01,9.99895e-01
1.243015492e+01,1.72076e-06,1.72095e-06,9.99999e-01,9.99893e-01
1.249230570e+01,3.15157e-06,3.15192e-06,9.99999e-01,9.99890e-01
1.255476723e+01,1.80070e-05,1.80090e-05,9.99999e-01,9.99888e-01
1.261754106e+01,2.75758e-03,2.75790e-03,9.99999e-01,9.99885e-01
1.268062877e+01,1.43635e-02,1.43651e-02,9.99999e-01,9.99883e-01
1.274403191e+01,8.46668e-03,8.46769e-03,9.99999e-01,9.99880e-01
1.280775207e+01,2.35832e-02,2.35861e-02,9.99999e-01,9.99877e-01
1.287179083e+01,6.84768e-03,6.84853e-03,9.99999e-01,9.99874e-01
1.293614979e+01,1.20695e-02,1.20711e-02,9.99999e-01,9.99871e-01
1.300083054e+01,6.96188e-04,6.96279e-04,9.99999e-01,9.99868e-01
1.306583469e+01,6.82386e-04,6.82478e-04,9.99999e-01,9.99864e-01
1.313116386e+01,4.38963e-04,4.39024e-04,9.99999e-01,9.99861e-01
1.319681968e+01,2.01420e-04,2.01449e-04,9.99999e-01,9.99857e-01
1.326280378e+01,7.25451e-07,7.25556e-07,9.99999e-01,9.99854e-01
1.332911780e+01,1.19970e-06,1.19988e-06,9.99999e-01,9.99850e-01
1.339576339e+01,3.19087e-07,3.19136e-07,9.99999e-01,9.99845e-01
1.346274221e+01,2.53538e-10,2.53578e-10,9.99999e-01,9.99841e-01
1.353005592e+01,1.16000e-05,1.16019e-05,9.99999e-01,9.99837e-01
1.359770620e+01,3.98107e-05,3.98174e-05,9.99999e-01,9.99832e-01
1.366569473e+01,2.82386e-05,2.82435e-05,9.99999e-01,9.99826e-01
1.373402320e+01,5.71856e-04,5.71958e-04,9.99999e-01,9.99821e-01
1.380269332e+01,1.22181e-03,1.22204e-03,9.99999e-01,9.99816e-01
1.387170678e+01,1.12868e-04,1.12889e-04,9.99999e-01,9.99810e-01
1.394106532e+01,3.08661e-05,3.08721e-05,9.99999e-01,9.99804e-01
1.401077064e+01,2.51431e-06,2.51482e-06,9.99999e-01,9.99798e-01
1.408082450e+01,3.14330e-06,3.14395e-06,9.99999e-01,9.99792e-01
1.415122862e+01,6.86491e-09,6.86638e-09,9.99999e-01,9.99785e-01
1.422198476e+01,1.26559e-11,1.26587e-11,9.99999e-01,9.99778e-01
1.429309469e+01,6.56505e-11,6.56655e-11,9.99999e-01,9.99771e-01
1.436456016e+01,1.51009e-13,1.51044e-13,9.99999e-01,9.99764e-01
1.443638296e+01,2.46764e-15,2.46824e-15,9.99999e-01,9.99756e-01
1.450856487e+01,3.61554e-11,3.61645e-11,9.99999e-01,9.99748e-01
1.458110770e+01,6.18627e-08,6.18787e-08,9.99999e-01,9.99739e-01
1.465401324e+01,5.24765e-07,5.24906e-07,9.99999e-01,9.99731e-01
1.472728330e+01,5.79467e-07,5.79628e-07,9.99999e-01,9.99721e-01
1.480091972e+01,2.91518e-08,2.91602e-08,9.99999e-01,9.99712e-01
1.487492432e+01,3.48730e-13,3.48834e-13,9.99999e-01,9.99702e-01
1.494929894e+01,8.37658e-11,8.37916e-11,9.99999e-01,9.99691e-01
1.502404544e+01,1.08990e-08,1.09025e-08,9.99999e-01,9.99680e-01
1.509916566e+01,2.69822e-08,2.69911e-08,9.99999e-01,9.99669e-01
1.517466149e+01,2.20483e-09,2.20558e-09,9.99999e-01,9.99657e-01
1.525053480e+01,3.51492e-08,3.51617e-08,9.99999e-01,9.99644e-01
1.532678747e+01,5.06193e-10,5.06380e-10,9.99999e-01,9.99631e-01
1.540342141e+01,4.66458e-12,4.66636e-12,9.99999e-01,9.99618e-01
1.548043852e+01,1.99012e-13,1.99091e-13,9.99999e-01,9.99603e-01
1.555784071e+01,3.37020e-17,3.37158e-17,9.99999e-01,9.99589e-01
1.563562991e+01,1.47168e-24,1.47231e-24,9.99999e-01,9.99574e-01
1.571380806e+01,4.67274e-25,4.67480e-25,9.99999e-01,9.99558e-01
1.579237710e+01,1.47995e-18,1.48062e-18,9.99999e-01,9.99541e-01
1.587133899e+01,1.14063e-15,1.14117e-15,9.99999e-01,9.99525e-01
1.595069568e+01,1.47465e-17,1.47538e-17,9.99999e-01,9.99506e-01
1.603044916e+01,2.19235e-23,2.19347e-23,9.99999e-01,9.99487e-01
1.611060141e+01,5.50190e-23,5.50483e-23,9.99999e-01,9.99467e-01
1.619115441e+01,5.36820e-22,5.37117e-22,9.99999e-01,9.99446e-01
1.627211019e+01,9.68246e-25,9.68803e-25,9.99999e-01,9.99424e-01
1.635347074e+01,1.56026e-22,1.56119e-22,9.99999e-01,9.99402e-01
1.643523809e+01,6.25930e-23,6.26319e-23,9.99999e-01,9.99379e-01
1.651741428e+01,7.88468e-25,7.88977e-25,9.99999e-01,9.99354e-01
1.660000135e+01,5.24937e-31,5.25289e-31,9.99999e-01,9.99330e-01
1.668300136e+01,7.39591e-32,7.40105e-32,9.99999e-01,9.99305e-01
1.676641637e+01,6.90978e-28,6.91476e-28,9.99999e-01,9.99278e-01
1.685024845e+01,7.10264e-29,7.10796e-29,9.99999e-01,9.99252e-01
1.693449969e+01,1.60912e-35,1.61037e-35,9.99999e-01,9.99225e-01
1.701917219e+01,2.98643e-38,2.98883e-38,9.99999e-01,9.99195e-01
1.710426805e+01,7.42624e-49,7.43244e-49,9.99999e-01,9.99165e-01
1.718978939e+01,4.22841e-53,4.23207e-53,9.99999e-01,9.99135e-01
1.727573834e+01,3.50937e-54,3.51253e-54,9.99999e-01,9.99102e-01
1.736211703e+01,2.76589e-58,2.76847e-58,9.99999e-01,9.99066e-01
1.744892761e+01,3.37765e-50,3.38092e-50,9.99999e-01,9.99031e-01
1.753617225e+01,2.13191e-40,2.13405e-40,9.99999e-01,9.98995e-01
1.762385311e+01,2.50796e-39,2.51058e-39,9.99999e-01,9.98956e-01
1.771197238e+01,2.75111e-42,2.75409e-42,9.99999e-01,9.98916e-01
1.780053224e+01,1.85584e-45,1.85793e-45,9.99999e-01,9.98876e-01
1.788953490e+01,1.85342e-49,1.85558e-49,9.99999e-01,9.98834e-01
1.797898258e+01,4.77659e-56,4.78239e-56,9.99999e-01,9.98787e-01
1.806887749e+01,1.70878e-57,1.71093e-57,9.99999e-01,9.98740e-01
1.815922188e+01,2.25382e-76,2.25676e-76,9.99999e-01,9.98693e-01
1.825001799e+01,1.95987e-57,1.96254e-57,9.99999e-01,9.98640e-01
1.834126808e+01,2.41471e-55,2.41813e-55,9.99999e-01,9.98586e-01
1.843297442e+01,8.28979e-56,8.30197e-56,9.99999e-01,9.98531e-01
1.852513929e+01,1.19500e-74,1.19682e-74,9.99999e-01,9.98476e-01
1.861776499e+01,4.71092e-90,4.71839e-90,9.99999e-01,9.98416e-01
1.871085381e+01,4.05437e-71,4.06105e-71,9.99999e-01,9.98356e-01
1.880440808e+01,2.30999e-60,2.31393e-60,9.99999e-01,9.98295e-01
1.889843012e+01,4.01919e-61,4.02631e-61,9.99999e-01,9.98231e-01
1.899292227e+01,6.25382e-85,6.26532e-85,9.99999e-01,9.98162e-01
1.908788688e+01,5.35232e-81,5.36254e-81,9.99999e-01,9.98093e-01
1.918332632e+01,1.59077e-81,1.59392e-81,9.99999e-01,9.98024e-01
1.927924295e+01,1.28223e-100,1.28486e-100,9.99999e-01,9.97952e-01
1.937563916e+01,5.05521e-156,5.06596e-156,9.99999e-01,9.97877e-01
1.947251736e+01,5.80943e-159,5.82222e-159,9.99999e-01,9.97803e-01
1.956987994e+01,2.98858e-152,2.99538e-152,9.99999e-01,9.97728e-01
1.966772934e+01,2.56215e-125,2.56820e-125,9.99999e-01,9.97642e-01
1.976606799e+01,9.72441e-123,9.74827e-123,9.99999e-01,9.97551e-01
1.986489833e+01,7.75774e-131,7.77749e-131,9.99999e-01,9.97460e-01
1.996422282e+01,2.58526e-122,2.59208e-122,9.99999e-01,9.97368e-01
