#,Wave/freq,Total,N2,O2,CO2,Rayleigh,CIA
4.000000000e-01,9.90241e-05,9.99999e-01,9.99999e-01,9.99999e-01,9.90241e-05,9.99999e-01
4.020000000e-01,1.18828e-04,9.99999e-01,9.99999e-01,9.99999e-01,1.18828e-04,9.99999e-01
4.040100000e-01,1.42052e-04,9.99999e-01,9.99999e-01,9.99999e-01,1.42052e-04,9.99999e-01
4.060300500e-01,1.69218e-04,9.99999e-01,9.99999e-01,9.99999e-01,1.69218e-04,9.99999e-01
4.080602003e-01,2.00883e-04,9.99999e-01,9.99999e-01,9.99999e-01,2.00883e-04,9.99999e-01
4.101005013e-01,2.37668e-04,9.99999e-01,9.99999e-01,9.99999e-01,2.37668e-04,9.99999e-01
4.121510038e-01,2.80255e-04,9.99999e-01,9.99999e-01,9.99999e-01,2.80255e-04,9.99999e-01
4.142117588e-01,3.29400e-04,9.99999e-01,9.99999e-01,9.99999e-01,3.29400e-04,9.99999e-01
4.162828176e-01,3.85928e-04,9.99999e-01,9.99999e-01,9.99999e-01,3.85928e-04,9.99999e-01
4.183642317e-01,4.50746e-04,9.99999e-01,9.99999e-01,9.99999e-01,4.50746e-04,9.99999e-01
4.204560528e-01,5.24838e-04,9.99999e-01,9.99999e-01,9.99999e-01,5.24838e-04,9.99999e-01
4.225583331e-01,6.09274e-04,9.99999e-01,9.99999e-01,9.99999e-01,6.09274e-04,9.99999e-01
4.246711247e-01,7.05213e-04,9.99999e-01,9.99999e-01,9.99999e-01,7.05213e-04,9.99999e-01
4.267944804e-01,8.13905e-04,9.99999e-01,9.99999e-01,9.99999e-01,8.13905e-04,9.99999e-01
4.289284528e-01,9.36694e-04,9.99999e-01,9.99999e-01,9.99999e-01,9.36694e-04,9.99999e-01
4.310730950e-01,1.07502e-03,9.99999e-01,9.99999e-01,9.99999e-01,1.07502e-03,9.99999e-01
4.332284605e-01,1.23042e-03,9.99999e-01,9.99999e-01,9.99999e-01,1.23042e-03,9.99999e-01
4.353946028e-01,1.40453e-03,9.99999e-01,9.99999e-01,9.99999e-01,1.40453e-03,9.99999e-01
4.375715758e-01,1.59910e-03,9.99999e-01,9.99999e-01,9.99999e-01,1.59910e-03,9.99999e-01
4.397594337e-01,1.81596e-03,9.99999e-01,9.99999e-01,9.99999e-01,1.81596e-03,9.99999e-01
4.419582309e-01,2.05705e-03,9.99999e-01,9.99999e-01,9.99999e-01,2.05705e-03,9.99999e-01
4.441680220e-01,2.32442e-03,9.99999e-01,9.99999e-01,9.99999e-01,2.32442e-03,9.99999e-01
4.463888621e-01,2.62021e-03,9.99999e-01,9.99999e-01,9.99999e-01,2.62021e-03,9.99999e-01
4.486208064e-01,2.94667e-03,9.99999e-01,9.99999e-01,9.99999e-01,2.94667e-03,9.99999e-01
4.508639105e-01,3.30611e-03,9.99999e-01,9.99999e-01,9.99999e-01,3.30611e-03,9.99999e-01
4.531182300e-01,3.70099e-03,9.99999e-01,9.99999e-01,9.99999e-01,3.70099e-03,9.99999e-01
4.553838212e-01,4.13380e-03,9.99999e-01,9.99999e-01,9.99999e-01,4.13380e-03,9.99999e-01
4.576607403e-01,4.60715e-03,9.99999e-01,9.99999e-01,9.99999e-01,4.60715e-03,9.99999e-01
4.599490440e-01,5.12372e-03,9.99999e-01,9.99999e-01,9.99999e-01,5.12372e-03,9.99999e-01
4.622487892e-01,5.68626e-03,9.99999e-01,9.99999e-01,9.99999e-01,5.68626e-03,9.99999e-01
4.645600332e-01,6.29759e-03,9.99999e-01,9.99999e-01,9.99999e-01,6.29759e-03,9.99999e-01
4.668828333e-01,6.96059e-03,9.99999e-01,9.99999e-01,9.99999e-01,6.96059e-03,9.99999e-01
4.692172475e-01,7.67820e-03,9.99999e-01,9.99999e-01,9.99999e-01,7.67820e-03,9.99999e-01
4.715633337e-01,8.45338e-03,9.99999e-01,9.99999e-01,9.99999e-01,8.45338e-03,9.99999e-01
4.739211504e-01,9.28917e-03,9.99999e-01,9.99999e-01,9.99999e-01,9.28917e-03,9.99999e-01
4.762907561e-01,1.01886e-02,9.99999e-01,9.99999e-01,9.99999e-01,1.01886e-02,9.99999e-01
4.786722099e-01,1.11547e-02,9.99999e-01,9.99999e-01,9.99999e-01,1.11547e-02,9.99999e-01
4.810655710e-01,1.21906e-02,9.99999e-01,9.99999e-01,9.99999e-01,1.21906e-02,9.99999e-01
4.834708988e-01,1.32994e-02,9.99999e-01,9.99999e-01,9.99999e-01,1.32994e-02,9.99999e-01
4.858882533e-01,1.44841e-02,9.99999e-01,9.99999e-01,9.99999e-01,1.44841e-02,9.99999e-01
4.883176946e-01,1.57477e-02,9.99999e-01,9.99999e-01,9.99999e-01,1.57477e-02,9.99999e-01
4.907592831e-01,1.70934e-02,9.99999e-01,9.99999e-01,9.99999e-01,1.70934e-02,9.99999e-01
4.932130795e-01,1.85239e-02,9.99999e-01,9.99999e-01,9.99999e-01,1.85239e-02,9.99999e-01
4.956791449e-01,2.00424e-02,9.99999e-01,9.99999e-01,9.99999e-01,2.00424e-02,9.99999e-01
4.981575406e-01,2.16516e-02,9.99999e-01,9.99999e-01,9.99999e-01,2.16516e-02,9.99999e-01
5.006483283e-01,2.33544e-02,9.99999e-01,9.99999e-01,9.99999e-01,2.33544e-02,9.99999e-01
5.031515699e-01,2.51535e-02,9.99999e-01,9.99999e-01,9.99999e-01,2.51535e-02,9.99999e-01
5.056673278e-01,2.70514e-02,9.99999e-01,9.99999e-01,9.99999e-01,2.70514e-02,9.99999e-01
5.081956644e-01,2.90508e-02,9.99999e-01,9.99999e-01,9.99999e-01,2.90508e-02,9.99999e-01
5.107366428e-01,3.11540e-02,9.99999e-01,9.99999e-01,9.99999e-01,3.11540e-02,9.99999e-01
5.132903260e-01,3.33635e-02,9.99999e-01,9.99999e-01,9.99999e-01,3.33635e-02,9.99999e-01
5.158567776e-01,3.56813e-02,9.99999e-01,9.99999e-01,9.99999e-01,3.56813e-02,9.99999e-01
5.184360615e-01,3.81095e-02,9.99999e-01,9.99999e-01,9.99999e-01,3.81095e-02,9.99999e-01
5.210282418e-01,4.06501e-02,9.99999e-01,9.99999e-01,9.99999e-01,4.06501e-02,9.99999e-01
5.236333830e-01,4.33048e-02,9.99999e-01,9.99999e-01,9.99999e-01,4.33048e-02,9.99999e-01
5.262515499e-01,4.60752e-02,9.99999e-01,9.99999e-01,9.99999e-01,4.60752e-02,9.99999e-01
5.288828077e-01,4.89629e-02,9.99999e-01,9.99999e-01,9.99999e-01,4.89629e-02,9.99999e-01
5.315272217e-01,5.19692e-02,9.99999e-01,9.99999e-01,9.99999e-01,5.19692e-02,9.99999e-01
5.341848578e-01,5.50951e-02,9.99999e-01,9.99999e-01,9.99999e-01,5.50951e-02,9.99999e-01
5.368557821e-01,5.83417e-02,9.99999e-01,9.99999e-01,9.99999e-01,5.83417e-02,9.99999e-01
5.395400610e-01,6.17098e-02,9.99999e-01,9.99999e-01,9.99999e-01,6.17098e-02,9.99999e-01
5.422377613e-01,6.52000e-02,9.99999e-01,9.99999e-01,9.99999e-01,6.52000e-02,9.99999e-01
5.449489501e-01,6.88128e-02,9.99999e-01,9.99999e-01,9.99999e-01,6.88128e-02,9.99999e-01
5.476736949e-01,7.25484e-02,9.99999e-01,9.99999e-01,9.99999e-01,7.25484e-02,9.99999e-01
5.504120634e-01,7.64070e-02,9.99999e-01,9.99999e-01,9.99999e-01,7.64070e-02,9.99999e-01
5.531641237e-01,8.03886e-02,9.99999e-01,9.99999e-01,9.99999e-01,8.03886e-02,9.99999e-01
5.559299443e-01,8.44927e-02,9.99999e-01,9.99999e-01,9.99999e-01,8.44927e-02,9.99999e-01
5.587095940e-01,8.87191e-02,9.99999e-01,9.99999e-01,9.99999e-01,8.87191e-02,9.99999e-01
5.615031420e-01,9.30672e-02,9.99999e-01,9.99999e-01,9.99999e-01,9.30672e-02,9.99999e-01
5.643106577e-01,9.75361e-02,9.99999e-01,9.99999e-01,9.99999e-01,9.75361e-02,9.99999e-01
5.671322110e-01,1.02125e-01,9.99999e-01,9.99999e-01,9.99999e-01,1.02125e-01,9.99999e-01
5.699678720e-01,1.06833e-01,9.99999e-01,9.99999e-01,9.99999e-01,1.06833e-01,9.99999e-01
5.728177114e-01,1.11658e-01,9.99999e-01,9.99999e-01,9.99999e-01,1.11658e-01,9.99999e-01
5.756818000e-01,1.16599e-01,9.99999e-01,9.99999e-01,9.99999e-01,1.16599e-01,9.99999e-01
5.785602090e-01,1.21655e-01,9.99999e-01,9.99999e-01,9.99999e-01,1.21655e-01,9.99999e-01
5.814530100e-01,1.26824e-01,9.99999e-01,9.99999e-01,9.99999e-01,1.26824e-01,9.99999e-01
5.843602750e-01,1.32104e-01,9.99999e-01,9.99999e-01,9.99999e-01,1.32104e-01,9.99999e-01
5.872820764e-01,1.37493e-01,9.99999e-01,9.99999e-01,9.99999e-01,1.37493e-01,9.99999e-01
5.902184868e-01,1.42989e-01,9.99999e-01,9.99999e-01,9.99999e-01,1.42989e-01,9.99999e-01
5.931695792e-01,1.48589e-01,9.99999e-01,9.99999e-01,9.99999e-01,1.48589e-01,9.99999e-01
5.961354271e-01,1.54291e-01,9.99999e-01,9.99999e-01,9.99999e-01,1.54291e-01,9.99999e-01
5.991161043e-01,1.60093e-01,9.99999e-01,9.99999e-01,9.99999e-01,1.60093e-01,9.99999e-01
6.021116848e-01,1.65993e-01,9.99999e-01,9.99999e-01,9.99999e-01,1.65993e-01,9.99999e-01
6.051222432e-01,1.71986e-01,9.99999e-01,9.99999e-01,9.99999e-01,1.71986e-01,9.99999e-01
6.081478544e-01,1.78072e-01,9.99999e-01,9.99999e-01,9.99999e-01,1.78072e-01,9.99999e-01
6.111885937e-01,1.84246e-01,9.99999e-01,9.99999e-01,9.99999e-01,1.84246e-01,9.99999e-01
6.142445367e-01,1.90506e-01,9.99999e-01,9.99999e-01,9.99999e-01,1.90506e-01,9.99999e-01
6.173157594e-01,1.96848e-01,9.99999e-01,9.99999e-01,9.99999e-01,1.96848e-01,9.99999e-01
6.204023382e-01,2.03270e-01,9.99999e-01,9.99999e-01,9.99999e-01,2.03270e-01,9.99999e-01
6.235043498e-01,2.09769e-01,9.99999e-01,9.99999e-01,9.99999e-01,2.09769e-01,9.99999e-01
6.266218716e-01,2.16341e-01,9.99999e-01,9.99999e-01,9.99999e-01,2.16341e-01,9.99999e-01
6.297549810e-01,2.22983e-01,9.99999e-01,9.99999e-01,9.99999e-01,2.22983e-01,9.99999e-01
6.329037559e-01,2.29691e-01,9.99999e-01,9.99999e-01,9.99999e-01,2.29691e-01,9.99999e-01
6.360682746e-01,2.36463e-01,9.99999e-01,9.99999e-01,9.99999e-01,2.36463e-01,9.99999e-01
6.392486160e-01,2.43295e-01,9.99999e-01,9.99999e-01,9.99999e-01,2.43295e-01,9.99999e-01
6.424448591e-01,2.50184e-01,9.99999e-01,9.99999e-01,9.99999e-01,2.50184e-01,9.99999e-01
6.456570834e-01,2.57125e-01,9.99999e-01,9.99999e-01,9.99999e-01,2.57125e-01,9.99999e-01
6.488853688e-01,2.64117e-01,9.99999e-01,9.99999e-01,9.99999e-01,2.64117e-01,9.99999e-01
6.521297956e-01,2.71154e-01,9.99999e-01,9.99999e-01,9.99999e-01,2.71154e-01,9.99999e-01
6.553904446e-01,2.78235e-01,9.99999e-01,9.99999e-01,9.99999e-01,2.78235e-01,9.99999e-01
6.586673968e-01,2.85356e-01,9.99999e-01,9.99999e-01,9.99999e-01,2.85356e-01,9.99999e-01
6.619607338e-01,2.92512e-01,9.99999e-01,9.99999e-01,9.99999e-01,2.92512e-01,9.99999e-01
6.652705375e-01,2.99701e-01,9.99999e-01,9.99999e-01,9.99999e-01,2.99701e-01,9.99999e-01
6.685968902e-01,3.06920e-01,9.99999e-01,9.99999e-01,9.99999e-01,3.06920e-01,9.99999e-01
6.719398746e-01,3.14165e-01,9.99999e-01,9.99999e-01,9.99999e-01,3.14165e-01,9.99999e-01
6.752995740e-01,3.21433e-01,9.99999e-01,9.99999e-01,9.99999e-01,3.21433e-01,9.99999e-01
6.786760719e-01,3.28720e-01,9.99999e-01,9.99999e-01,9.99999e-01,3.28720e-01,9.99999e-01
6.820694522e-01,3.36024e-01,9.99999e-01,9.99999e-01,9.99999e-01,3.36024e-01,9.99999e-01
6.854797995e-01,3.43341e-01,9.99999e-01,9.99999e-01,9.99999e-01,3.43341e-01,9.99999e-01
6.889071985e-01,3.50668e-01,9.99999e-01,9.99999e-01,9.99999e-01,3.50668e-01,9.99999e-01
6.923517345e-01,3.58002e-01,9.99999e-01,9.99999e-01,9.99999e-01,3.58002e-01,9.99999e-01
6.958134932e-01,3.65340e-01,9.99999e-01,9.99999e-01,9.99999e-01,3.65340e-01,9.99999e-01
6.992925606e-01,3.72679e-01,9.99999e-01,9.99999e-01,9.99999e-01,3.72679e-01,9.99999e-01
7.027890234e-01,3.80017e-01,9.99999e-01,9.99999e-01,9.99999e-01,3.80017e-01,9.99999e-01
7.063029686e-01,3.87349e-01,9.99999e-01,9.99999e-01,9.99999e-01,3.87349e-01,9.99999e-01
7.098344834e-01,3.94674e-01,9.99999e-01,9.99999e-01,9.99999e-01,3.94674e-01,9.99999e-01
7.133836558e-01,4.01989e-01,9.99999e-01,9.99999e-01,9.99999e-01,4.01989e-01,9.99999e-01
7.169505741e-01,4.09290e-01,9.99999e-01,9.99999e-01,9.99999e-01,4.09290e-01,9.99999e-01
7.205353270e-01,4.16576e-01,9.99999e-01,9.99999e-01,9.99999e-01,4.16576e-01,9.99999e-01
7.241380036e-01,4.23845e-01,9.99999e-01,9.99999e-01,9.99999e-01,4.23845e-01,9.99999e-01
7.277586936e-01,4.31092e-01,9.99999e-01,9.99999e-01,9.99999e-01,4.31092e-01,9.99999e-01
7.313974871e-01,4.38317e-01,9.99999e-01,9.99999e-01,9.99999e-01,4.38317e-01,9.99999e-01
7.350544745e-01,4.45517e-01,9.99999e-01,9.99999e-01,9.99999e-01,4.45517e-01,9.99999e-01
7.387297469e-01,4.52689e-01,9.99999e-01,9.99999e-01,9.99999e-01,4.52689e-01,9.99999e-01
7.424233956e-01,4.59831e-01,9.99999e-01,9.99999e-01,9.99999e-01,4.59831e-01,9.99999e-01
7.461355126e-01,4.66942e-01,9.99999e-01,9.99999e-01,9.99999e-01,4.66942e-01,9.99999e-01
7.498661902e-01,4.74019e-01,9.99999e-01,9.99999e-01,9.99999e-01,4.74019e-01,9.99999e-01
7.536155211e-01,4.81061e-01,9.99999e-01,9.99999e-01,9.99999e-01,4.81061e-01,9.99999e-01
7.573835987e-01,4.88064e-01,9.99999e-01,9.99999e-01,9.99999e-01,4.88064e-01,9.99999e-01
7.611705167e-01,4.95029e-01,9.99999e-01,9.99999e-01,9.99999e-01,4.95029e-01,9.99999e-01
7.649763693e-01,5.01952e-01,9.99999e-01,9.99999e-01,9.99999e-01,5.01952e-01,9.99999e-01
7.688012511e-01,5.08833e-01,9.99999e-01,9.99999e-01,9.99999e-01,5.08833e-01,9.99999e-01
7.726452574e-01,5.15669e-01,9.99999e-01,9.99999e-01,9.99999e-01,5.15669e-01,9.99999e-01
7.765084837e-01,5.22459e-01,9.99999e-01,9.99999e-01,9.99999e-01,5.22459e-01,9.99999e-01
7.803910261e-01,5.13859e-01,9.99999e-01,9.99999e-01,9.71007e-01,5.29202e-01,9.99999e-01
7.842929812e-01,4.69046e-01,9.99999e-01,9.99999e-01,8.75255e-01,5.35896e-01,9.99999e-01
7.882144461e-01,4.70662e-01,9.99999e-01,9.99999e-01,8.67514e-01,5.42540e-01,9.99999e-01
7.921555184e-01,5.05633e-01,9.99999e-01,9.99999e-01,9.20784e-01,5.49133e-01,9.99999e-01
7.961162960e-01,5.25669e-01,9.99999e-01,9.99999e-01,9.46004e-01,5.55673e-01,9.99999e-01
8.000968774e-01,5.45523e-01,9.99999e-01,9.99999e-01,9.70404e-01,5.62160e-01,9.99999e-01
8.040973618e-01,5.59788e-01,9.99999e-01,9.99999e-01,9.84516e-01,5.68592e-01,9.99999e-01
8.081178486e-01,5.70879e-01,9.99999e-01,9.99999e-01,9.92886e-01,5.74968e-01,9.99999e-01
8.121584379e-01,5.80001e-01,9.99999e-01,9.99999e-01,9.97784e-01,5.81288e-01,9.99999e-01
8.162192301e-01,5.87263e-01,9.99999e-01,9.99999e-01,9.99510e-01,5.87551e-01,9.99999e-01
8.203003262e-01,5.93750e-01,9.99999e-01,9.99999e-01,9.99991e-01,5.93755e-01,9.99999e-01
8.244018279e-01,5.99900e-01,9.99999e-01,9.99999e-01,9.99999e-01,5.99900e-01,9.99999e-01
8.285238370e-01,6.05986e-01,9.99999e-01,9.99999e-01,9.99999e-01,6.05986e-01,9.99999e-01
8.326664562e-01,6.12011e-01,9.99999e-01,9.99999e-01,9.99999e-01,6.12011e-01,9.99999e-01
8.368297885e-01,6.17976e-01,9.99999e-01,9.99999e-01,9.99999e-01,6.17976e-01,9.99999e-01
8.410139374e-01,6.23879e-01,9.99999e-01,9.99999e-01,9.99999e-01,6.23879e-01,9.99999e-01
8.452190071e-01,6.29720e-01,9.99999e-01,9.99999e-01,9.99999e-01,6.29720e-01,9.99999e-01
8.494451021e-01,6.35499e-01,9.99999e-01,9.99999e-01,9.99999e-01,6.35499e-01,9.99999e-01
8.536923276e-01,6.41215e-01,9.99999e-01,9.99999e-01,9.99999e-01,6.41215e-01,9.99999e-01
8.579607893e-01,6.46869e-01,9.99999e-01,9.99999e-01,9.99999e-01,6.46869e-01,9.99999e-01
8.622505932e-01,6.52459e-01,9.99999e-01,9.99999e-01,9.99999e-01,6.52459e-01,9.99999e-01
8.665618462e-01,6.13912e-01,9.99999e-01,9.99999e-01,9.33018e-01,6.57985e-01,9.99999e-01
8.708946554e-01,4.73016e-01,9.99999e-01,9.99999e-01,7.12965e-01,6.63448e-01,9.99999e-01
8.752491287e-01,5.09286e-01,9.99999e-01,9.99999e-01,7.61439e-01,6.68846e-01,9.99999e-01
8.796253743e-01,5.80583e-01,9.99999e-01,9.99999e-01,8.61166e-01,6.74181e-01,9.99999e-01
8.840235012e-01,6.28864e-01,9.99999e-01,9.99999e-01,9.25545e-01,6.79452e-01,9.99999e-01
8.884436187e-01,6.64051e-01,9.99999e-01,9.99999e-01,9.69900e-01,6.84658e-01,9.99999e-01
8.928858368e-01,6.81335e-01,9.99999e-01,9.99999e-01,9.87726e-01,6.89801e-01,9.99999e-01
8.973502660e-01,6.92790e-01,9.99999e-01,9.99999e-01,9.96992e-01,6.94879e-01,9.99999e-01
9.018370173e-01,6.99661e-01,9.99999e-01,9.99999e-01,9.99667e-01,6.99894e-01,9.99999e-01
9.063462024e-01,6.98988e-01,9.99999e-01,9.99999e-01,9.91691e-01,7.04844e-01,9.99999e-01
9.108779334e-01,6.96047e-01,9.99999e-01,9.99999e-01,9.80719e-01,7.09731e-01,9.99999e-01
9.154323231e-01,7.11275e-01,9.99999e-01,9.99999e-01,9.95411e-01,7.14554e-01,9.99999e-01
9.200094847e-01,6.73235e-01,9.99999e-01,9.99999e-01,9.35940e-01,7.19313e-01,9.99999e-01
9.246095321e-01,6.58219e-01,9.99999e-01,9.99999e-01,9.09130e-01,7.24009e-01,9.99999e-01
9.292325798e-01,6.76548e-01,9.99999e-01,9.99999e-01,9.28503e-01,7.28643e-01,9.99999e-01
9.338787427e-01,6.82158e-01,9.99999e-01,9.99999e-01,9.30367e-01,7.33213e-01,9.99999e-01
9.385481364e-01,6.99649e-01,9.99999e-01,9.99999e-01,9.48391e-01,7.37721e-01,9.99999e-01
9.432408771e-01,7.18435e-01,9.99999e-01,9.99999e-01,9.68023e-01,7.42167e-01,9.99999e-01
9.479570815e-01,7.34235e-01,9.99999e-01,9.99999e-01,9.83502e-01,7.46551e-01,9.99999e-01
9.526968669e-01,7.44868e-01,9.99999e-01,9.99999e-01,9.92001e-01,7.50874e-01,9.99999e-01
9.574603512e-01,7.52547e-01,9.99999e-01,9.99999e-01,9.96571e-01,7.55135e-01,9.99999e-01
9.622476530e-01,7.58523e-01,9.99999e-01,9.99999e-01,9.98928e-01,7.59336e-01,9.99999e-01
9.670588912e-01,7.63232e-01,9.99999e-01,9.99999e-01,9.99678e-01,7.63477e-01,9.99999e-01
9.718941857e-01,7.67540e-01,9.99999e-01,9.99999e-01,9.99976e-01,7.67558e-01,9.99999e-01
9.767536566e-01,7.71579e-01,9.99999e-01,9.99999e-01,9.99999e-01,7.71579e-01,9.99999e-01
9.816374249e-01,7.75541e-01,9.99999e-01,9.99999e-01,9.99999e-01,7.75541e-01,9.99999e-01
9.865456120e-01,7.79445e-01,9.99999e-01,9.99999e-01,9.99999e-01,7.79445e-01,9.99999e-01
9.914783401e-01,7.83291e-01,9.99999e-01,9.99999e-01,9.99999e-01,7.83291e-01,9.99999e-01
9.964357318e-01,7.87079e-01,9.99999e-01,9.99999e-01,9.99999e-01,7.87079e-01,9.99999e-01
1.001417910e+00,7.90810e-01,9.99999e-01,9.99999e-01,9.99999e-01,7.90810e-01,9.99999e-01
1.006425000e+00,7.94484e-01,9.99999e-01,9.99999e-01,9.99999e-01,7.94484e-01,9.99999e-01
1.011457125e+00,7.98103e-01,9.99999e-01,9.99999e-01,9.99999e-01,7.98103e-01,9.99999e-01
1.016514411e+00,8.01666e-01,9.99999e-01,9.99999e-01,9.99999e-01,8.01666e-01,9.99999e-01
1.021596983e+00,8.05141e-01,9.99999e-01,9.99999e-01,9.99958e-01,8.05174e-01,9.99999e-01
1.026704968e+00,8.06013e-01,9.99999e-01,9.99999e-01,9.96765e-01,8.08628e-01,9.99999e-01
1.031838492e+00,7.81031e-01,9.99999e-01,9.99999e-01,9.61827e-01,8.12028e-01,9.99999e-01
1.036997685e+00,1.41752e-01,9.99999e-01,9.99999e-01,1.73848e-01,8.15374e-01,9.99999e-01
1.042182673e+00,1.24927e-01,9.99999e-01,9.99999e-01,1.52597e-01,8.18668e-01,9.99999e-01
1.047393587e+00,1.41150e-01,9.99999e-01,9.99999e-01,1.71734e-01,8.21910e-01,9.99999e-01
1.052630555e+00,5.76211e-03,9.99999e-01,9.99999e-01,6.98352e-03,8.25100e-01,9.99999e-01
1.057893707e+00,1.36404e-02,9.99999e-01,9.99999e-01,1.64692e-02,8.28240e-01,9.99999e-01
1.063183176e+00,4.06972e-02,9.99999e-01,9.99999e-01,4.89544e-02,8.31328e-01,9.99999e-01
1.068499092e+00,1.04592e-01,9.99999e-01,9.99999e-01,1.25354e-01,8.34367e-01,9.99999e-01
1.073841587e+00,2.24939e-01,9.99999e-01,9.99999e-01,2.68629e-01,8.37357e-01,9.99999e-01
1.079210795e+00,3.65808e-01,9.99999e-01,9.99999e-01,4.35331e-01,8.40298e-01,9.99999e-01
1.084606849e+00,5.33663e-01,9.99999e-01,9.99999e-01,6.32909e-01,8.43191e-01,9.99999e-01
1.090029883e+00,6.67427e-01,9.99999e-01,9.99999e-01,7.88886e-01,8.46036e-01,9.99999e-01
1.095480033e+00,7.55163e-01,9.99999e-01,9.99999e-01,8.89646e-01,8.48835e-01,9.99999e-01
1.100957433e+00,8.04968e-01,9.99999e-01,9.99999e-01,9.45255e-01,8.51587e-01,9.99999e-01
1.106462220e+00,8.34622e-01,9.99999e-01,9.99999e-01,9.76971e-01,8.54294e-01,9.99999e-01
1.111994531e+00,8.49589e-01,9.99999e-01,9.99999e-01,9.91403e-01,8.56956e-01,9.99999e-01
1.117554504e+00,8.57757e-01,9.99999e-01,9.99999e-01,9.97887e-01,8.59573e-01,9.99999e-01
1.123142276e+00,8.62026e-01,9.99999e-01,9.99999e-01,9.99860e-01,8.62146e-01,9.99999e-01
1.128757988e+00,8.64675e-01,9.99999e-01,9.99999e-01,9.99999e-01,8.64675e-01,9.99999e-01
1.134401778e+00,8.67162e-01,9.99999e-01,9.99999e-01,9.99999e-01,8.67162e-01,9.99999e-01
1.140073787e+00,8.69607e-01,9.99999e-01,9.99999e-01,9.99999e-01,8.69607e-01,9.99999e-01
1.145774156e+00,8.72010e-01,9.99999e-01,9.99999e-01,9.99999e-01,8.72010e-01,9.99999e-01
1.151503026e+00,8.74372e-01,9.99999e-01,9.99999e-01,9.99999e-01,8.74372e-01,9.99999e-01
1.157260541e+00,8.76694e-01,9.99999e-01,9.99999e-01,9.99999e-01,8.76694e-01,9.99999e-01
1.163046844e+00,8.78976e-01,9.99999e-01,9.99999e-01,9.99999e-01,8.78976e-01,9.99999e-01
1.168862078e+00,8.81218e-01,9.99999e-01,9.99999e-01,9.99999e-01,8.81218e-01,9.99999e-01
1.174706389e+00,8.83422e-01,9.99999e-01,9.99999e-01,9.99999e-01,8.83422e-01,9.99999e-01
1.180579921e+00,8.85588e-01,9.99999e-01,9.99999e-01,9.99999e-01,8.85588e-01,9.99999e-01
1.186482820e+00,8.87711e-01,9.99999e-01,9.99999e-01,9.99994e-01,8.87715e-01,9.99999e-01
1.192415234e+00,8.79593e-01,9.99999e-01,9.99999e-01,9.88521e-01,8.89806e-01,9.99999e-01
1.198377311e+00,5.04552e-01,9.99999e-01,9.99999e-01,5.65729e-01,8.91861e-01,9.99999e-01
1.204369197e+00,4.16527e-10,9.99999e-01,9.99999e-01,4.65976e-10,8.93879e-01,9.99999e-01
1.210391043e+00,5.26419e-36,9.99999e-01,9.99999e-01,5.87612e-36,8.95862e-01,9.99999e-01
1.216442998e+00,2.25118e-31,9.99999e-01,9.99999e-01,2.50740e-31,8.97810e-01,9.99999e-01
1.222525213e+00,6.30874e-31,9.99999e-01,9.99999e-01,7.01185e-31,8.99724e-01,9.99999e-01
1.228637839e+00,6.07294e-24,9.99999e-01,9.99999e-01,6.73570e-24,9.01604e-01,9.99999e-01
1.234781029e+00,1.11081e-15,9.99999e-01,9.99999e-01,1.22952e-15,9.03450e-01,9.99999e-01
1.240954934e+00,1.25862e-10,9.99999e-01,9.99999e-01,1.39033e-10,9.05264e-01,9.99999e-01
1.247159708e+00,4.82356e-06,9.99999e-01,9.99999e-01,5.31788e-06,9.07045e-01,9.99999e-01
1.253395507e+00,7.13169e-04,9.99999e-01,9.99999e-01,7.84741e-04,9.08795e-01,9.99999e-01
1.259662485e+00,1.51518e-02,9.99999e-01,9.99999e-01,1.66410e-02,9.10513e-01,9.99999e-01
1.265960797e+00,8.44898e-02,9.99999e-01,9.99999e-01,9.26219e-02,9.12201e-01,9.99999e-01
1.272290601e+00,3.11326e-01,9.99999e-01,9.99999e-01,3.40671e-01,9.13858e-01,9.99999e-01
1.278652054e+00,2.92047e-01,9.99999e-01,9.99999e-01,3.19007e-01,9.15486e-01,9.99999e-01
1.285045314e+00,9.97495e-03,9.99999e-01,9.99999e-01,1.08768e-02,9.17084e-01,9.99999e-01
1.291470541e+00,6.37151e-05,9.99999e-01,9.99999e-01,6.93570e-05,9.18653e-01,9.99999e-01
1.297927893e+00,7.14065e-03,9.99999e-01,9.99999e-01,7.75994e-03,9.20194e-01,9.99999e-01
1.304417533e+00,1.50111e-01,9.99999e-01,9.99999e-01,1.62862e-01,9.21707e-01,9.99999e-01
1.310939621e+00,3.82186e-02,9.99999e-01,9.99999e-01,4.13983e-02,9.23192e-01,9.99999e-01
1.317494319e+00,7.46231e-13,9.99999e-01,9.99999e-01,8.07040e-13,9.24651e-01,9.99999e-01
1.324081790e+00,5.21829e-09,9.99999e-01,9.99999e-01,5.63479e-09,9.26083e-01,9.99999e-01
1.330702199e+00,2.53873e-05,9.99999e-01,9.99999e-01,2.73720e-05,9.27488e-01,9.99999e-01
1.337355710e+00,2.78395e-05,9.99999e-01,9.99999e-01,2.99714e-05,9.28868e-01,9.99999e-01
1.344042489e+00,8.44213e-06,9.99999e-01,9.99999e-01,9.07537e-06,9.30223e-01,9.99999e-01
1.350762701e+00,1.61851e-05,9.99999e-01,9.99999e-01,1.73743e-05,9.31553e-01,9.99999e-01
1.357516515e+00,7.90423e-04,9.99999e-01,9.99999e-01,8.47312e-04,9.32859e-01,9.99999e-01
1.364304097e+00,9.76732e-03,9.99999e-01,9.99999e-01,1.04559e-02,9.34140e-01,9.99999e-01
1.371125618e+00,8.59087e-02,9.99999e-01,9.99999e-01,9.18418e-02,9.35398e-01,9.99999e-01
1.377981246e+00,1.33948e-01,9.99999e-01,9.99999e-01,1.43010e-01,9.36633e-01,9.99999e-01
1.384871152e+00,3.02256e-01,9.99999e-01,9.99999e-01,3.22287e-01,9.37845e-01,9.99999e-01
1.391795508e+00,3.29710e-01,9.99999e-01,9.99999e-01,3.51116e-01,9.39034e-01,9.99999e-01
1.398754485e+00,4.93159e-01,9.99999e-01,9.99999e-01,5.24525e-01,9.40202e-01,9.99999e-01
1.405748258e+00,5.85022e-01,9.99999e-01,9.99999e-01,6.21472e-01,9.41347e-01,9.99999e-01
1.412776999e+00,6.97870e-01,9.99999e-01,9.99999e-01,7.40467e-01,9.42472e-01,9.99999e-01
1.419840884e+00,6.34144e-01,9.99999e-01,9.99999e-01,6.72064e-01,9.43576e-01,9.99999e-01
1.426940089e+00,6.42660e-02,9.99999e-01,9.99999e-01,6.80309e-02,9.44659e-01,9.99999e-01
1.434074789e+00,0.00000e+00,9.99999e-01,9.99999e-01,0.00000e+00,9.45722e-01,9.99999e-01
1.441245163e+00,0.00000e+00,9.99999e-01,9.99999e-01,0.00000e+00,9.46765e-01,9.99999e-01
1.448451389e+00,0.00000e+00,9.99999e-01,9.99999e-01,0.00000e+00,9.47788e-01,9.99999e-01
1.455693646e+00,4.17328e-287,9.99999e-01,9.99999e-01,4.39851e-287,9.48793e-01,9.99999e-01
1.462972114e+00,2.97853e-139,9.99999e-01,9.99999e-01,3.13602e-139,9.49778e-01,9.99999e-01
1.470286975e+00,1.26879e-58,9.99999e-01,9.99999e-01,1.33452e-58,9.50745e-01,9.99999e-01
1.477638409e+00,2.27348e-37,9.99999e-01,9.99999e-01,2.38888e-37,9.51694e-01,9.99999e-01
1.485026601e+00,2.17611e-21,9.99999e-01,9.99999e-01,2.28433e-21,9.52626e-01,9.99999e-01
1.492451734e+00,3.19937e-18,9.99999e-01,9.99999e-01,3.35525e-18,9.53539e-01,9.99999e-01
1.499913993e+00,1.01472e-08,9.99999e-01,9.99999e-01,1.06316e-08,9.54436e-01,9.99999e-01
1.507413563e+00,1.59687e-07,9.99999e-01,9.99999e-01,1.67156e-07,9.55315e-01,9.99999e-01
1.514950631e+00,6.44304e-09,9.99999e-01,9.99999e-01,6.73832e-09,9.56178e-01,9.99999e-01
1.522525384e+00,5.65023e-27,9.99999e-01,9.99999e-01,5.90394e-27,9.57025e-01,9.99999e-01
1.530138011e+00,1.92978e-62,9.99999e-01,9.99999e-01,2.01468e-62,9.57856e-01,9.99999e-01
1.537788701e+00,1.48409e-46,9.99999e-01,9.99999e-01,1.54807e-46,9.58671e-01,9.99999e-01
1.545477645e+00,6.04483e-11,9.99999e-01,9.99999e-01,6.30017e-11,9.59470e-01,9.99999e-01
1.553205033e+00,1.25956e-07,9.99999e-01,9.99999e-01,1.31170e-07,9.60255e-01,9.99999e-01
1.560971058e+00,3.69117e-08,9.99999e-01,9.99999e-01,3.84087e-08,9.61024e-01,9.99999e-01
1.568775913e+00,3.63373e-156,9.99999e-01,9.99999e-01,3.77813e-156,9.61779e-01,9.99999e-01
1.576619793e+00,0.00000e+00,9.99999e-01,9.99999e-01,0.00000e+00,9.62520e-01,9.99999e-01
1.584502892e+00,1.84626e-199,9.99999e-01,9.99999e-01,1.91670e-199,9.63246e-01,9.99999e-01
1.592425406e+00,2.83730e-139,9.99999e-01,9.99999e-01,2.94338e-139,9.63959e-01,9.99999e-01
1.600387533e+00,6.50166e-224,9.99999e-01,9.99999e-01,6.73985e-224,9.64658e-01,9.99999e-01
1.608389471e+00,0.00000e+00,9.99999e-01,9.99999e-01,0.00000e+00,9.65344e-01,9.99999e-01
1.616431418e+00,0.00000e+00,9.99999e-01,9.99999e-01,0.00000e+00,9.66017e-01,9.99999e-01
1.624513575e+00,1.09286e-176,9.99999e-01,9.99999e-01,1.13053e-176,9.66677e-01,9.99999e-01
1.632636143e+00,1.72160e-131,9.99999e-01,9.99999e-01,1.77975e-131,9.67324e-01,9.99999e-01
1.640799324e+00,2.04660e-54,9.99999e-01,9.99999e-01,2.11434e-54,9.67959e-01,9.99999e-01
1.649003321e+00,2.10547e-54,9.99999e-01,9.99999e-01,2.17376e-54,9.68582e-01,9.99999e-01
1.657248337e+00,2.47342e-42,9.99999e-01,9.99999e-01,2.55203e-42,9.69193e-01,9.99999e-01
1.665534579e+00,1.31581e-42,9.99999e-01,9.99999e-01,1.35679e-42,9.69792e-01,9.99999e-01
1.673862252e+00,1.23744e-27,9.99999e-01,9.99999e-01,1.27521e-27,9.70380e-01,9.99999e-01
1.682231563e+00,1.56779e-19,9.99999e-01,9.99999e-01,1.61468e-19,9.70956e-01,9.99999e-01
1.690642721e+00,1.76764e-11,9.99999e-01,9.99999e-01,1.81946e-11,9.71521e-01,9.99999e-01
1.699095934e+00,1.77605e-07,9.99999e-01,9.99999e-01,1.82707e-07,9.72076e-01,9.99999e-01
1.707591414e+00,2.46278e-04,9.99999e-01,9.99999e-01,2.53211e-04,9.72620e-01,9.99999e-01
1.716129371e+00,9.73752e-03,9.99999e-01,9.99999e-01,1.00061e-02,9.73153e-01,9.99999e-01
1.724710018e+00,7.88271e-02,9.99999e-01,9.99999e-01,8.09581e-02,9.73677e-01,9.99999e-01
1.733333568e+00,1.92280e-01,9.99999e-01,9.99999e-01,1.97374e-01,9.74190e-01,9.99999e-01
1.742000236e+00,3.66700e-01,9.99999e-01,9.99999e-01,3.76220e-01,9.74693e-01,9.99999e-01
1.750710237e+00,1.23391e-02,9.99999e-01,9.99999e-01,1.26530e-02,9.75187e-01,9.99999e-01
1.759463788e+00,2.42444e-26,9.99999e-01,9.99999e-01,2.48489e-26,9.75671e-01,9.99999e-01
1.768261107e+00,1.11342e-27,9.99999e-01,9.99999e-01,1.14063e-27,9.76146e-01,9.99999e-01
1.777102413e+00,1.49989e-26,9.99999e-01,9.99999e-01,1.53581e-26,9.76611e-01,9.99999e-01
1.785987925e+00,2.58801e-25,9.99999e-01,9.99999e-01,2.64875e-25,9.77068e-01,9.99999e-01
1.794917864e+00,4.39450e-24,9.99999e-01,9.99999e-01,4.49558e-24,9.77516e-01,9.99999e-01
1.803892454e+00,2.10002e-23,9.99999e-01,9.99999e-01,2.14736e-23,9.77955e-01,9.99999e-01
1.812911916e+00,2.24435e-22,9.99999e-01,9.99999e-01,2.29393e-22,9.78385e-01,9.99999e-01
1.821976476e+00,1.51726e-22,9.99999e-01,9.99999e-01,1.55011e-22,9.78808e-01,9.99999e-01
1.831086358e+00,2.24932e-18,9.99999e-01,9.99999e-01,2.29704e-18,9.79222e-01,9.99999e-01
1.840241790e+00,1.27136e-15,9.99999e-01,9.99999e-01,1.29779e-15,9.79628e-01,9.99999e-01
1.849442999e+00,5.77003e-11,9.99999e-01,9.99999e-01,5.88762e-11,9.80027e-01,9.99999e-01
1.858690214e+00,4.15154e-10,9.99999e-01,9.99999e-01,4.23446e-10,9.80417e-01,9.99999e-01
1.867983665e+00,7.03146e-11,9.99999e-01,9.99999e-01,7.16910e-11,9.80800e-01,9.99999e-01
1.877323583e+00,2.21444e-49,9.99999e-01,9.99999e-01,2.25692e-49,9.81176e-01,9.99999e-01
1.886710201e+00,1.71715e-64,9.99999e-01,9.99999e-01,1.74943e-64,9.81544e-01,9.99999e-01
1.896143752e+00,2.27906e-73,9.99999e-01,9.99999e-01,2.32106e-73,9.81905e-01,9.99999e-01
1.905624471e+00,5.33643e-85,9.99999e-01,9.99999e-01,5.43280e-85,9.82260e-01,9.99999e-01
1.915152593e+00,5.66032e-66,9.99999e-01,9.99999e-01,5.76050e-66,9.82607e-01,9.99999e-01
1.924728356e+00,6.30899e-79,9.99999e-01,9.99999e-01,6.41844e-79,9.82948e-01,9.99999e-01
1.934351998e+00,0.00000e+00,9.99999e-01,9.99999e-01,0.00000e+00,9.83282e-01,9.99999e-01
1.944023758e+00,0.00000e+00,9.99999e-01,9.99999e-01,0.00000e+00,9.83609e-01,9.99999e-01
1.953743877e+00,0.00000e+00,9.99999e-01,9.99999e-01,0.00000e+00,9.83930e-01,9.99999e-01
1.963512596e+00,0.00000e+00,9.99999e-01,9.99999e-01,0.00000e+00,9.84245e-01,9.99999e-01
1.973330159e+00,0.00000e+00,9.99999e-01,9.99999e-01,0.00000e+00,9.84554e-01,9.99999e-01
1.983196810e+00,0.00000e+00,9.99999e-01,9.99999e-01,0.00000e+00,9.84857e-01,9.99999e-01
1.993112794e+00,0.00000e+00,9.99999e-01,9.99999e-01,0.00000e+00,9.85153e-01,9.99999e-01
2.003078358e+00,0.00000e+00,9.99999e-01,9.99999e-01,0.00000e+00,9.85445e-01,9.99992e-01
2.013093750e+00,0.00000e+00,9.99999e-01,9.99999e-01,0.00000e+00,9.85730e-01,9.99985e-01
2.023159218e+00,0.00000e+00,9.99999e-01,9.99999e-01,0.00000e+00,9.86010e-01,9.99978e-01
2.033275015e+00,0.00000e+00,9.99999e-01,9.99999e-01,0.00000e+00,9.86284e-01,9.99967e-01
2.043441390e+00,0.00000e+00,9.99999e-01,9.99999e-01,0.00000e+00,9.86553e-01,9.99945e-01
2.053658597e+00,0.00000e+00,9.99999e-01,9.99999e-01,0.00000e+00,9.86817e-01,9.99906e-01
2.063926890e+00,0.00000e+00,9.99998e-01,9.99999e-01,0.00000e+00,9.87076e-01,9.99839e-01
2.074246524e+00,0.00000e+00,9.99997e-01,9.99999e-01,0.00000e+00,9.87329e-01,9.99723e-01
2.084617757e+00,0.00000e+00,9.99996e-01,9.99999e-01,0.00000e+00,9.87578e-01,9.99538e-01
2.095040845e+00,0.00000e+00,9.99995e-01,9.99999e-01,0.00000e+00,9.87822e-01,9.99284e-01
2.105516050e+00,0.00000e+00,9.99994e-01,9.99999e-01,0.00000e+00,9.88061e-01,9.98973e-01
2.116043630e+00,0.00000e+00,9.99994e-01,9.99999e-01,0.00000e+00,9.88295e-01,9.98725e-01
2.126623848e+00,0.00000e+00,9.99995e-01,9.99999e-01,0.00000e+00,9.88525e-01,9.98557e-01
2.137256967e+00,0.00000e+00,9.99995e-01,9.99999e-01,0.00000e+00,9.88751e-01,9.98383e-01
2.147943252e+00,3.37517e-179,9.99997e-01,9.99999e-01,3.41945e-179,9.88972e-01,9.98056e-01
2.158682968e+00,4.39729e-108,9.99988e-01,9.99999e-01,4.45539e-108,9.89188e-01,9.97747e-01
2.169476383e+00,4.52765e-53,9.99995e-01,9.99999e-01,4.58399e-53,9.89401e-01,9.98290e-01
2.180323765e+00,1.47227e-33,9.99997e-01,9.99999e-01,1.48956e-33,9.89609e-01,9.98769e-01
2.191225384e+00,1.23998e-17,9.99997e-01,9.99999e-01,1.25402e-17,9.89813e-01,9.98981e-01
2.202181511e+00,9.36300e-12,9.99997e-01,9.99999e-01,9.46491e-12,9.90013e-01,9.99210e-01
2.213192418e+00,9.16730e-07,9.99998e-01,9.99999e-01,9.26305e-07,9.90210e-01,9.99446e-01
2.224258381e+00,2.00241e-04,9.99998e-01,9.99999e-01,2.02252e-04,9.90402e-01,9.99649e-01
2.235379672e+00,3.79183e-03,9.99998e-01,9.99999e-01,3.82861e-03,9.90591e-01,9.99799e-01
2.246556571e+00,2.17365e-02,9.99998e-01,9.99999e-01,2.19413e-02,9.90776e-01,9.99887e-01
2.257789354e+00,9.58505e-02,9.99999e-01,9.99999e-01,9.67311e-02,9.90957e-01,9.99937e-01
2.269078300e+00,1.25505e-01,9.99999e-01,9.99999e-01,1.26632e-01,9.91135e-01,9.99966e-01
2.280423692e+00,1.33907e-01,9.99999e-01,9.99999e-01,1.35083e-01,9.91309e-01,9.99980e-01
2.291825810e+00,2.67231e-01,9.99999e-01,9.99999e-01,2.69530e-01,9.91480e-01,9.99988e-01
2.303284939e+00,3.52958e-01,9.99999e-01,9.99999e-01,3.55933e-01,9.91648e-01,9.99993e-01
2.314801364e+00,3.94768e-01,9.99999e-01,9.99999e-01,3.98029e-01,9.91812e-01,9.99995e-01
2.326375371e+00,5.37499e-01,9.99999e-01,9.99999e-01,5.41848e-01,9.91973e-01,9.99999e-01
2.338007248e+00,5.10208e-01,9.99999e-01,9.99999e-01,5.14254e-01,9.92131e-01,9.99999e-01
2.349697284e+00,5.55843e-01,9.99999e-01,9.99999e-01,5.60164e-01,9.92286e-01,9.99999e-01
2.361445770e+00,6.25163e-01,9.99999e-01,9.99999e-01,6.29926e-01,9.92437e-01,9.99999e-01
2.373252999e+00,6.51937e-01,9.99999e-01,9.99999e-01,6.56805e-01,9.92586e-01,9.99999e-01
2.385119264e+00,8.24738e-01,9.99999e-01,9.99999e-01,8.30775e-01,9.92732e-01,9.99999e-01
2.397044861e+00,9.20592e-01,9.99999e-01,9.99999e-01,9.27198e-01,9.92875e-01,9.99999e-01
2.409030085e+00,8.70503e-01,9.99999e-01,9.99999e-01,8.76625e-01,9.93015e-01,9.99999e-01
2.421075235e+00,7.87816e-01,9.99999e-01,9.99999e-01,7.93247e-01,9.93153e-01,9.99999e-01
2.433180612e+00,2.87950e-01,9.99999e-01,9.99999e-01,2.89895e-01,9.93288e-01,9.99999e-01
2.445346515e+00,5.52628e-01,9.99999e-01,9.99999e-01,5.56288e-01,9.93420e-01,9.99999e-01
2.457573247e+00,3.60391e-02,9.99999e-01,9.99999e-01,3.62730e-02,9.93549e-01,9.99999e-01
2.469861113e+00,5.21419e-08,9.99999e-01,9.99999e-01,5.24737e-08,9.93676e-01,9.99999e-01
2.482210419e+00,3.70896e-24,9.99999e-01,9.99999e-01,3.73209e-24,9.93801e-01,9.99999e-01
2.494621471e+00,7.90089e-49,9.99999e-01,9.99999e-01,7.94919e-49,9.93923e-01,9.99999e-01
2.507094578e+00,2.76724e-47,9.99999e-01,9.99999e-01,2.78382e-47,9.94043e-01,9.99999e-01
2.519630051e+00,1.11807e-62,9.99999e-01,9.99999e-01,1.12464e-62,9.94160e-01,9.99999e-01
2.532228202e+00,5.92507e-80,9.99999e-01,9.99999e-01,5.95918e-80,9.94275e-01,9.99999e-01
2.544889343e+00,9.70547e-83,9.99999e-01,9.99999e-01,9.76024e-83,9.94388e-01,9.99999e-01
2.557613789e+00,4.43963e-98,9.99999e-01,9.99999e-01,4.46418e-98,9.94498e-01,9.99999e-01
2.570401858e+00,3.38714e-197,9.99999e-01,9.99999e-01,3.40550e-197,9.94606e-01,9.99999e-01
2.583253867e+00,0.00000e+00,9.99999e-01,9.99999e-01,0.00000e+00,9.94713e-01,9.99999e-01
2.596170137e+00,0.00000e+00,9.99999e-01,9.99999e-01,0.00000e+00,9.94817e-01,9.99999e-01
2.609150988e+00,0.00000e+00,9.99999e-01,9.99999e-01,0.00000e+00,9.94919e-01,9.99999e-01
2.622196742e+00,0.00000e+00,9.99999e-01,9.99999e-01,0.00000e+00,9.95019e-01,9.99999e-01
2.635307726e+00,0.00000e+00,9.99999e-01,9.99999e-01,0.00000e+00,9.95117e-01,9.99999e-01
2.648484265e+00,0.00000e+00,9.99999e-01,9.99999e-01,0.00000e+00,9.95213e-01,9.99999e-01
2.661726686e+00,0.00000e+00,9.99999e-01,9.99999e-01,0.00000e+00,9.95308e-01,9.99999e-01
2.675035320e+00,0.00000e+00,9.99999e-01,9.99999e-01,0.00000e+00,9.95400e-01,9.99999e-01
2.688410496e+00,0.00000e+00,9.99999e-01,9.99999e-01,0.00000e+00,9.95491e-01,9.99999e-01
2.701852549e+00,0.00000e+00,9.99999e-01,9.99999e-01,0.00000e+00,9.95580e-01,9.99999e-01
2.715361811e+00,0.00000e+00,9.99999e-01,9.99999e-01,0.00000e+00,9.95667e-01,9.99999e-01
2.728938620e+00,0.00000e+00,9.99999e-01,9.99999e-01,0.00000e+00,9.95752e-01,9.99999e-01
2.742583314e+00,0.00000e+00,9.99999e-01,9.99999e-01,0.00000e+00,9.95836e-01,9.99999e-01
2.756296230e+00,0.00000e+00,9.99999e-01,9.99999e-01,0.00000e+00,9.95918e-01,9.99999e-01
2.770077711e+00,0.00000e+00,9.99999e-01,9.99999e-01,0.00000e+00,9.95998e-01,9.99999e-01
2.783928100e+00,0.00000e+00,9.99999e-01,9.99999e-01,0.00000e+00,9.96077e-01,9.99999e-01
2.797847740e+00,0.00000e+00,9.99999e-01,9.99999e-01,0.00000e+00,9.96155e-01,9.99999e-01
2.811836979e+00,0.00000e+00,9.99999e-01,9.99999e-01,0.00000e+00,9.96230e-01,9.99999e-01
2.825896164e+00,0.00000e+00,9.99999e-01,9.99999e-01,0.00000e+00,9.96305e-01,9.99999e-01
2.840025645e+00,0.00000e+00,9.99999e-01,9.99999e-01,0.00000e+00,9.96377e-01,9.99999e-01
2.854225773e+00,0.00000e+00,9.99999e-01,9.99999e-01,0.00000e+00,9.96449e-01,9.99999e-01
2.868496902e+00,0.00000e+00,9.99999e-01,9.99999e-01,0.00000e+00,9.96519e-01,9.99999e-01
2.882839386e+00,0.00000e+00,9.99999e-01,9.99999e-01,0.00000e+00,9.96588e-01,9.99999e-01
2.897253583e+00,0.00000e+00,9.99999e-01,9.99999e-01,0.00000e+00,9.96655e-01,9.99999e-01
2.911739851e+00,0.00000e+00,9.99999e-01,9.99999e-01,0.00000e+00,9.96721e-01,9.99999e-01
2.926298550e+00,0.00000e+00,9.99999e-01,9.99999e-01,0.00000e+00,9.96785e-01,9.99999e-01
2.940930043e+00,0.00000e+00,9.99999e-01,9.99999e-01,0.00000e+00,9.96849e-01,9.99999e-01
2.955634693e+00,0.00000e+00,9.99999e-01,9.99999e-01,0.00000e+00,9.96911e-01,9.99999e-01
2.970412867e+00,0.00000e+00,9.99999e-01,9.99999e-01,0.00000e+00,9.96972e-01,9.99999e-01
2.985264931e+00,5.42436e-298,9.99999e-01,9.99999e-01,5.44050e-298,9.97031e-01,9.99999e-01
3.000191256e+00,4.09713e-233,9.99999e-01,9.99999e-01,4.10909e-233,9.97090e-01,9.99999e-01
3.015192212e+00,1.61208e-248,9.99999e-01,9.99999e-01,1.61669e-248,9.97147e-01,9.99999e-01
3.030268173e+00,7.30637e-201,9.99999e-01,9.99999e-01,7.32685e-201,9.97204e-01,9.99999e-01
3.045419514e+00,1.10750e-122,9.99999e-01,9.99999e-01,1.11054e-122,9.97259e-01,9.99999e-01
3.060646612e+00,8.35445e-57,9.99999e-01,9.99999e-01,8.37695e-57,9.97313e-01,9.99999e-01
3.075949845e+00,1.30863e-45,9.99999e-01,9.99999e-01,3.92170e-45,9.97366e-01,3.34572e-01
3.091329594e+00,4.97179e-44,9.99999e-01,9.99999e-01,6.53666e-43,9.97418e-01,7.62569e-02
3.106786242e+00,8.94194e-46,9.99999e-01,9.99999e-01,1.09579e-42,9.97469e-01,8.18096e-04
3.122320173e+00,1.26954e-38,9.99999e-01,9.99999e-01,4.61435e-30,9.97519e-01,2.75813e-09
3.137931774e+00,3.10564e-33,9.99999e-01,9.99999e-01,4.25038e-29,9.97568e-01,7.32453e-05
3.153621433e+00,1.66181e-31,9.99999e-01,9.99999e-01,1.84678e-30,9.97616e-01,9.01991e-02
3.169389540e+00,1.06071e-44,9.99999e-01,9.99999e-01,1.77092e-40,9.97663e-01,6.00363e-05
3.185236488e+00,1.12608e-39,9.99999e-01,9.99999e-01,9.87895e-33,9.97709e-01,1.14249e-07
3.201162670e+00,2.48493e-38,9.99999e-01,9.99999e-01,3.75430e-26,9.97754e-01,6.63378e-13
3.217168483e+00,2.42555e-42,9.99999e-01,9.99999e-01,9.73813e-25,9.97798e-01,2.49626e-18
3.233254326e+00,3.75145e-48,9.99999e-01,9.99999e-01,1.70988e-21,9.97842e-01,2.19873e-27
3.249420598e+00,1.29001e-56,9.99999e-01,9.99999e-01,7.51448e-13,9.97884e-01,1.72033e-44
3.265667701e+00,2.77945e-81,9.99999e-01,9.99999e-01,9.27974e-11,9.97926e-01,3.00141e-71
3.281996039e+00,3.75403e-119,9.99999e-01,9.99999e-01,1.84068e-08,9.97967e-01,2.04363e-111
3.298406019e+00,1.06959e-166,9.99999e-01,9.99999e-01,5.17260e-07,9.98007e-01,2.07193e-160
3.314898049e+00,3.68911e-232,9.99999e-01,9.99999e-01,9.36553e-07,9.98046e-01,3.94674e-226
3.331472540e+00,2.37263e-191,9.99999e-01,9.99999e-01,1.50545e-06,9.98085e-01,1.57905e-185
3.348129902e+00,6.07606e-139,9.99999e-01,9.99999e-01,2.38553e-05,9.98122e-01,2.55184e-134
3.364870552e+00,7.09565e-96,9.99999e-01,9.99999e-01,4.84539e-05,9.98160e-01,1.46711e-91
3.381694905e+00,1.72963e-60,9.99999e-01,9.99999e-01,1.32080e-04,9.98196e-01,1.31190e-56
3.398603379e+00,5.33508e-37,9.99999e-01,9.99999e-01,1.48219e-03,9.98231e-01,3.60582e-34
3.415596396e+00,9.99376e-23,9.99999e-01,9.99999e-01,2.49460e-03,9.98266e-01,4.01311e-20
3.432674378e+00,1.38565e-15,9.99999e-01,9.99999e-01,6.59326e-04,9.98300e-01,2.10519e-12
3.449837750e+00,7.58386e-11,9.99999e-01,9.99999e-01,1.38400e-05,9.98334e-01,5.48880e-06
3.467086939e+00,8.53081e-10,9.99999e-01,9.99999e-01,7.62842e-09,9.98367e-01,1.12012e-01
3.484422373e+00,5.11618e-12,9.99999e-01,9.99999e-01,7.17154e-12,9.98399e-01,7.14544e-01
3.501844485e+00,9.25089e-17,9.99999e-01,9.99999e-01,2.30525e-16,9.98431e-01,4.01926e-01
3.519353708e+00,9.54719e-20,9.99999e-01,9.99999e-01,9.56978e-20,9.98462e-01,9.99174e-01
3.536950476e+00,1.22643e-23,9.99999e-01,9.99999e-01,1.23023e-23,9.98492e-01,9.98417e-01
3.554635228e+00,7.23542e-24,9.99999e-01,9.99999e-01,7.27229e-24,9.98522e-01,9.96401e-01
3.572408405e+00,1.62963e-19,9.99999e-01,9.99999e-01,1.64196e-19,9.98551e-01,9.93931e-01
3.590270447e+00,1.30989e-18,9.99999e-01,9.99999e-01,1.31651e-18,9.98579e-01,9.96381e-01
3.608221799e+00,1.47010e-13,9.99999e-01,9.99999e-01,1.47529e-13,9.98607e-01,9.97867e-01
3.626262908e+00,5.23364e-08,9.99999e-01,9.99999e-01,5.24570e-08,9.98635e-01,9.99063e-01
3.644394222e+00,2.39049e-06,9.99999e-01,9.99999e-01,2.39616e-06,9.98662e-01,9.98969e-01
3.662616193e+00,9.12389e-04,9.99999e-01,9.99999e-01,9.15387e-04,9.98688e-01,9.98032e-01
3.680929274e+00,4.09838e-02,9.99999e-01,9.99999e-01,4.12610e-02,9.98714e-01,9.94557e-01
3.699333921e+00,2.40742e-01,9.99999e-01,9.99999e-01,2.43644e-01,9.98739e-01,9.89336e-01
3.717830590e+00,1.60811e-01,9.99999e-01,9.99999e-01,1.64260e-01,9.98764e-01,9.80207e-01
3.736419743e+00,7.06025e-03,9.99999e-01,9.99999e-01,7.28616e-03,9.98789e-01,9.70168e-01
3.755101842e+00,3.58940e-07,9.99999e-01,9.99999e-01,3.69729e-07,9.98813e-01,9.71969e-01
3.773877351e+00,2.78750e-15,9.99998e-01,9.99999e-01,2.84641e-15,9.98836e-01,9.80441e-01
3.792746738e+00,9.13480e-37,9.99997e-01,9.99999e-01,9.26943e-37,9.98859e-01,9.86601e-01
3.811710472e+00,2.30055e-24,9.99996e-01,9.99999e-01,2.33273e-24,9.98882e-01,9.87309e-01
3.830769024e+00,5.18101e-24,9.99994e-01,9.99999e-01,5.26017e-24,9.98904e-01,9.86033e-01
3.849922869e+00,4.43218e-33,9.99990e-01,9.99999e-01,4.51269e-33,9.98925e-01,9.83217e-01
3.869172484e+00,5.77972e-21,9.99986e-01,9.99999e-01,5.92126e-21,9.98946e-01,9.77130e-01
3.888518346e+00,1.06754e-09,9.99976e-01,9.99999e-01,1.10333e-09,9.98967e-01,9.68577e-01
3.907960938e+00,3.16585e-07,9.99971e-01,9.99999e-01,3.30967e-07,9.98988e-01,9.57529e-01
3.927500742e+00,1.92998e-07,9.99951e-01,9.99999e-01,2.04221e-07,9.99008e-01,9.46005e-01
3.947138246e+00,7.43049e-11,9.99931e-01,9.99999e-01,7.93185e-11,9.99027e-01,9.37726e-01
3.966873937e+00,3.25254e-16,9.99922e-01,9.99999e-01,3.51717e-16,9.99046e-01,9.25671e-01
3.986708307e+00,1.59807e-24,9.99873e-01,9.99999e-01,1.76397e-24,9.99065e-01,9.06837e-01
4.006641849e+00,8.75454e-44,9.99834e-01,9.99999e-01,9.92285e-44,9.99084e-01,8.83112e-01
4.026675058e+00,1.65345e-215,9.99864e-01,9.99999e-01,1.93263e-215,9.99102e-01,8.56368e-01
4.046808433e+00,0.00000e+00,9.99856e-01,9.99999e-01,0.00000e+00,9.99119e-01,8.28368e-01
4.067042475e+00,0.00000e+00,9.99795e-01,9.99999e-01,0.00000e+00,9.99137e-01,8.00972e-01
4.087377688e+00,0.00000e+00,9.99760e-01,9.99999e-01,0.00000e+00,9.99154e-01,7.76177e-01
4.107814576e+00,0.00000e+00,9.99720e-01,9.99999e-01,0.00000e+00,9.99170e-01,7.56491e-01
4.128353649e+00,0.00000e+00,9.99718e-01,9.99999e-01,0.00000e+00,9.99187e-01,7.43651e-01
4.148995417e+00,0.00000e+00,9.99806e-01,9.99999e-01,0.00000e+00,9.99203e-01,7.37704e-01
4.169740394e+00,0.00000e+00,9.99819e-01,9.99999e-01,0.00000e+00,9.99219e-01,7.38770e-01
4.190589096e+00,0.00000e+00,9.99832e-01,9.99999e-01,0.00000e+00,9.99234e-01,7.44162e-01
4.211542042e+00,0.00000e+00,9.99844e-01,9.99999e-01,0.00000e+00,9.99249e-01,7.45724e-01
4.232599752e+00,0.00000e+00,9.99905e-01,9.99999e-01,0.00000e+00,9.99264e-01,7.37014e-01
4.253762751e+00,0.00000e+00,9.99933e-01,9.99999e-01,0.00000e+00,9.99278e-01,7.10381e-01
4.275031564e+00,0.00000e+00,9.99892e-01,9.99999e-01,0.00000e+00,9.99293e-01,6.62456e-01
4.296406722e+00,0.00000e+00,9.98942e-01,9.99999e-01,0.00000e+00,9.99307e-01,6.46978e-01
4.317888756e+00,0.00000e+00,9.99791e-01,9.99999e-01,0.00000e+00,9.99320e-01,6.86993e-01
4.339478200e+00,0.00000e+00,9.99877e-01,9.99999e-01,0.00000e+00,9.99334e-01,7.45560e-01
4.361175591e+00,0.00000e+00,9.99901e-01,9.99999e-01,0.00000e+00,9.99347e-01,7.82351e-01
4.382981469e+00,0.00000e+00,9.99894e-01,9.99999e-01,0.00000e+00,9.99360e-01,8.01470e-01
4.404896376e+00,0.00000e+00,9.99852e-01,9.99999e-01,0.00000e+00,9.99372e-01,8.12548e-01
4.426920858e+00,0.00000e+00,9.99851e-01,9.99999e-01,0.00000e+00,9.99385e-01,8.22054e-01
4.449055462e+00,0.00000e+00,9.99896e-01,9.99999e-01,0.00000e+00,9.99397e-01,8.32801e-01
4.471300739e+00,0.00000e+00,9.99891e-01,9.99999e-01,0.00000e+00,9.99409e-01,8.45960e-01
4.493657243e+00,0.00000e+00,9.99907e-01,9.99999e-01,0.00000e+00,9.99420e-01,8.61342e-01
4.516125529e+00,0.00000e+00,9.99910e-01,9.99999e-01,0.00000e+00,9.99432e-01,8.77718e-01
4.538706157e+00,0.00000e+00,9.99894e-01,9.99999e-01,0.00000e+00,9.99443e-01,8.94832e-01
4.561399688e+00,0.00000e+00,9.99926e-01,9.99999e-01,0.00000e+00,9.99454e-01,9.11614e-01
4.584206686e+00,0.00000e+00,9.99941e-01,9.99999e-01,0.00000e+00,9.99465e-01,9.27031e-01
4.607127720e+00,0.00000e+00,9.99942e-01,9.99999e-01,0.00000e+00,9.99475e-01,9.40812e-01
4.630163358e+00,0.00000e+00,9.99963e-01,9.99999e-01,0.00000e+00,9.99486e-01,9.52885e-01
4.653314175e+00,0.00000e+00,9.99965e-01,9.99999e-01,0.00000e+00,9.99496e-01,9.62792e-01
4.676580746e+00,0.00000e+00,9.99966e-01,9.99999e-01,0.00000e+00,9.99506e-01,9.70868e-01
4.699963650e+00,0.00000e+00,9.99981e-01,9.99999e-01,0.00000e+00,9.99515e-01,9.77354e-01
4.723463468e+00,0.00000e+00,9.99978e-01,9.99999e-01,0.00000e+00,9.99525e-01,9.82438e-01
4.747080785e+00,0.00000e+00,9.99988e-01,9.99999e-01,0.00000e+00,9.99534e-01,9.86337e-01
4.770816189e+00,0.00000e+00,9.99989e-01,9.99999e-01,0.00000e+00,9.99543e-01,9.89443e-01
4.794670270e+00,0.00000e+00,9.99990e-01,9.99999e-01,0.00000e+00,9.99552e-01,9.91866e-01
4.818643622e+00,0.00000e+00,9.99994e-01,9.99999e-01,0.00000e+00,9.99561e-01,9.93769e-01
4.842736840e+00,0.00000e+00,9.99993e-01,9.99999e-01,0.00000e+00,9.99570e-01,9.95199e-01
4.866950524e+00,0.00000e+00,9.99996e-01,9.99999e-01,0.00000e+00,9.99578e-01,9.96268e-01
4.891285276e+00,0.00000e+00,9.99996e-01,9.99999e-01,0.00000e+00,9.99587e-01,9.97141e-01
4.915741703e+00,0.00000e+00,9.99997e-01,9.99999e-01,0.00000e+00,9.99595e-01,9.97811e-01
4.940320411e+00,0.00000e+00,9.99998e-01,9.99999e-01,0.00000e+00,9.99603e-01,9.98309e-01
4.965022013e+00,0.00000e+00,9.99998e-01,9.99999e-01,0.00000e+00,9.99611e-01,9.98700e-01
4.989847123e+00,0.00000e+00,9.99998e-01,9.99999e-01,0.00000e+00,9.99618e-01,9.99034e-01
5.014796359e+00,0.00000e+00,9.99998e-01,9.99999e-01,0.00000e+00,9.99626e-01,9.99307e-01
5.039870341e+00,0.00000e+00,9.99999e-01,9.99999e-01,0.00000e+00,9.99633e-01,9.99523e-01
5.065069693e+00,0.00000e+00,9.99999e-01,9.99999e-01,0.00000e+00,9.99640e-01,9.99681e-01
5.090395041e+00,0.00000e+00,9.99999e-01,9.99999e-01,0.00000e+00,9.99648e-01,9.99818e-01
5.115847016e+00,0.00000e+00,9.99999e-01,9.99999e-01,0.00000e+00,9.99654e-01,9.99898e-01
5.141426251e+00,0.00000e+00,9.99999e-01,9.99999e-01,0.00000e+00,9.99661e-01,9.99890e-01
5.167133383e+00,0.00000e+00,9.99999e-01,9.99999e-01,0.00000e+00,9.99668e-01,9.99958e-01
5.192969049e+00,0.00000e+00,9.99999e-01,9.99999e-01,0.00000e+00,9.99674e-01,9.99966e-01
5.218933895e+00,0.00000e+00,9.99999e-01,9.99999e-01,0.00000e+00,9.99681e-01,9.99920e-01
5.245028564e+00,0.00000e+00,9.99999e-01,9.99999e-01,0.00000e+00,9.99687e-01,9.99927e-01
5.271253707e+00,0.00000e+00,9.99999e-01,9.99999e-01,0.00000e+00,9.99693e-01,9.99948e-01
5.297609976e+00,0.00000e+00,9.99999e-01,9.99999e-01,0.00000e+00,9.99699e-01,9.99942e-01
5.324098025e+00,0.00000e+00,9.99999e-01,9.99999e-01,0.00000e+00,9.99705e-01,9.99972e-01
5.350718516e+00,0.00000e+00,9.99999e-01,9.99999e-01,0.00000e+00,9.99711e-01,9.99646e-01
5.377472108e+00,0.00000e+00,9.99999e-01,9.99999e-01,0.00000e+00,9.99717e-01,9.99689e-01
5.404359469e+00,0.00000e+00,9.99999e-01,9.99999e-01,0.00000e+00,9.99722e-01,9.99999e-01
5.431381266e+00,0.00000e+00,9.99999e-01,9.99999e-01,0.00000e+00,9.99728e-01,9.99999e-01
5.458538172e+00,2.13657e-245,9.99999e-01,9.99999e-01,2.13713e-245,9.99733e-01,9.99999e-01
5.485830863e+00,1.93324e-157,9.99999e-01,9.99999e-01,1.93374e-157,9.99738e-01,9.99999e-01
5.513260018e+00,3.59148e-116,9.99999e-01,9.99999e-01,3.59240e-116,9.99744e-01,9.99999e-01
5.540826318e+00,1.76718e-77,9.99999e-01,9.99999e-01,1.76762e-77,9.99749e-01,9.99999e-01
5.568530449e+00,7.60804e-59,9.99999e-01,9.99999e-01,7.73687e-59,9.99754e-01,9.83589e-01
5.596373101e+00,8.28075e-44,9.99999e-01,9.99999e-01,8.48919e-44,9.99758e-01,9.75681e-01
5.624354967e+00,1.28197e-38,9.99999e-01,9.99999e-01,1.32539e-38,9.99763e-01,9.67465e-01
5.652476742e+00,4.79869e-33,9.99999e-01,9.99999e-01,5.01408e-33,9.99768e-01,9.57263e-01
5.680739126e+00,1.21867e-29,9.99999e-01,9.99999e-01,1.29143e-29,9.99772e-01,9.43873e-01
5.709142821e+00,8.13506e-28,9.99999e-01,9.99999e-01,8.79344e-28,9.99777e-01,9.25332e-01
5.737688535e+00,1.31097e-28,9.99999e-01,9.99999e-01,1.45533e-28,9.99781e-01,9.01002e-01
5.766376978e+00,7.03305e-26,9.99999e-01,9.99999e-01,8.07262e-26,9.99786e-01,8.71409e-01
5.795208863e+00,4.57523e-19,9.99999e-01,9.99999e-01,5.49003e-19,9.99790e-01,8.33543e-01
5.824184907e+00,8.73237e-14,9.99999e-01,9.99999e-01,1.11078e-13,9.99794e-01,7.86310e-01
5.853305832e+00,3.92750e-14,9.99999e-01,9.99999e-01,5.39877e-14,9.99798e-01,7.27626e-01
5.882572361e+00,1.26158e-16,9.99999e-01,9.99999e-01,1.92024e-16,9.99802e-01,6.57120e-01
5.911985223e+00,1.59033e-14,9.99999e-01,9.99999e-01,2.77167e-14,9.99806e-01,5.73891e-01
5.941545149e+00,1.53038e-08,9.99999e-01,9.99999e-01,3.18687e-08,9.99810e-01,4.80305e-01
5.971252874e+00,1.28343e-05,9.99999e-01,9.99999e-01,3.38572e-05,9.99813e-01,3.79141e-01
6.001109139e+00,1.43709e-04,9.99999e-01,9.99999e-01,5.17323e-04,9.99817e-01,2.77843e-01
6.031114685e+00,2.98861e-05,9.99999e-01,9.99999e-01,1.57975e-04,9.99821e-01,1.89216e-01
6.061270258e+00,5.54965e-07,9.99999e-01,9.99999e-01,4.83512e-06,9.99824e-01,1.14798e-01
6.091576609e+00,2.35436e-09,9.99999e-01,9.99999e-01,4.12361e-08,9.99828e-01,5.71044e-02
6.122034492e+00,3.31417e-12,9.99999e-01,9.99999e-01,1.45243e-10,9.99831e-01,2.28219e-02
6.152644665e+00,8.74839e-16,9.99999e-01,9.99999e-01,1.19106e-13,9.99834e-01,7.34625e-03
6.183407888e+00,1.95903e-18,9.99999e-01,9.99999e-01,1.16303e-15,9.99838e-01,1.68469e-03
6.214324928e+00,5.50323e-20,9.99999e-01,9.99999e-01,2.20850e-16,9.99841e-01,2.49223e-04
6.245396552e+00,7.11913e-18,9.99999e-01,9.99999e-01,3.39961e-13,9.99844e-01,2.09442e-05
6.276623535e+00,1.47486e-17,9.99999e-01,9.99999e-01,1.72821e-11,9.99847e-01,8.53532e-07
6.308006653e+00,2.64890e-20,9.99999e-01,9.99999e-01,1.90904e-12,9.99850e-01,1.38776e-08
6.339546686e+00,1.39275e-26,9.99999e-01,9.99999e-01,1.93991e-16,9.99853e-01,7.18049e-11
6.371244419e+00,1.94626e-31,9.99999e-01,9.99999e-01,1.31227e-18,9.99856e-01,1.48333e-13
6.403100641e+00,6.46632e-30,9.99999e-01,9.99999e-01,9.15196e-14,9.99859e-01,7.06648e-17
6.435116145e+00,1.23000e-27,9.99999e-01,9.99999e-01,3.78246e-07,9.99861e-01,3.25230e-21
6.467291725e+00,5.97770e-32,9.99999e-01,9.99999e-01,5.42514e-04,9.99864e-01,1.10200e-28
6.499628184e+00,1.08323e-37,9.99999e-01,9.99999e-01,3.61103e-02,9.99867e-01,3.00018e-36
6.532126325e+00,1.50827e-45,9.99999e-01,9.99999e-01,1.54679e-01,9.99869e-01,9.75222e-45
6.564786956e+00,9.50058e-58,9.99999e-01,9.99999e-01,2.73086e-01,9.99872e-01,3.47941e-57
6.597610891e+00,3.21609e-70,9.99999e-01,9.99999e-01,3.45098e-01,9.99874e-01,9.32049e-70
6.630598946e+00,6.01898e-88,9.99999e-01,9.99999e-01,3.95922e-01,9.99877e-01,1.52043e-87
6.663751940e+00,9.22153e-107,9.99999e-01,9.99999e-01,3.95903e-01,9.99879e-01,2.32952e-106
6.697070700e+00,4.36841e-131,9.99999e-01,9.99999e-01,3.05849e-01,9.99882e-01,1.42845e-130
6.730556054e+00,1.16455e-156,9.99999e-01,9.99999e-01,1.88540e-01,9.99884e-01,6.17735e-156
6.764208834e+00,1.12384e-187,9.99999e-01,9.99999e-01,7.66679e-02,9.99886e-01,1.46602e-186
6.798029878e+00,9.79084e-230,9.99999e-01,9.99999e-01,2.05498e-02,9.99888e-01,4.76498e-228
6.832020027e+00,4.20134e-279,9.99999e-01,9.99999e-01,2.29225e-03,9.99891e-01,1.83304e-276
6.866180128e+00,0.00000e+00,9.99999e-01,9.99999e-01,9.23816e-05,9.99893e-01,0.00000e+00
6.900511028e+00,0.00000e+00,9.99999e-01,9.99999e-01,8.26008e-07,9.99895e-01,0.00000e+00
6.935013583e+00,0.00000e+00,9.99999e-01,9.99999e-01,2.04999e-10,9.99897e-01,0.00000e+00
6.969688651e+00,0.00000e+00,9.99999e-01,9.99999e-01,1.19964e-14,9.99899e-01,0.00000e+00
7.004537095e+00,0.00000e+00,9.99999e-01,9.99999e-01,3.16234e-22,9.99901e-01,0.00000e+00
7.039559780e+00,0.00000e+00,9.99999e-01,9.99999e-01,1.62776e-28,9.99903e-01,0.00000e+00
7.074757579e+00,0.00000e+00,9.99999e-01,9.99999e-01,1.40341e-38,9.99905e-01,0.00000e+00
7.110131367e+00,0.00000e+00,9.99999e-01,9.99999e-01,6.85845e-45,9.99907e-01,0.00000e+00
7.145682024e+00,0.00000e+00,9.99999e-01,9.99999e-01,3.59162e-53,9.99908e-01,0.00000e+00
7.181410434e+00,0.00000e+00,9.99999e-01,9.99999e-01,4.34552e-58,9.99910e-01,0.00000e+00
7.217317486e+00,0.00000e+00,9.99999e-01,9.99999e-01,8.52110e-61,9.99912e-01,0.00000e+00
7.253404073e+00,0.00000e+00,9.99999e-01,9.99999e-01,3.42702e-60,9.99914e-01,0.00000e+00
7.289671094e+00,0.00000e+00,9.99999e-01,9.99999e-01,5.58528e-48,9.99915e-01,0.00000e+00
7.326119449e+00,0.00000e+00,9.99999e-01,9.99999e-01,5.63640e-45,9.99917e-01,0.00000e+00
7.362750046e+00,0.00000e+00,9.99999e-01,9.99999e-01,4.35129e-49,9.99919e-01,0.00000e+00
7.399563797e+00,0.00000e+00,9.99999e-01,9.99999e-01,6.98508e-49,9.99920e-01,0.00000e+00
7.436561616e+00,0.00000e+00,9.99999e-01,9.99999e-01,6.87937e-41,9.99922e-01,0.00000e+00
7.473744424e+00,0.00000e+00,9.99999e-01,9.99999e-01,2.07272e-27,9.99923e-01,0.00000e+00
7.511113146e+00,0.00000e+00,9.99999e-01,9.99999e-01,1.48669e-19,9.99925e-01,0.00000e+00
7.548668712e+00,0.00000e+00,9.99999e-01,9.99999e-01,1.70826e-12,9.99926e-01,0.00000e+00
7.586412055e+00,0.00000e+00,9.99999e-01,9.99999e-01,4.33383e-10,9.99928e-01,0.00000e+00
7.624344115e+00,0.00000e+00,9.99999e-01,9.99999e-01,1.04425e-09,9.99929e-01,0.00000e+00
7.662465836e+00,0.00000e+00,9.99999e-01,9.99999e-01,1.96716e-11,9.99931e-01,0.00000e+00
7.700778165e+00,0.00000e+00,9.99999e-01,9.99999e-01,2.28976e-15,9.99932e-01,0.00000e+00
7.739282056e+00,0.00000e+00,9.99999e-01,9.99999e-01,1.99476e-24,9.99933e-01,0.00000e+00
7.777978466e+00,0.00000e+00,9.99999e-01,9.99999e-01,2.12323e-32,9.99935e-01,0.00000e+00
7.816868359e+00,0.00000e+00,9.99999e-01,9.99999e-01,3.99428e-43,9.99936e-01,0.00000e+00
7.855952700e+00,0.00000e+00,9.99999e-01,9.99999e-01,3.05996e-44,9.99937e-01,0.00000e+00
7.895232464e+00,0.00000e+00,9.99999e-01,9.99999e-01,2.29600e-37,9.99938e-01,0.00000e+00
7.934708626e+00,0.00000e+00,9.99999e-01,9.99999e-01,4.57991e-34,9.99939e-01,0.00000e+00
7.974382169e+00,0.00000e+00,9.99999e-01,9.99999e-01,8.22028e-38,9.99941e-01,0.00000e+00
8.014254080e+00,0.00000e+00,9.99999e-01,9.99999e-01,1.82651e-45,9.99942e-01,0.00000e+00
8.054325351e+00,0.00000e+00,9.99999e-01,9.99999e-01,4.27632e-46,9.99943e-01,0.00000e+00
8.094596977e+00,0.00000e+00,9.99999e-01,9.99999e-01,1.74607e-44,9.99944e-01,2.16500e-320
8.135069962e+00,1.30370e-285,9.99999e-01,9.99999e-01,2.55302e-40,9.99945e-01,5.10677e-246
8.175745312e+00,3.36114e-225,9.99999e-01,9.99999e-01,9.58513e-34,9.99946e-01,3.50681e-192
8.216624039e+00,2.82224e-178,9.99999e-01,9.99999e-01,3.64602e-29,9.99947e-01,7.74100e-150
8.257707159e+00,9.90663e-140,9.99999e-01,9.99999e-01,1.70438e-23,9.99948e-01,5.81274e-117
8.298995695e+00,7.35871e-110,9.99999e-01,9.99999e-01,5.83604e-21,9.99949e-01,1.26097e-89
8.340490673e+00,1.90253e-86,9.99999e-01,9.99999e-01,2.79185e-19,9.99950e-01,6.81492e-68
8.382193126e+00,1.01658e-68,9.99999e-01,9.99999e-01,4.60784e-18,9.99951e-01,2.20630e-51
8.424104092e+00,1.60843e-53,9.99999e-01,9.99999e-01,3.74946e-15,9.99952e-01,4.28995e-39
8.466224613e+00,4.19994e-41,9.99999e-01,9.99999e-01,5.71195e-12,9.99953e-01,7.35323e-30
8.508555736e+00,1.62269e-28,9.99999e-01,9.99999e-01,1.13653e-07,9.99954e-01,1.42782e-21
8.551098514e+00,7.01434e-21,9.99999e-01,9.99999e-01,2.10459e-05,9.99955e-01,3.33302e-16
8.593854007e+00,3.58833e-17,9.99999e-01,9.99999e-01,4.96871e-05,9.99956e-01,7.22217e-13
8.636823277e+00,4.37228e-15,9.99999e-01,9.99999e-01,7.89983e-06,9.99957e-01,5.53488e-10
8.680007393e+00,1.31265e-13,9.99999e-01,9.99999e-01,1.39570e-06,9.99957e-01,9.40533e-08
8.723407430e+00,2.04914e-12,9.99999e-01,9.99999e-01,5.54976e-07,9.99958e-01,3.69245e-06
8.767024467e+00,1.06354e-12,9.99999e-01,9.99999e-01,1.68554e-08,9.99959e-01,6.31006e-05
8.810859590e+00,1.66270e-28,9.99999e-01,9.99999e-01,2.41212e-25,9.99960e-01,6.89338e-04
8.854913888e+00,1.56074e-86,9.99999e-01,9.99999e-01,4.21054e-84,9.99961e-01,3.70689e-03
8.899188457e+00,0.00000e+00,9.99999e-01,9.99999e-01,0.00000e+00,9.99961e-01,1.34451e-02
8.943684399e+00,0.00000e+00,9.99999e-01,9.99999e-01,0.00000e+00,9.99962e-01,3.94256e-02
8.988402821e+00,0.00000e+00,9.99999e-01,9.99999e-01,0.00000e+00,9.99963e-01,8.36809e-02
9.033344836e+00,0.00000e+00,9.99999e-01,9.99999e-01,0.00000e+00,9.99964e-01,1.48507e-01
9.078511560e+00,0.00000e+00,9.99999e-01,9.99999e-01,0.00000e+00,9.99964e-01,2.31582e-01
9.123904118e+00,0.00000e+00,9.99999e-01,9.99999e-01,0.00000e+00,9.99965e-01,3.24957e-01
9.169523638e+00,0.00000e+00,9.99999e-01,9.99999e-01,0.00000e+00,9.99966e-01,4.22346e-01
9.215371256e+00,0.00000e+00,9.99999e-01,9.99999e-01,0.00000e+00,9.99966e-01,5.07787e-01
9.261448113e+00,0.00000e+00,9.99999e-01,9.99999e-01,0.00000e+00,9.99967e-01,5.94080e-01
9.307755353e+00,0.00000e+00,9.99999e-01,9.99999e-01,0.00000e+00,9.99968e-01,6.70814e-01
9.354294130e+00,0.00000e+00,9.99999e-01,9.99999e-01,0.00000e+00,9.99968e-01,7.35806e-01
9.401065601e+00,0.00000e+00,9.99999e-01,9.99999e-01,0.00000e+00,9.99969e-01,7.90384e-01
9.448070929e+00,0.00000e+00,9.99999e-01,9.99999e-01,0.00000e+00,9.99969e-01,8.31124e-01
9.495311283e+00,0.00000e+00,9.99999e-01,9.99999e-01,0.00000e+00,9.99970e-01,8.64638e-01
9.542787840e+00,0.00000e+00,9.99999e-01,9.99999e-01,0.00000e+00,9.99971e-01,8.94281e-01
9.590501779e+00,0.00000e+00,9.99999e-01,9.99999e-01,0.00000e+00,9.99971e-01,9.17899e-01
9.638454288e+00,0.00000e+00,9.99999e-01,9.99999e-01,0.00000e+00,9.99972e-01,9.34863e-01
9.686646559e+00,0.00000e+00,9.99999e-01,9.99999e-01,0.00000e+00,9.99972e-01,9.48424e-01
9.735079792e+00,0.00000e+00,9.99999e-01,9.99999e-01,0.00000e+00,9.99973e-01,9.59219e-01
9.783755191e+00,0.00000e+00,9.99999e-01,9.99999e-01,0.00000e+00,9.99973e-01,9.67792e-01
9.832673967e+00,0.00000e+00,9.99999e-01,9.99999e-01,0.00000e+00,9.99974e-01,9.74590e-01
9.881837337e+00,0.00000e+00,9.99999e-01,9.99999e-01,0.00000e+00,9.99974e-01,9.79963e-01
9.931246523e+00,0.00000e+00,9.99999e-01,9.99999e-01,0.00000e+00,9.99975e-01,9.84215e-01
9.980902756e+00,0.00000e+00,9.99999e-01,9.99999e-01,0.00000e+00,9.99975e-01,9.99999e-01
1.003080727e+01,0.00000e+00,9.99999e-01,9.99999e-01,0.00000e+00,9.99976e-01,9.99999e-01
1.008096131e+01,0.00000e+00,9.99999e-01,9.99999e-01,0.00000e+00,9.99976e-01,9.99999e-01
1.013136611e+01,0.00000e+00,9.99999e-01,9.99999e-01,0.00000e+00,9.99977e-01,9.99999e-01
1.018202294e+01,0.00000e+00,9.99999e-01,9.99999e-01,0.00000e+00,9.99977e-01,9.99999e-01
1.023293306e+01,0.00000e+00,9.99999e-01,9.99999e-01,0.00000e+00,9.99977e-01,9.99999e-01
1.028409772e+01,0.00000e+00,9.99999e-01,9.99999e-01,0.00000e+00,9.99978e-01,9.99999e-01
1.033551821e+01,0.00000e+00,9.99999e-01,9.99999e-01,0.00000e+00,9.99978e-01,9.99999e-01
1.038719580e+01,0.00000e+00,9.99999e-01,9.99999e-01,0.00000e+00,9.99979e-01,9.99999e-01
1.043913178e+01,0.00000e+00,9.99999e-01,9.99999e-01,0.00000e+00,9.99979e-01,9.99999e-01
1.049132744e+01,0.00000e+00,9.99999e-01,9.99999e-01,0.00000e+00,9.99980e-01,9.99999e-01
1.054378408e+01,0.00000e+00,9.99999e-01,9.99999e-01,0.00000e+00,9.99980e-01,9.99999e-01
1.059650300e+01,0.00000e+00,9.99999e-01,9.99999e-01,0.00000e+00,9.99980e-01,9.99999e-01
1.064948551e+01,0.00000e+00,9.99999e-01,9.99999e-01,0.00000e+00,9.99981e-01,9.99999e-01
1.070273294e+01,0.00000e+00,9.99999e-01,9.99999e-01,0.00000e+00,9.99981e-01,9.99999e-01
1.075624661e+01,0.00000e+00,9.99999e-01,9.99999e-01,0.00000e+00,9.99981e-01,9.99999e-01
1.081002784e+01,0.00000e+00,9.99999e-01,9.99999e-01,0.00000e+00,9.99982e-01,9.99999e-01
1.086407798e+01,0.00000e+00,9.99999e-01,9.99999e-01,0.00000e+00,9.99982e-01,9.99999e-01
1.091839837e+01,0.00000e+00,9.99999e-01,9.99999e-01,0.00000e+00,9.99982e-01,9.99999e-01
1.097299036e+01,0.00000e+00,9.99999e-01,9.99999e-01,0.00000e+00,9.99983e-01,9.99999e-01
1.102785531e+01,0.00000e+00,9.99999e-01,9.99999e-01,0.00000e+00,9.99983e-01,9.99999e-01
1.108299459e+01,0.00000e+00,9.99999e-01,9.99999e-01,0.00000e+00,9.99983e-01,9.99999e-01
1.113840956e+01,0.00000e+00,9.99999e-01,9.99999e-01,0.00000e+00,9.99984e-01,9.99999e-01
1.119410161e+01,0.00000e+00,9.99999e-01,9.99999e-01,0.00000e+00,9.99984e-01,9.99999e-01
1.125007212e+01,0.00000e+00,9.99999e-01,9.99999e-01,0.00000e+00,9.99984e-01,9.99999e-01
1.130632248e+01,0.00000e+00,9.99999e-01,9.99999e-01,0.00000e+00,9.99985e-01,9.99999e-01
1.136285409e+01,0.00000e+00,9.99999e-01,9.99999e-01,0.00000e+00,9.99985e-01,9.99999e-01
1.141966836e+01,0.00000e+00,9.99999e-01,9.99999e-01,0.00000e+00,9.99985e-01,9.99999e-01
1.147676670e+01,0.00000e+00,9.99999e-01,9.99999e-01,0.00000e+00,9.99985e-01,9.99999e-01
1.153415054e+01,0.00000e+00,9.99999e-01,9.99999e-01,0.00000e+00,9.99986e-01,9.99999e-01
1.159182129e+01,0.00000e+00,9.99999e-01,9.99999e-01,0.00000e+00,9.99986e-01,9.99999e-01
1.164978039e+01,0.00000e+00,9.99999e-01,9.99999e-01,0.00000e+00,9.99986e-01,9.99999e-01
1.170802930e+01,0.00000e+00,9.99999e-01,9.99999e-01,0.00000e+00,9.99986e-01,9.99999e-01
1.176656944e+01,0.00000e+00,9.99999e-01,9.99999e-01,0.00000e+00,9.99987e-01,9.99999e-01
1.182540229e+01,0.00000e+00,9.99999e-01,9.99999e-01,0.00000e+00,9.99987e-01,9.99999e-01
1.188452930e+01,0.00000e+00,9.99999e-01,9.99999e-01,0.00000e+00,9.99987e-01,9.99999e-01
1.194395195e+01,0.00000e+00,9.99999e-01,9.99999e-01,0.00000e+00,9.99987e-01,9.99999e-01
1.200367171e+01,0.00000e+00,9.99999e-01,9.99999e-01,0.00000e+00,9.99988e-01,9.99999e-01
1.206369007e+01,0.00000e+00,9.99999e-01,9.99999e-01,0.00000e+00,9.99988e-01,9.99999e-01
1.212400852e+01,0.00000e+00,9.99999e-01,9.99999e-01,0.00000e+00,9.99988e-01,9.99999e-01
1.218462856e+01,0.00000e+00,9.99999e-01,9.99999e-01,0.00000e+00,9.99988e-01,9.99999e-01
1.224555170e+01,0.00000e+00,9.99999e-01,9.99999e-01,0.00000e+00,9.99989e-01,9.99999e-01
1.230677946e+01,0.00000e+00,9.99999e-01,9.99999e-01,0.00000e+00,9.99989e-01,9.99999e-01
1.236831336e+01,0.00000e+00,9.99999e-01,9.99999e-01,0.00000e+00,9.99989e-01,9.99999e-01
1.243015492e+01,0.00000e+00,9.99999e-01,9.99999e-01,0.00000e+00,9.99989e-01,9.99999e-01
1.249230570e+01,0.00000e+00,9.99999e-01,9.99999e-01,0.00000e+00,9.99989e-01,9.99999e-01
1.255476723e+01,0.00000e+00,9.99999e-01,9.99999e-01,0.00000e+00,9.99989e-01,9.99999e-01
1.261754106e+01,0.00000e+00,9.99999e-01,9.99999e-01,0.00000e+00,9.99990e-01,9.99999e-01
1.268062877e+01,0.00000e+00,9.99999e-01,9.99999e-01,0.00000e+00,9.99990e-01,9.99999e-01
1.274403191e+01,0.00000e+00,9.99999e-01,9.99999e-01,0.00000e+00,9.99990e-01,9.99999e-01
1.280775207e+01,0.00000e+00,9.99999e-01,9.99999e-01,0.00000e+00,9.99990e-01,9.99999e-01
1.287179083e+01,0.00000e+00,9.99999e-01,9.99999e-01,0.00000e+00,9.99990e-01,9.99999e-01
1.293614979e+01,0.00000e+00,9.99999e-01,9.99999e-01,0.00000e+00,9.99991e-01,9.99999e-01
1.300083054e+01,0.00000e+00,9.99999e-01,9.99999e-01,0.00000e+00,9.99991e-01,9.99999e-01
1.306583469e+01,0.00000e+00,9.99999e-01,9.99999e-01,0.00000e+00,9.99991e-01,9.99999e-01
1.313116386e+01,0.00000e+00,9.99999e-01,9.99999e-01,0.00000e+00,9.99991e-01,9.99999e-01
1.319681968e+01,0.00000e+00,9.99999e-01,9.99999e-01,0.00000e+00,9.99991e-01,9.99999e-01
1.326280378e+01,0.00000e+00,9.99999e-01,9.99999e-01,0.00000e+00,9.99991e-01,9.99999e-01
1.332911780e+01,0.00000e+00,9.99999e-01,9.99999e-01,0.00000e+00,9.99992e-01,9.99999e-01
1.339576339e+01,0.00000e+00,9.99999e-01,9.99999e-01,0.00000e+00,9.99992e-01,9.95903e-01
1.346274221e+01,0.00000e+00,9.99999e-01,9.99999e-01,0.00000e+00,9.99992e-01,9.95483e-01
1.353005592e+01,0.00000e+00,9.99999e-01,9.99999e-01,0.00000e+00,9.99992e-01,9.95019e-01
1.359770620e+01,0.00000e+00,9.99999e-01,9.99999e-01,0.00000e+00,9.99992e-01,9.94576e-01
1.366569473e+01,0.00000e+00,9.99999e-01,9.99999e-01,0.00000e+00,9.99992e-01,9.94091e-01
1.373402320e+01,0.00000e+00,9.99999e-01,9.99999e-01,0.00000e+00,9.99992e-01,9.93565e-01
1.380269332e+01,0.00000e+00,9.99999e-01,9.99999e-01,0.00000e+00,9.99992e-01,9.92990e-01
1.387170678e+01,0.00000e+00,9.99999e-01,9.99999e-01,0.00000e+00,9.99993e-01,9.92273e-01
1.394106532e+01,0.00000e+00,9.99999e-01,9.99999e-01,0.00000e+00,9.99993e-01,9.91586e-01
1.401077064e+01,0.00000e+00,9.99999e-01,9.99999e-01,0.00000e+00,9.99993e-01,9.90836e-01
1.408082450e+01,0.00000e+00,9.99999e-01,9.99999e-01,0.00000e+00,9.99993e-01,9.90022e-01
1.415122862e+01,0.00000e+00,9.99999e-01,9.99999e-01,0.00000e+00,9.99993e-01,9.89133e-01
1.422198476e+01,0.00000e+00,9.99999e-01,9.99999e-01,0.00000e+00,9.99993e-01,9.88172e-01
1.429309469e+01,0.00000e+00,9.99999e-01,9.99999e-01,0.00000e+00,9.99993e-01,9.87119e-01
1.436456016e+01,0.00000e+00,9.99999e-01,9.99999e-01,0.00000e+00,9.99993e-01,9.85978e-01
1.443638296e+01,0.00000e+00,9.99999e-01,9.99999e-01,0.00000e+00,9.99994e-01,9.84734e-01
1.450856487e+01,0.00000e+00,9.99999e-01,9.99999e-01,0.00000e+00,9.99994e-01,9.83382e-01
1.458110770e+01,0.00000e+00,9.99999e-01,9.99999e-01,0.00000e+00,9.99994e-01,9.81910e-01
1.465401324e+01,0.00000e+00,9.99999e-01,9.99999e-01,0.00000e+00,9.99994e-01,9.80313e-01
1.472728330e+01,0.00000e+00,9.99999e-01,9.99999e-01,0.00000e+00,9.99994e-01,9.78831e-01
1.480091972e+01,0.00000e+00,9.99999e-01,9.99999e-01,0.00000e+00,9.99994e-01,9.76961e-01
1.487492432e+01,0.00000e+00,9.99999e-01,9.99999e-01,0.00000e+00,9.99994e-01,9.74934e-01
1.494929894e+01,0.00000e+00,9.99999e-01,9.99999e-01,0.00000e+00,9.99994e-01,9.73058e-01
1.502404544e+01,0.00000e+00,9.99999e-01,9.99999e-01,0.00000e+00,9.99994e-01,9.70684e-01
1.509916566e+01,0.00000e+00,9.99999e-01,9.99999e-01,0.00000e+00,9.99994e-01,9.68116e-01
1.517466149e+01,0.00000e+00,9.99999e-01,9.99999e-01,0.00000e+00,9.99995e-01,9.65738e-01
1.525053480e+01,0.00000e+00,9.99999e-01,9.99999e-01,0.00000e+00,9.99995e-01,9.62731e-01
1.532678747e+01,0.00000e+00,9.99999e-01,9.99999e-01,0.00000e+00,9.99995e-01,9.59486e-01
1.540342141e+01,0.00000e+00,9.99999e-01,9.99999e-01,0.00000e+00,9.99995e-01,9.53054e-01
1.548043852e+01,0.00000e+00,9.99999e-01,9.99999e-01,0.00000e+00,9.99995e-01,9.49600e-01
1.555784071e+01,0.00000e+00,9.99999e-01,9.99999e-01,0.00000e+00,9.99995e-01,9.45431e-01
1.563562991e+01,0.00000e+00,9.99999e-01,9.99999e-01,0.00000e+00,9.99995e-01,9.40939e-01
1.571380806e+01,0.00000e+00,9.99999e-01,9.99999e-01,0.00000e+00,9.99995e-01,9.36776e-01
1.579237710e+01,0.00000e+00,9.99999e-01,9.99999e-01,0.00000e+00,9.99995e-01,9.32315e-01
1.587133899e+01,0.00000e+00,9.99999e-01,9.99999e-01,0.00000e+00,9.99995e-01,9.27551e-01
1.595069568e+01,0.00000e+00,9.99999e-01,9.99999e-01,0.00000e+00,9.99995e-01,9.22466e-01
1.603044916e+01,0.00000e+00,9.99999e-01,9.99999e-01,0.00000e+00,9.99995e-01,9.17032e-01
1.611060141e+01,0.00000e+00,9.99999e-01,9.99999e-01,0.00000e+00,9.99995e-01,9.10234e-01
1.619115441e+01,0.00000e+00,9.99999e-01,9.99999e-01,0.00000e+00,9.99996e-01,9.02923e-01
1.627211019e+01,0.00000e+00,9.99999e-01,9.99999e-01,0.00000e+00,9.99996e-01,8.96175e-01
1.635347074e+01,0.00000e+00,9.99999e-01,9.99999e-01,0.00000e+00,9.99996e-01,8.88981e-01
1.643523809e+01,0.00000e+00,9.99999e-01,9.99999e-01,0.00000e+00,9.99996e-01,8.81313e-01
1.651741428e+01,0.00000e+00,9.99999e-01,9.99999e-01,0.00000e+00,9.99996e-01,8.73143e-01
1.660000135e+01,0.00000e+00,9.99999e-01,9.99999e-01,0.00000e+00,9.99996e-01,8.64487e-01
1.668300136e+01,0.00000e+00,9.99999e-01,9.99999e-01,0.00000e+00,9.99996e-01,8.55239e-01
1.676641637e+01,0.00000e+00,9.99999e-01,9.99999e-01,0.00000e+00,9.99996e-01,8.45421e-01
1.685024845e+01,0.00000e+00,9.99999e-01,9.99999e-01,0.00000e+00,9.99996e-01,8.34992e-01
1.693449969e+01,0.00000e+00,9.99999e-01,9.99999e-01,0.00000e+00,9.99996e-01,8.23939e-01
1.701917219e+01,0.00000e+00,9.99999e-01,9.99999e-01,0.00000e+00,9.99996e-01,8.12222e-01
1.710426805e+01,0.00000e+00,9.99999e-01,9.99999e-01,0.00000e+00,9.99996e-01,7.99821e-01
1.718978939e+01,0.00000e+00,9.99999e-01,9.99999e-01,0.00000e+00,9.99996e-01,7.88928e-01
1.727573834e+01,0.00000e+00,9.99999e-01,9.99999e-01,0.00000e+00,9.99996e-01,7.77505e-01
1.736211703e+01,0.00000e+00,9.99999e-01,9.99999e-01,0.00000e+00,9.99996e-01,7.63159e-01
1.744892761e+01,0.00000e+00,9.99999e-01,9.99999e-01,0.00000e+00,9.99996e-01,7.48005e-01
1.753617225e+01,0.00000e+00,9.99999e-01,9.99999e-01,0.00000e+00,9.99997e-01,7.32080e-01
1.762385311e+01,0.00000e+00,9.99999e-01,9.99999e-01,0.00000e+00,9.99997e-01,7.15350e-01
1.771197238e+01,0.00000e+00,9.99999e-01,9.99999e-01,0.00000e+00,9.99997e-01,6.97791e-01
1.780053224e+01,0.00000e+00,9.99999e-01,9.99999e-01,0.00000e+00,9.99997e-01,6.82524e-01
1.788953490e+01,0.00000e+00,9.99999e-01,9.99999e-01,0.00000e+00,9.99997e-01,6.66658e-01
1.797898258e+01,0.00000e+00,9.99999e-01,9.99999e-01,0.00000e+00,9.99997e-01,6.46877e-01
1.806887749e+01,0.00000e+00,9.99999e-01,9.99999e-01,0.00000e+00,9.99997e-01,6.26286e-01
1.815922188e+01,0.00000e+00,9.99999e-01,9.99999e-01,0.00000e+00,9.99997e-01,6.08512e-01
1.825001799e+01,0.00000e+00,9.99999e-01,9.99999e-01,0.00000e+00,9.99997e-01,5.90159e-01
1.834126808e+01,0.00000e+00,9.99999e-01,9.99999e-01,0.00000e+00,9.99997e-01,5.67492e-01
1.843297442e+01,0.00000e+00,9.99999e-01,9.99999e-01,0.00000e+00,9.99997e-01,5.44118e-01
1.852513929e+01,0.00000e+00,9.99999e-01,9.99999e-01,0.00000e+00,9.99997e-01,5.24136e-01
1.861776499e+01,0.00000e+00,9.99999e-01,9.99999e-01,0.00000e+00,9.99997e-01,5.03650e-01
1.871085381e+01,0.00000e+00,9.99999e-01,9.99999e-01,0.00000e+00,9.99997e-01,4.78623e-01
1.880440808e+01,0.00000e+00,9.99999e-01,9.99999e-01,0.00000e+00,9.99997e-01,4.57425e-01
1.889843012e+01,0.00000e+00,9.99999e-01,9.99999e-01,0.00000e+00,9.99997e-01,4.35874e-01
1.899292227e+01,0.00000e+00,9.99999e-01,9.99999e-01,0.00000e+00,9.99997e-01,4.09812e-01
1.908788688e+01,0.00000e+00,9.99999e-01,9.99999e-01,0.00000e+00,9.99997e-01,3.87953e-01
1.918332632e+01,0.00000e+00,9.99999e-01,9.99999e-01,0.00000e+00,9.99997e-01,3.65934e-01
1.927924295e+01,0.00000e+00,9.99999e-01,9.99999e-01,0.00000e+00,9.99997e-01,3.44025e-01
1.937563916e+01,0.00000e+00,9.99999e-01,9.99999e-01,0.00000e+00,9.99997e-01,3.22099e-01
1.947251736e+01,0.00000e+00,9.99999e-01,9.99999e-01,0.00000e+00,9.99997e-01,3.00454e-01
1.956987994e+01,0.00000e+00,9.99999e-01,9.99999e-01,0.00000e+00,9.99997e-01,2.79004e-01
1.966772934e+01,0.00000e+00,9.99999e-01,9.99999e-01,0.00000e+00,9.99997e-01,2.53754e-01
1.976606799e+01,0.00000e+00,9.99999e-01,9.99999e-01,0.00000e+00,9.99997e-01,2.33273e-01
1.986489833e+01,0.00000e+00,9.99999e-01,9.99999e-01,0.00000e+00,9.99997e-01,2.13280e-01
1.996422282e+01,0.00000e+00,9.99999e-01,9.99999e-01,0.00000e+00,9.99998e-01,1.94045e-01
