#,Wave/freq,Total,N2,O2,CO2,Rayleigh,CIA
4.000000000e-01,1.80987e-08,9.99999e-01,9.99999e-01,9.99999e-01,1.80987e-08,9.99999e-01
4.020000000e-01,2.57477e-08,9.99999e-01,9.99999e-01,9.99999e-01,2.57477e-08,9.99999e-01
4.040100000e-01,3.63618e-08,9.99999e-01,9.99999e-01,9.99999e-01,3.63618e-08,9.99999e-01
4.060300500e-01,5.10025e-08,9.99999e-01,9.99999e-01,9.99999e-01,5.10025e-08,9.99999e-01
4.080602003e-01,7.10615e-08,9.99999e-01,9.99999e-01,9.99999e-01,7.10615e-08,9.99999e-01
4.101005013e-01,9.83631e-08,9.99999e-01,9.99999e-01,9.99999e-01,9.83631e-08,9.99999e-01
4.121510038e-01,1.35282e-07,9.99999e-01,9.99999e-01,9.99999e-01,1.35282e-07,9.99999e-01
4.142117588e-01,1.84891e-07,9.99999e-01,9.99999e-01,9.99999e-01,1.84891e-07,9.99999e-01
4.162828176e-01,2.51137e-07,9.99999e-01,9.99999e-01,9.99999e-01,2.51137e-07,9.99999e-01
4.183642317e-01,3.39062e-07,9.99999e-01,9.99999e-01,9.99999e-01,3.39062e-07,9.99999e-01
4.204560528e-01,4.55064e-07,9.99999e-01,9.99999e-01,9.99999e-01,4.55064e-07,9.99999e-01
4.225583331e-01,6.07213e-07,9.99999e-01,9.99999e-01,9.99999e-01,6.07213e-07,9.99999e-01
4.246711247e-01,8.05630e-07,9.99999e-01,9.99999e-01,9.99999e-01,8.05630e-07,9.99999e-01
4.267944804e-01,1.06293e-06,9.99999e-01,9.99999e-01,9.99999e-01,1.06293e-06,9.99999e-01
4.289284528e-01,1.39475e-06,9.99999e-01,9.99999e-01,9.99999e-01,1.39475e-06,9.99999e-01
4.310730950e-01,1.82036e-06,9.99999e-01,9.99999e-01,9.99999e-01,1.82036e-06,9.99999e-01
4.332284605e-01,2.36338e-06,9.99999e-01,9.99999e-01,9.99999e-01,2.36338e-06,9.99999e-01
4.353946028e-01,3.05260e-06,9.99999e-01,9.99999e-01,9.99999e-01,3.05260e-06,9.99999e-01
4.375715758e-01,3.92293e-06,9.99999e-01,9.99999e-01,9.99999e-01,3.92293e-06,9.99999e-01
4.397594337e-01,5.01649e-06,9.99999e-01,9.99999e-01,9.99999e-01,5.01649e-06,9.99999e-01
4.419582309e-01,6.38382e-06,9.99999e-01,9.99999e-01,9.99999e-01,6.38382e-06,9.99999e-01
4.441680220e-01,8.08524e-06,9.99999e-01,9.99999e-01,9.99999e-01,8.08524e-06,9.99999e-01
4.463888621e-01,1.01925e-05,9.99999e-01,9.99999e-01,9.99999e-01,1.01925e-05,9.99999e-01
4.486208064e-01,1.27902e-05,9.99999e-01,9.99999e-01,9.99999e-01,1.27902e-05,9.99999e-01
4.508639105e-01,1.59782e-05,9.99999e-01,9.99999e-01,9.99999e-01,1.59782e-05,9.99999e-01
4.531182300e-01,1.98734e-05,9.99999e-01,9.99999e-01,9.99999e-01,1.98734e-05,9.99999e-01
4.553838212e-01,2.46117e-05,9.99999e-01,9.99999e-01,9.99999e-01,2.46117e-05,9.99999e-01
4.576607403e-01,3.03514e-05,9.99999e-01,9.99999e-01,9.99999e-01,3.03514e-05,9.99999e-01
4.599490440e-01,3.72749e-05,9.99999e-01,9.99999e-01,9.99999e-01,3.72749e-05,9.99999e-01
4.622487892e-01,4.55923e-05,9.99999e-01,9.99999e-01,9.99999e-01,4.55923e-05,9.99999e-01
4.645600332e-01,5.55443e-05,9.99999e-01,9.99999e-01,9.99999e-01,5.55443e-05,9.99999e-01
4.668828333e-01,6.74052e-05,9.99999e-01,9.99999e-01,9.99999e-01,6.74052e-05,9.99999e-01
4.692172475e-01,8.14868e-05,9.99999e-01,9.99999e-01,9.99999e-01,8.14868e-05,9.99999e-01
4.715633337e-01,9.81416e-05,9.99999e-01,9.99999e-01,9.99999e-01,9.81416e-05,9.99999e-01
4.739211504e-01,1.17767e-04,9.99999e-01,9.99999e-01,9.99999e-01,1.17767e-04,9.99999e-01
4.762907561e-01,1.40809e-04,9.99999e-01,9.99999e-01,9.99999e-01,1.40809e-04,9.99999e-01
4.786722099e-01,1.67766e-04,9.99999e-01,9.99999e-01,9.99999e-01,1.67766e-04,9.99999e-01
4.810655710e-01,1.99194e-04,9.99999e-01,9.99999e-01,9.99999e-01,1.99194e-04,9.99999e-01
4.834708988e-01,2.35708e-04,9.99999e-01,9.99999e-01,9.99999e-01,2.35708e-04,9.99999e-01
4.858882533e-01,2.77990e-04,9.99999e-01,9.99999e-01,9.99999e-01,2.77990e-04,9.99999e-01
4.883176946e-01,3.26790e-04,9.99999e-01,9.99999e-01,9.99999e-01,3.26790e-04,9.99999e-01
4.907592831e-01,3.82931e-04,9.99999e-01,9.99999e-01,9.99999e-01,3.82931e-04,9.99999e-01
4.932130795e-01,4.47314e-04,9.99999e-01,9.99999e-01,9.99999e-01,4.47314e-04,9.99999e-01
4.956791449e-01,5.20920e-04,9.99999e-01,9.99999e-01,9.99999e-01,5.20920e-04,9.99999e-01
4.981575406e-01,6.04816e-04,9.99999e-01,9.99999e-01,9.99999e-01,6.04816e-04,9.99999e-01
5.006483283e-01,7.00155e-04,9.99999e-01,9.99999e-01,9.99999e-01,7.00155e-04,9.99999e-01
5.031515699e-01,8.08182e-04,9.99999e-01,9.99999e-01,9.99999e-01,8.08182e-04,9.99999e-01
5.056673278e-01,9.30237e-04,9.99999e-01,9.99999e-01,9.99999e-01,9.30237e-04,9.99999e-01
5.081956644e-01,1.06775e-03,9.99999e-01,9.99999e-01,9.99999e-01,1.06775e-03,9.99999e-01
5.107366428e-01,1.22227e-03,9.99999e-01,9.99999e-01,9.99999e-01,1.22227e-03,9.99999e-01
5.132903260e-01,1.39541e-03,9.99999e-01,9.99999e-01,9.99999e-01,1.39541e-03,9.99999e-01
5.158567776e-01,1.58892e-03,9.99999e-01,9.99999e-01,9.99999e-01,1.58892e-03,9.99999e-01
5.184360615e-01,1.80462e-03,9.99999e-01,9.99999e-01,9.99999e-01,1.80462e-03,9.99999e-01
5.210282418e-01,2.04446e-03,9.99999e-01,9.99999e-01,9.99999e-01,2.04446e-03,9.99999e-01
5.236333830e-01,2.31048e-03,9.99999e-01,9.99999e-01,9.99999e-01,2.31048e-03,9.99999e-01
5.262515499e-01,2.60481e-03,9.99999e-01,9.99999e-01,9.99999e-01,2.60481e-03,9.99999e-01
5.288828077e-01,2.92968e-03,9.99999e-01,9.99999e-01,9.99999e-01,2.92968e-03,9.99999e-01
5.315272217e-01,3.28743e-03,9.99999e-01,9.99999e-01,9.99999e-01,3.28743e-03,9.99999e-01
5.341848578e-01,3.68049e-03,9.99999e-01,9.99999e-01,9.99999e-01,3.68049e-03,9.99999e-01
5.368557821e-01,4.11135e-03,9.99999e-01,9.99999e-01,9.99999e-01,4.11135e-03,9.99999e-01
5.395400610e-01,4.58263e-03,9.99999e-01,9.99999e-01,9.99999e-01,4.58263e-03,9.99999e-01
5.422377613e-01,5.09698e-03,9.99999e-01,9.99999e-01,9.99999e-01,5.09698e-03,9.99999e-01
5.449489501e-01,5.65717e-03,9.99999e-01,9.99999e-01,9.99999e-01,5.65717e-03,9.99999e-01
5.476736949e-01,6.26601e-03,9.99999e-01,9.99999e-01,9.99999e-01,6.26601e-03,9.99999e-01
5.504120634e-01,6.92638e-03,9.99999e-01,9.99999e-01,9.99999e-01,6.92638e-03,9.99999e-01
5.531641237e-01,7.64120e-03,9.99999e-01,9.99999e-01,9.99999e-01,7.64120e-03,9.99999e-01
5.559299443e-01,8.41345e-03,9.99999e-01,9.99999e-01,9.99999e-01,8.41345e-03,9.99999e-01
5.587095940e-01,9.24615e-03,9.99999e-01,9.99999e-01,9.99999e-01,9.24615e-03,9.99999e-01
5.615031420e-01,1.01423e-02,9.99999e-01,9.99999e-01,9.99999e-01,1.01423e-02,9.99999e-01
5.643106577e-01,1.11051e-02,9.99999e-01,9.99999e-01,9.99999e-01,1.11051e-02,9.99999e-01
5.671322110e-01,1.21375e-02,9.99999e-01,9.99999e-01,9.99999e-01,1.21375e-02,9.99999e-01
5.699678720e-01,1.32425e-02,9.99999e-01,9.99999e-01,9.99999e-01,1.32425e-02,9.99999e-01
5.728177114e-01,1.44234e-02,9.99999e-01,9.99999e-01,9.99999e-01,1.44234e-02,9.99999e-01
5.756818000e-01,1.56830e-02,9.99999e-01,9.99999e-01,9.99999e-01,1.56830e-02,9.99999e-01
5.785602090e-01,1.70245e-02,9.99999e-01,9.99999e-01,9.99999e-01,1.70245e-02,9.99999e-01
5.814530100e-01,1.84508e-02,9.99999e-01,9.99999e-01,9.99999e-01,1.84508e-02,9.99999e-01
5.843602750e-01,1.99648e-02,9.99999e-01,9.99999e-01,9.99999e-01,1.99648e-02,9.99999e-01
5.872820764e-01,2.15695e-02,9.99999e-01,9.99999e-01,9.99999e-01,2.15695e-02,9.99999e-01
5.902184868e-01,2.32675e-02,9.99999e-01,9.99999e-01,9.99999e-01,2.32675e-02,9.99999e-01
5.931695792e-01,2.50617e-02,9.99999e-01,9.99999e-01,9.99999e-01,2.50617e-02,9.99999e-01
5.961354271e-01,2.69547e-02,9.99999e-01,9.99999e-01,9.99999e-01,2.69547e-02,9.99999e-01
5.991161043e-01,2.89490e-02,9.99999e-01,9.99999e-01,9.99999e-01,2.89490e-02,9.99999e-01
6.021116848e-01,3.10470e-02,9.99999e-01,9.99999e-01,9.99999e-01,3.10470e-02,9.99999e-01
6.051222432e-01,3.32511e-02,9.99999e-01,9.99999e-01,9.99999e-01,3.32511e-02,9.99999e-01
6.081478544e-01,3.55635e-02,9.99999e-01,9.99999e-01,9.99999e-01,3.55635e-02,9.99999e-01
6.111885937e-01,3.79862e-02,9.99999e-01,9.99999e-01,9.99999e-01,3.79862e-02,9.99999e-01
6.142445367e-01,4.05211e-02,9.99999e-01,9.99999e-01,9.99999e-01,4.05211e-02,9.99999e-01
6.173157594e-01,4.31701e-02,9.99999e-01,9.99999e-01,9.99999e-01,4.31701e-02,9.99999e-01
6.204023382e-01,4.59348e-02,9.99999e-01,9.99999e-01,9.99999e-01,4.59348e-02,9.99999e-01
6.235043498e-01,4.88166e-02,9.99999e-01,9.99999e-01,9.99999e-01,4.88166e-02,9.99999e-01
6.266218716e-01,5.18169e-02,9.99999e-01,9.99999e-01,9.99999e-01,5.18169e-02,9.99999e-01
6.297549810e-01,5.49369e-02,9.99999e-01,9.99999e-01,9.99999e-01,5.49369e-02,9.99999e-01
6.329037559e-01,5.81775e-02,9.99999e-01,9.99999e-01,9.99999e-01,5.81775e-02,9.99999e-01
6.360682746e-01,6.15395e-02,9.99999e-01,9.99999e-01,9.99999e-01,6.15395e-02,9.99999e-01
6.392486160e-01,6.50236e-02,9.99999e-01,9.99999e-01,9.99999e-01,6.50236e-02,9.99999e-01
6.424448591e-01,6.86303e-02,9.99999e-01,9.99999e-01,9.99999e-01,6.86303e-02,9.99999e-01
6.456570834e-01,7.23599e-02,9.99999e-01,9.99999e-01,9.99999e-01,7.23599e-02,9.99999e-01
6.488853688e-01,7.62124e-02,9.99999e-01,9.99999e-01,9.99999e-01,7.62124e-02,9.99999e-01
6.521297956e-01,8.01878e-02,9.99999e-01,9.99999e-01,9.99999e-01,8.01878e-02,9.99999e-01
6.553904446e-01,8.42859e-02,9.99999e-01,9.99999e-01,9.99999e-01,8.42859e-02,9.99999e-01
6.586673968e-01,8.85062e-02,9.99999e-01,9.99999e-01,9.99999e-01,8.85062e-02,9.99999e-01
6.619607338e-01,9.28482e-02,9.99999e-01,9.99999e-01,9.99999e-01,9.28482e-02,9.99999e-01
6.652705375e-01,9.73112e-02,9.99999e-01,9.99999e-01,9.99999e-01,9.73112e-02,9.99999e-01
6.685968902e-01,1.01894e-01,9.99999e-01,9.99999e-01,9.99999e-01,1.01894e-01,9.99999e-01
6.719398746e-01,1.06596e-01,9.99999e-01,9.99999e-01,9.99999e-01,1.06596e-01,9.99999e-01
6.752995740e-01,1.11415e-01,9.99999e-01,9.99999e-01,9.99999e-01,1.11415e-01,9.99999e-01
6.786760719e-01,1.16351e-01,9.99999e-01,9.99999e-01,9.99999e-01,1.16351e-01,9.99999e-01
6.820694522e-01,1.21401e-01,9.99999e-01,9.99999e-01,9.99999e-01,1.21401e-01,9.99999e-01
6.854797995e-01,1.26565e-01,9.99999e-01,9.99999e-01,9.99999e-01,1.26565e-01,9.99999e-01
6.889071985e-01,1.31839e-01,9.99999e-01,9.99999e-01,9.99999e-01,1.31839e-01,9.99999e-01
6.923517345e-01,1.37222e-01,9.99999e-01,9.99999e-01,9.99999e-01,1.37222e-01,9.99999e-01
6.958134932e-01,1.42713e-01,9.99999e-01,9.99999e-01,9.99999e-01,1.42713e-01,9.99999e-01
6.992925606e-01,1.48308e-01,9.99999e-01,9.99999e-01,9.99999e-01,1.48308e-01,9.99999e-01
7.027890234e-01,1.54005e-01,9.99999e-01,9.99999e-01,9.99999e-01,1.54005e-01,9.99999e-01
7.063029686e-01,1.59803e-01,9.99999e-01,9.99999e-01,9.99999e-01,1.59803e-01,9.99999e-01
7.098344834e-01,1.65697e-01,9.99999e-01,9.99999e-01,9.99999e-01,1.65697e-01,9.99999e-01
7.133836558e-01,1.71686e-01,9.99999e-01,9.99999e-01,9.99999e-01,1.71686e-01,9.99999e-01
7.169505741e-01,1.77767e-01,9.99999e-01,9.99999e-01,9.99999e-01,1.77767e-01,9.99999e-01
7.205353270e-01,1.83937e-01,9.99999e-01,9.99999e-01,9.99999e-01,1.83937e-01,9.99999e-01
7.241380036e-01,1.90193e-01,9.99999e-01,9.99999e-01,9.99999e-01,1.90193e-01,9.99999e-01
7.277586936e-01,1.96531e-01,9.99999e-01,9.99999e-01,9.99999e-01,1.96531e-01,9.99999e-01
7.313974871e-01,2.02949e-01,9.99999e-01,9.99999e-01,9.99999e-01,2.02949e-01,9.99999e-01
7.350544745e-01,2.09444e-01,9.99999e-01,9.99999e-01,9.99999e-01,2.09444e-01,9.99999e-01
7.387297469e-01,2.16013e-01,9.99999e-01,9.99999e-01,9.99999e-01,2.16013e-01,9.99999e-01
7.424233956e-01,2.22651e-01,9.99999e-01,9.99999e-01,9.99999e-01,2.22651e-01,9.99999e-01
7.461355126e-01,2.29356e-01,9.99999e-01,9.99999e-01,9.99999e-01,2.29356e-01,9.99999e-01
7.498661902e-01,2.36125e-01,9.99999e-01,9.99999e-01,9.99999e-01,2.36125e-01,9.99999e-01
7.536155211e-01,2.42954e-01,9.99999e-01,9.99999e-01,9.99999e-01,2.42954e-01,9.99999e-01
7.573835987e-01,2.49840e-01,9.99999e-01,9.99999e-01,9.99999e-01,2.49840e-01,9.99999e-01
7.611705167e-01,2.56779e-01,9.99999e-01,9.99999e-01,9.99999e-01,2.56779e-01,9.99999e-01
7.649763693e-01,2.63768e-01,9.99999e-01,9.99999e-01,9.99999e-01,2.63768e-01,9.99999e-01
7.688012511e-01,2.70804e-01,9.99999e-01,9.99999e-01,9.99999e-01,2.70804e-01,9.99999e-01
7.726452574e-01,2.77882e-01,9.99999e-01,9.99999e-01,9.99999e-01,2.77882e-01,9.99999e-01
7.765084837e-01,2.85001e-01,9.99999e-01,9.99999e-01,9.99999e-01,2.85001e-01,9.99999e-01
7.803910261e-01,2.77148e-01,9.99999e-01,9.99999e-01,9.48631e-01,2.92156e-01,9.99999e-01
7.842929812e-01,2.32765e-01,9.99999e-01,9.99999e-01,7.77583e-01,2.99343e-01,9.99999e-01
7.882144461e-01,2.34811e-01,9.99999e-01,9.99999e-01,7.65952e-01,3.06561e-01,9.99999e-01
7.921555184e-01,2.67829e-01,9.99999e-01,9.99999e-01,8.53491e-01,3.13804e-01,9.99999e-01
7.961162960e-01,2.88455e-01,9.99999e-01,9.99999e-01,8.98413e-01,3.21071e-01,9.99999e-01
8.000968774e-01,3.09849e-01,9.99999e-01,9.99999e-01,9.43633e-01,3.28358e-01,9.99999e-01
8.040973618e-01,3.25683e-01,9.99999e-01,9.99999e-01,9.70274e-01,3.35661e-01,9.99999e-01
8.081178486e-01,3.38275e-01,9.99999e-01,9.99999e-01,9.86290e-01,3.42977e-01,9.99999e-01
8.121584379e-01,3.48803e-01,9.99999e-01,9.99999e-01,9.95715e-01,3.50304e-01,9.99999e-01
8.162192301e-01,3.57299e-01,9.99999e-01,9.99999e-01,9.99052e-01,3.57638e-01,9.99999e-01
8.203003262e-01,3.64970e-01,9.99999e-01,9.99999e-01,9.99984e-01,3.64975e-01,9.99999e-01
8.244018279e-01,3.72315e-01,9.99999e-01,9.99999e-01,9.99999e-01,3.72315e-01,9.99999e-01
8.285238370e-01,3.79652e-01,9.99999e-01,9.99999e-01,9.99999e-01,3.79652e-01,9.99999e-01
8.326664562e-01,3.86985e-01,9.99999e-01,9.99999e-01,9.99999e-01,3.86985e-01,9.99999e-01
8.368297885e-01,3.94310e-01,9.99999e-01,9.99999e-01,9.99999e-01,3.94310e-01,9.99999e-01
8.410139374e-01,4.01625e-01,9.99999e-01,9.99999e-01,9.99999e-01,4.01625e-01,9.99999e-01
8.452190071e-01,4.08928e-01,9.99999e-01,9.99999e-01,9.99999e-01,4.08928e-01,9.99999e-01
8.494451021e-01,4.16215e-01,9.99999e-01,9.99999e-01,9.99999e-01,4.16215e-01,9.99999e-01
8.536923276e-01,4.23484e-01,9.99999e-01,9.99999e-01,9.99999e-01,4.23484e-01,9.99999e-01
8.579607893e-01,4.30733e-01,9.99999e-01,9.99999e-01,9.99999e-01,4.30733e-01,9.99999e-01
8.622505932e-01,4.37959e-01,9.99999e-01,9.99999e-01,9.99999e-01,4.37959e-01,9.99999e-01
8.665618462e-01,4.02207e-01,9.99999e-01,9.99999e-01,9.03512e-01,4.45160e-01,9.99999e-01
8.708946554e-01,2.41592e-01,9.99999e-01,9.99999e-01,5.34101e-01,4.52333e-01,9.99999e-01
8.752491287e-01,2.74898e-01,9.99999e-01,9.99999e-01,5.98284e-01,4.59477e-01,9.99999e-01
8.796253743e-01,3.50665e-01,9.99999e-01,9.99999e-01,7.51549e-01,4.66590e-01,9.99999e-01
8.840235012e-01,4.08101e-01,9.99999e-01,9.99999e-01,8.61576e-01,4.73668e-01,9.99999e-01
8.884436187e-01,4.53148e-01,9.99999e-01,9.99999e-01,9.42660e-01,4.80712e-01,9.99999e-01
8.928858368e-01,4.76209e-01,9.99999e-01,9.99999e-01,9.76403e-01,4.87717e-01,9.99999e-01
8.973502660e-01,4.91808e-01,9.99999e-01,9.99999e-01,9.94185e-01,4.94684e-01,9.99999e-01
9.018370173e-01,5.01286e-01,9.99999e-01,9.99999e-01,9.99356e-01,5.01609e-01,9.99999e-01
9.063462024e-01,5.00438e-01,9.99999e-01,9.99999e-01,9.84160e-01,5.08492e-01,9.99999e-01
9.108779334e-01,4.96311e-01,9.99999e-01,9.99999e-01,9.63092e-01,5.15330e-01,9.99999e-01
9.154323231e-01,5.17497e-01,9.99999e-01,9.99999e-01,9.91141e-01,5.22123e-01,9.99999e-01
9.200094847e-01,4.68647e-01,9.99999e-01,9.99999e-01,8.86132e-01,5.28868e-01,9.99999e-01
9.246095321e-01,4.45775e-01,9.99999e-01,9.99999e-01,8.32345e-01,5.35564e-01,9.99999e-01
9.292325798e-01,4.70586e-01,9.99999e-01,9.99999e-01,8.67902e-01,5.42211e-01,9.99999e-01
9.338787427e-01,4.77752e-01,9.99999e-01,9.99999e-01,8.70529e-01,5.48806e-01,9.99999e-01
9.385481364e-01,5.01417e-01,9.99999e-01,9.99999e-01,9.02885e-01,5.55349e-01,9.99999e-01
9.432408771e-01,5.27624e-01,9.99999e-01,9.99999e-01,9.39100e-01,5.61839e-01,9.99999e-01
9.479570815e-01,5.50288e-01,9.99999e-01,9.99999e-01,9.68349e-01,5.68274e-01,9.99999e-01
9.526968669e-01,5.65801e-01,9.99999e-01,9.99999e-01,9.84594e-01,5.74653e-01,9.99999e-01
9.574603512e-01,5.77129e-01,9.99999e-01,9.99999e-01,9.93378e-01,5.80976e-01,9.99999e-01
9.622476530e-01,5.86025e-01,9.99999e-01,9.99999e-01,9.97928e-01,5.87241e-01,9.99999e-01
9.670588912e-01,5.93079e-01,9.99999e-01,9.99999e-01,9.99377e-01,5.93448e-01,9.99999e-01
9.718941857e-01,5.99570e-01,9.99999e-01,9.99999e-01,9.99954e-01,5.99596e-01,9.99999e-01
9.767536566e-01,6.05685e-01,9.99999e-01,9.99999e-01,9.99999e-01,6.05685e-01,9.99999e-01
9.816374249e-01,6.11713e-01,9.99999e-01,9.99999e-01,9.99999e-01,6.11713e-01,9.99999e-01
9.865456120e-01,6.17681e-01,9.99999e-01,9.99999e-01,9.99999e-01,6.17681e-01,9.99999e-01
9.914783401e-01,6.23587e-01,9.99999e-01,9.99999e-01,9.99999e-01,6.23587e-01,9.99999e-01
9.964357318e-01,6.29431e-01,9.99999e-01,9.99999e-01,9.99999e-01,6.29431e-01,9.99999e-01
1.001417910e+00,6.35213e-01,9.99999e-01,9.99999e-01,9.99999e-01,6.35213e-01,9.99999e-01
1.006425000e+00,6.40933e-01,9.99999e-01,9.99999e-01,9.99999e-01,6.40933e-01,9.99999e-01
1.011457125e+00,6.46589e-01,9.99999e-01,9.99999e-01,9.99999e-01,6.46589e-01,9.99999e-01
1.016514411e+00,6.52182e-01,9.99999e-01,9.99999e-01,9.99999e-01,6.52182e-01,9.99999e-01
1.021596983e+00,6.57661e-01,9.99999e-01,9.99999e-01,9.99921e-01,6.57712e-01,9.99999e-01
1.026704968e+00,6.59059e-01,9.99999e-01,9.99999e-01,9.93789e-01,6.63178e-01,9.99999e-01
1.031838492e+00,6.28569e-01,9.99999e-01,9.99999e-01,9.40154e-01,6.68580e-01,9.99999e-01
1.036997685e+00,6.44973e-02,9.99999e-01,9.99999e-01,9.57050e-02,6.73918e-01,9.99999e-01
1.042182673e+00,2.25753e-02,9.99999e-01,9.99999e-01,3.32384e-02,6.79191e-01,9.99999e-01
1.047393587e+00,3.77162e-02,9.99999e-01,9.99999e-01,5.51083e-02,6.84401e-01,9.99999e-01
1.052630555e+00,1.48206e-04,9.99999e-01,9.99999e-01,2.14932e-04,6.89547e-01,9.99999e-01
1.057893707e+00,4.75099e-04,9.99999e-01,9.99999e-01,6.83960e-04,6.94628e-01,9.99999e-01
1.063183176e+00,3.08410e-03,9.99999e-01,9.99999e-01,4.40808e-03,6.99646e-01,9.99999e-01
1.068499092e+00,1.42731e-02,9.99999e-01,9.99999e-01,2.02570e-02,7.04600e-01,9.99999e-01
1.073841587e+00,5.92068e-02,9.99999e-01,9.99999e-01,8.34497e-02,7.09489e-01,9.99999e-01
1.079210795e+00,1.48371e-01,9.99999e-01,9.99999e-01,2.07711e-01,7.14315e-01,9.99999e-01
1.084606849e+00,2.99428e-01,9.99999e-01,9.99999e-01,4.16405e-01,7.19078e-01,9.99999e-01
1.090029883e+00,4.58709e-01,9.99999e-01,9.99999e-01,6.33770e-01,7.23777e-01,9.99999e-01
1.095480033e+00,5.81485e-01,9.99999e-01,9.99999e-01,7.98289e-01,7.28414e-01,9.99999e-01
1.100957433e+00,6.57479e-01,9.99999e-01,9.99999e-01,8.96984e-01,7.32988e-01,9.99999e-01
1.106462220e+00,7.05029e-01,9.99999e-01,9.99999e-01,9.55973e-01,7.37499e-01,9.99999e-01
1.111994531e+00,7.29665e-01,9.99999e-01,9.99999e-01,9.83444e-01,7.41948e-01,9.99999e-01
1.117554504e+00,7.43288e-01,9.99999e-01,9.99999e-01,9.95917e-01,7.46335e-01,9.99999e-01
1.123142276e+00,7.50458e-01,9.99999e-01,9.99999e-01,9.99729e-01,7.50661e-01,9.99999e-01
1.128757988e+00,7.54925e-01,9.99999e-01,9.99999e-01,9.99999e-01,7.54925e-01,9.99999e-01
1.134401778e+00,7.59129e-01,9.99999e-01,9.99999e-01,9.99999e-01,7.59129e-01,9.99999e-01
1.140073787e+00,7.63273e-01,9.99999e-01,9.99999e-01,9.99999e-01,7.63273e-01,9.99999e-01
1.145774156e+00,7.67356e-01,9.99999e-01,9.99999e-01,9.99999e-01,7.67356e-01,9.99999e-01
1.151503026e+00,7.71380e-01,9.99999e-01,9.99999e-01,9.99999e-01,7.71380e-01,9.99999e-01
1.157260541e+00,7.75346e-01,9.99999e-01,9.99999e-01,9.99999e-01,7.75346e-01,9.99999e-01
1.163046844e+00,7.79252e-01,9.99999e-01,9.99999e-01,9.99999e-01,7.79252e-01,9.99999e-01
1.168862078e+00,7.83101e-01,9.99999e-01,9.99999e-01,9.99999e-01,7.83101e-01,9.99999e-01
1.174706389e+00,7.86892e-01,9.99999e-01,9.99999e-01,9.99999e-01,7.86892e-01,9.99999e-01
1.180579921e+00,7.90626e-01,9.99999e-01,9.99999e-01,9.99999e-01,7.90626e-01,9.99999e-01
1.186482820e+00,7.94296e-01,9.99999e-01,9.99999e-01,9.99991e-01,7.94303e-01,9.99999e-01
1.192415234e+00,7.80649e-01,9.99999e-01,9.99999e-01,9.78348e-01,7.97924e-01,9.99999e-01
1.198377311e+00,4.38278e-01,9.99999e-01,9.99999e-01,5.46828e-01,8.01490e-01,9.99999e-01
1.204369197e+00,1.93234e-17,9.99999e-01,9.99999e-01,2.40042e-17,8.05001e-01,9.99999e-01
1.210391043e+00,1.63958e-67,9.99999e-01,9.99999e-01,2.02804e-67,8.08458e-01,9.99999e-01
1.216442998e+00,1.47404e-58,9.99999e-01,9.99999e-01,1.81563e-58,8.11860e-01,9.99999e-01
1.222525213e+00,1.07678e-57,9.99999e-01,9.99999e-01,1.32086e-57,8.15209e-01,9.99999e-01
1.228637839e+00,1.20077e-44,9.99999e-01,9.99999e-01,1.46702e-44,8.18506e-01,9.99999e-01
1.234781029e+00,3.22452e-28,9.99999e-01,9.99999e-01,3.92396e-28,8.21750e-01,9.99999e-01
1.240954934e+00,6.45786e-19,9.99999e-01,9.99999e-01,7.82824e-19,8.24943e-01,9.99999e-01
1.247159708e+00,1.03769e-09,9.99999e-01,9.99999e-01,1.25312e-09,8.28085e-01,9.99999e-01
1.253395507e+00,1.72795e-06,9.99999e-01,9.99999e-01,2.07892e-06,8.31176e-01,9.99999e-01
1.259662485e+00,2.82697e-04,9.99999e-01,9.99999e-01,3.38876e-04,8.34217e-01,9.99999e-01
1.265960797e+00,1.14839e-02,9.99999e-01,9.99999e-01,1.37168e-02,8.37210e-01,9.99999e-01
1.272290601e+00,1.10568e-01,9.99999e-01,9.99999e-01,1.31604e-01,8.40153e-01,9.99999e-01
1.278652054e+00,1.11017e-01,9.99999e-01,9.99999e-01,1.31686e-01,8.43048e-01,9.99999e-01
1.285045314e+00,1.02126e-03,9.99999e-01,9.99999e-01,1.20731e-03,8.45896e-01,9.99999e-01
1.291470541e+00,1.78401e-08,9.99999e-01,9.99999e-01,2.10206e-08,8.48697e-01,9.99999e-01
1.297927893e+00,3.28870e-04,9.99999e-01,9.99999e-01,3.86245e-04,8.51452e-01,9.99999e-01
1.304417533e+00,2.71741e-02,9.99999e-01,9.99999e-01,3.18138e-02,8.54161e-01,9.99999e-01
1.310939621e+00,6.62842e-03,9.99999e-01,9.99999e-01,7.73603e-03,8.56824e-01,9.99999e-01
1.317494319e+00,1.74676e-23,9.99999e-01,9.99999e-01,2.03242e-23,8.59443e-01,9.99999e-01
1.324081790e+00,9.09570e-16,9.99999e-01,9.99999e-01,1.05516e-15,8.62019e-01,9.99999e-01
1.330702199e+00,2.36886e-09,9.99999e-01,9.99999e-01,2.73999e-09,8.64551e-01,9.99999e-01
1.337355710e+00,7.73644e-09,9.99999e-01,9.99999e-01,8.92281e-09,8.67040e-01,9.99999e-01
1.344042489e+00,2.99878e-09,9.99999e-01,9.99999e-01,3.44890e-09,8.69486e-01,9.99999e-01
1.350762701e+00,1.28572e-09,9.99999e-01,9.99999e-01,1.47463e-09,8.71892e-01,9.99999e-01
1.357516515e+00,2.93753e-06,9.99999e-01,9.99999e-01,3.36003e-06,8.74256e-01,9.99999e-01
1.364304097e+00,1.63457e-04,9.99999e-01,9.99999e-01,1.86471e-04,8.76579e-01,9.99999e-01
1.371125618e+00,1.05347e-02,9.99999e-01,9.99999e-01,1.19868e-02,8.78863e-01,9.99999e-01
1.377981246e+00,2.12850e-02,9.99999e-01,9.99999e-01,2.41571e-02,8.81108e-01,9.99999e-01
1.384871152e+00,1.01156e-01,9.99999e-01,9.99999e-01,1.14519e-01,8.83313e-01,9.99999e-01
1.391795508e+00,1.19284e-01,9.99999e-01,9.99999e-01,1.34711e-01,8.85481e-01,9.99999e-01
1.398754485e+00,2.55508e-01,9.99999e-01,9.99999e-01,2.87860e-01,8.87611e-01,9.99999e-01
1.405748258e+00,3.56705e-01,9.99999e-01,9.99999e-01,4.00925e-01,8.89703e-01,9.99999e-01
1.412776999e+00,4.99549e-01,9.99999e-01,9.99999e-01,5.60183e-01,8.91759e-01,9.99999e-01
1.419840884e+00,4.53552e-01,9.99999e-01,9.99999e-01,5.07454e-01,8.93780e-01,9.99999e-01
1.426940089e+00,2.79634e-02,9.99999e-01,9.99999e-01,3.12173e-02,8.95764e-01,9.99999e-01
1.434074789e+00,0.00000e+00,9.99999e-01,9.99999e-01,0.00000e+00,8.97714e-01,9.99999e-01
1.441245163e+00,0.00000e+00,9.99999e-01,9.99999e-01,0.00000e+00,8.99629e-01,9.99999e-01
1.448451389e+00,0.00000e+00,9.99999e-01,9.99999e-01,0.00000e+00,9.01511e-01,9.99999e-01
1.455693646e+00,0.00000e+00,9.99999e-01,9.99999e-01,0.00000e+00,9.03359e-01,9.99999e-01
1.462972114e+00,4.04774e-267,9.99999e-01,9.99999e-01,4.47177e-267,9.05174e-01,9.99999e-01
1.470286975e+00,3.08500e-111,9.99999e-01,9.99999e-01,3.40148e-111,9.06957e-01,9.99999e-01
1.477638409e+00,3.76491e-70,9.99999e-01,9.99999e-01,4.14314e-70,9.08709e-01,9.99999e-01
1.485026601e+00,2.38756e-39,9.99999e-01,9.99999e-01,2.62245e-39,9.10429e-01,9.99999e-01
1.492451734e+00,1.52917e-33,9.99999e-01,9.99999e-01,1.67651e-33,9.12118e-01,9.99999e-01
1.499913993e+00,5.90031e-15,9.99999e-01,9.99999e-01,6.45706e-15,9.13776e-01,9.99999e-01
1.507413563e+00,1.03213e-13,9.99999e-01,9.99999e-01,1.12751e-13,9.15405e-01,9.99999e-01
1.514950631e+00,3.81311e-15,9.99999e-01,9.99999e-01,4.15822e-15,9.17005e-01,9.99999e-01
1.522525384e+00,4.73029e-50,9.99999e-01,9.99999e-01,5.14959e-50,9.18576e-01,9.99999e-01
1.530138011e+00,1.12046e-118,9.99999e-01,9.99999e-01,1.21773e-118,9.20118e-01,9.99999e-01
1.537788701e+00,5.99027e-88,9.99999e-01,9.99999e-01,6.49963e-88,9.21632e-01,9.99999e-01
1.545477645e+00,4.62406e-19,9.99999e-01,9.99999e-01,5.00916e-19,9.23119e-01,9.99999e-01
1.553205033e+00,9.08411e-14,9.99999e-01,9.99999e-01,9.82512e-14,9.24579e-01,9.99999e-01
1.560971058e+00,3.56896e-14,9.99999e-01,9.99999e-01,3.85411e-14,9.26012e-01,9.99999e-01
1.568775913e+00,8.01350e-300,9.99999e-01,9.99999e-01,8.64064e-300,9.27419e-01,9.99999e-01
1.576619793e+00,0.00000e+00,9.99999e-01,9.99999e-01,0.00000e+00,9.28800e-01,9.99999e-01
1.584502892e+00,0.00000e+00,9.99999e-01,9.99999e-01,0.00000e+00,9.30156e-01,9.99999e-01
1.592425406e+00,3.07247e-267,9.99999e-01,9.99999e-01,3.29845e-267,9.31488e-01,9.99999e-01
1.600387533e+00,0.00000e+00,9.99999e-01,9.99999e-01,0.00000e+00,9.32794e-01,9.99999e-01
1.608389471e+00,0.00000e+00,9.99999e-01,9.99999e-01,0.00000e+00,9.34077e-01,9.99999e-01
1.616431418e+00,0.00000e+00,9.99999e-01,9.99999e-01,0.00000e+00,9.35336e-01,9.99999e-01
1.624513575e+00,0.00000e+00,9.99999e-01,9.99999e-01,0.00000e+00,9.36572e-01,9.99999e-01
1.632636143e+00,4.04224e-252,9.99999e-01,9.99999e-01,4.31041e-252,9.37785e-01,9.99999e-01
1.640799324e+00,4.19594e-103,9.99999e-01,9.99999e-01,4.46863e-103,9.38976e-01,9.99999e-01
1.649003321e+00,4.20185e-103,9.99999e-01,9.99999e-01,4.46936e-103,9.40144e-01,9.99999e-01
1.657248337e+00,8.13672e-80,9.99999e-01,9.99999e-01,8.64420e-80,9.41291e-01,9.99999e-01
1.665534579e+00,2.40364e-80,9.99999e-01,9.99999e-01,2.55050e-80,9.42417e-01,9.99999e-01
1.673862252e+00,1.90038e-51,9.99999e-01,9.99999e-01,2.01413e-51,9.43521e-01,9.99999e-01
1.682231563e+00,8.31275e-36,9.99999e-01,9.99999e-01,8.80023e-36,9.44605e-01,9.99999e-01
1.690642721e+00,3.62844e-20,9.99999e-01,9.99999e-01,3.83690e-20,9.45669e-01,9.99999e-01
1.699095934e+00,5.36626e-13,9.99999e-01,9.99999e-01,5.66831e-13,9.46713e-01,9.99999e-01
1.707591414e+00,4.88731e-07,9.99999e-01,9.99999e-01,5.15681e-07,9.47738e-01,9.99999e-01
1.716129371e+00,2.31417e-04,9.99999e-01,9.99999e-01,2.43919e-04,9.48743e-01,9.99999e-01
1.724710018e+00,8.55125e-03,9.99999e-01,9.99999e-01,9.00387e-03,9.49730e-01,9.99999e-01
1.733333568e+00,4.32090e-02,9.99999e-01,9.99999e-01,4.54498e-02,9.50698e-01,9.99999e-01
1.742000236e+00,1.55241e-01,9.99999e-01,9.99999e-01,1.63129e-01,9.51648e-01,9.99999e-01
1.750710237e+00,1.61059e-03,9.99999e-01,9.99999e-01,1.69076e-03,9.52580e-01,9.99999e-01
1.759463788e+00,4.02440e-49,9.99999e-01,9.99999e-01,4.22068e-49,9.53494e-01,9.99999e-01
1.768261107e+00,2.04860e-51,9.99999e-01,9.99999e-01,2.14650e-51,9.54391e-01,9.99999e-01
1.777102413e+00,5.94560e-50,9.99999e-01,9.99999e-01,6.22398e-50,9.55272e-01,9.99999e-01
1.785987925e+00,5.85449e-47,9.99999e-01,9.99999e-01,6.12307e-47,9.56136e-01,9.99999e-01
1.794917864e+00,7.53702e-45,9.99999e-01,9.99999e-01,7.87580e-45,9.56983e-01,9.99999e-01
1.803892454e+00,3.75470e-43,9.99999e-01,9.99999e-01,3.92006e-43,9.57815e-01,9.99999e-01
1.812911916e+00,1.86558e-41,9.99999e-01,9.99999e-01,1.94609e-41,9.58630e-01,9.99999e-01
1.821976476e+00,1.56490e-41,9.99999e-01,9.99999e-01,1.63107e-41,9.59431e-01,9.99999e-01
1.831086358e+00,1.82786e-33,9.99999e-01,9.99999e-01,1.90359e-33,9.60216e-01,9.99999e-01
1.840241790e+00,1.56381e-28,9.99999e-01,9.99999e-01,1.62730e-28,9.60986e-01,9.99999e-01
1.849442999e+00,6.94861e-20,9.99999e-01,9.99999e-01,7.22502e-20,9.61742e-01,9.99999e-01
1.858690214e+00,1.23129e-18,9.99999e-01,9.99999e-01,1.27928e-18,9.62483e-01,9.99999e-01
1.867983665e+00,2.73000e-19,9.99999e-01,9.99999e-01,2.83427e-19,9.63210e-01,9.99999e-01
1.877323583e+00,2.01172e-93,9.99999e-01,9.99999e-01,2.08701e-93,9.63924e-01,9.99999e-01
1.886710201e+00,1.37652e-122,9.99999e-01,9.99999e-01,1.42700e-122,9.64624e-01,9.99999e-01
1.896143752e+00,6.31144e-140,9.99999e-01,9.99999e-01,6.53825e-140,9.65310e-01,9.99999e-01
1.905624471e+00,3.10155e-162,9.99999e-01,9.99999e-01,3.21076e-162,9.65984e-01,9.99999e-01
1.915152593e+00,8.44631e-126,9.99999e-01,9.99999e-01,8.73775e-126,9.66644e-01,9.99999e-01
1.924728356e+00,1.71676e-150,9.99999e-01,9.99999e-01,1.77481e-150,9.67292e-01,9.99999e-01
1.934351998e+00,0.00000e+00,9.99999e-01,9.99999e-01,0.00000e+00,9.67928e-01,9.99999e-01
1.944023758e+00,0.00000e+00,9.99999e-01,9.99999e-01,0.00000e+00,9.68551e-01,9.99999e-01
1.953743877e+00,0.00000e+00,9.99999e-01,9.99999e-01,0.00000e+00,9.69163e-01,9.99999e-01
1.963512596e+00,0.00000e+00,9.99999e-01,9.99999e-01,0.00000e+00,9.69762e-01,9.99999e-01
1.973330159e+00,0.00000e+00,9.99999e-01,9.99999e-01,0.00000e+00,9.70351e-01,9.99999e-01
1.983196810e+00,0.00000e+00,9.99999e-01,9.99999e-01,0.00000e+00,9.70928e-01,9.99999e-01
1.993112794e+00,0.00000e+00,9.99999e-01,9.99999e-01,0.00000e+00,9.71494e-01,9.99999e-01
2.003078358e+00,0.00000e+00,9.99999e-01,9.99999e-01,0.00000e+00,9.72049e-01,9.99986e-01
2.013093750e+00,0.00000e+00,9.99999e-01,9.99999e-01,0.00000e+00,9.72593e-01,9.99973e-01
2.023159218e+00,0.00000e+00,9.99999e-01,9.99999e-01,0.00000e+00,9.73127e-01,9.99958e-01
2.033275015e+00,0.00000e+00,9.99999e-01,9.99999e-01,0.00000e+00,9.73651e-01,9.99936e-01
2.043441390e+00,0.00000e+00,9.99999e-01,9.99999e-01,0.00000e+00,9.74165e-01,9.99895e-01
2.053658597e+00,0.00000e+00,9.99998e-01,9.99999e-01,0.00000e+00,9.74668e-01,9.99819e-01
2.063926890e+00,0.00000e+00,9.99997e-01,9.99999e-01,0.00000e+00,9.75162e-01,9.99690e-01
2.074246524e+00,0.00000e+00,9.99996e-01,9.99999e-01,0.00000e+00,9.75647e-01,9.99465e-01
2.084617757e+00,0.00000e+00,9.99994e-01,9.99999e-01,0.00000e+00,9.76122e-01,9.99109e-01
2.095040845e+00,0.00000e+00,9.99991e-01,9.99999e-01,0.00000e+00,9.76588e-01,9.98616e-01
2.105516050e+00,0.00000e+00,9.99989e-01,9.99999e-01,0.00000e+00,9.77045e-01,9.98017e-01
2.116043630e+00,0.00000e+00,9.99990e-01,9.99999e-01,0.00000e+00,9.77494e-01,9.97538e-01
2.126623848e+00,0.00000e+00,9.99991e-01,9.99999e-01,0.00000e+00,9.77933e-01,9.97213e-01
2.137256967e+00,0.00000e+00,9.99992e-01,9.99999e-01,0.00000e+00,9.78364e-01,9.96878e-01
2.147943252e+00,0.00000e+00,9.99996e-01,9.99999e-01,0.00000e+00,9.78787e-01,9.96247e-01
2.158682968e+00,7.36041e-207,9.99977e-01,9.99999e-01,7.54959e-207,9.79202e-01,9.95650e-01
2.169476383e+00,1.67362e-100,9.99991e-01,9.99999e-01,1.71412e-100,9.79608e-01,9.96697e-01
2.180323765e+00,8.65762e-63,9.99995e-01,9.99999e-01,8.85528e-63,9.80007e-01,9.97623e-01
2.191225384e+00,5.43777e-32,9.99994e-01,9.99999e-01,5.55742e-32,9.80398e-01,9.98032e-01
2.202181511e+00,7.26858e-21,9.99995e-01,9.99999e-01,7.42233e-21,9.80781e-01,9.98474e-01
2.213192418e+00,3.56013e-11,9.99996e-01,9.99999e-01,3.63238e-11,9.81157e-01,9.98931e-01
2.224258381e+00,2.14610e-07,9.99997e-01,9.99999e-01,2.18798e-07,9.81526e-01,9.99323e-01
2.235379672e+00,2.93549e-05,9.99997e-01,9.99999e-01,2.99079e-05,9.81888e-01,9.99612e-01
2.246556571e+00,8.25625e-04,9.99998e-01,9.99999e-01,8.40733e-04,9.82242e-01,9.99782e-01
2.257789354e+00,1.14609e-02,9.99998e-01,9.99999e-01,1.16653e-02,9.82590e-01,9.99879e-01
2.269078300e+00,1.82854e-02,9.99999e-01,9.99999e-01,1.86041e-02,9.82931e-01,9.99936e-01
2.280423692e+00,2.19151e-02,9.99999e-01,9.99999e-01,2.22888e-02,9.83265e-01,9.99962e-01
2.291825810e+00,7.88789e-02,9.99999e-01,9.99999e-01,8.01963e-02,9.83593e-01,9.99978e-01
2.303284939e+00,1.34133e-01,9.99999e-01,9.99999e-01,1.36327e-01,9.83914e-01,9.99987e-01
2.314801364e+00,1.66670e-01,9.99999e-01,9.99999e-01,1.69342e-01,9.84230e-01,9.99991e-01
2.326375371e+00,3.02397e-01,9.99999e-01,9.99999e-01,3.07145e-01,9.84539e-01,9.99999e-01
2.338007248e+00,2.72686e-01,9.99999e-01,9.99999e-01,2.76883e-01,9.84842e-01,9.99999e-01
2.349697284e+00,3.22671e-01,9.99999e-01,9.99999e-01,3.27539e-01,9.85139e-01,9.99999e-01
2.361445770e+00,4.03643e-01,9.99999e-01,9.99999e-01,4.09610e-01,9.85430e-01,9.99999e-01
2.373252999e+00,4.39031e-01,9.99999e-01,9.99999e-01,4.45393e-01,9.85716e-01,9.99999e-01
2.385119264e+00,6.91014e-01,9.99999e-01,9.99999e-01,7.00828e-01,9.85996e-01,9.99999e-01
2.397044861e+00,8.52362e-01,9.99999e-01,9.99999e-01,8.64227e-01,9.86271e-01,9.99999e-01
2.409030085e+00,7.65255e-01,9.99999e-01,9.99999e-01,7.75695e-01,9.86540e-01,9.99999e-01
2.421075235e+00,6.38507e-01,9.99999e-01,9.99999e-01,6.47045e-01,9.86804e-01,9.99999e-01
2.433180612e+00,1.05430e-01,9.99999e-01,9.99999e-01,1.06812e-01,9.87063e-01,9.99999e-01
2.445346515e+00,3.35739e-01,9.99999e-01,9.99999e-01,3.40052e-01,9.87317e-01,9.99999e-01
2.457573247e+00,6.36753e-03,9.99999e-01,9.99999e-01,6.44769e-03,9.87566e-01,9.99999e-01
2.469861113e+00,2.19559e-13,9.99999e-01,9.99999e-01,2.22268e-13,9.87810e-01,9.99999e-01
2.482210419e+00,1.32588e-44,9.99999e-01,9.99999e-01,1.34191e-44,9.88049e-01,9.99999e-01
2.494621471e+00,1.09659e-92,9.99999e-01,9.99999e-01,1.10959e-92,9.88284e-01,9.99999e-01
2.507094578e+00,9.30818e-90,9.99999e-01,9.99999e-01,9.41632e-90,9.88514e-01,9.99999e-01
2.519630051e+00,4.45727e-119,9.99999e-01,9.99999e-01,4.50803e-119,9.88740e-01,9.99999e-01
2.532228202e+00,1.77673e-152,9.99999e-01,9.99999e-01,1.79656e-152,9.88961e-01,9.99999e-01
2.544889343e+00,3.78895e-158,9.99999e-01,9.99999e-01,3.83040e-158,9.89178e-01,9.99999e-01
2.557613789e+00,1.61860e-187,9.99999e-01,9.99999e-01,1.63596e-187,9.89390e-01,9.99999e-01
2.570401858e+00,0.00000e+00,9.99999e-01,9.99999e-01,0.00000e+00,9.89599e-01,9.99999e-01
2.583253867e+00,0.00000e+00,9.99999e-01,9.99999e-01,0.00000e+00,9.89803e-01,9.99999e-01
2.596170137e+00,0.00000e+00,9.99999e-01,9.99999e-01,0.00000e+00,9.90003e-01,9.99999e-01
2.609150988e+00,0.00000e+00,9.99999e-01,9.99999e-01,0.00000e+00,9.90200e-01,9.99999e-01
2.622196742e+00,0.00000e+00,9.99999e-01,9.99999e-01,0.00000e+00,9.90393e-01,9.99999e-01
2.635307726e+00,0.00000e+00,9.99999e-01,9.99999e-01,0.00000e+00,9.90581e-01,9.99999e-01
2.648484265e+00,0.00000e+00,9.99999e-01,9.99999e-01,0.00000e+00,9.90767e-01,9.99999e-01
2.661726686e+00,0.00000e+00,9.99999e-01,9.99999e-01,0.00000e+00,9.90948e-01,9.99999e-01
2.675035320e+00,0.00000e+00,9.99999e-01,9.99999e-01,0.00000e+00,9.91126e-01,9.99999e-01
2.688410496e+00,0.00000e+00,9.99999e-01,9.99999e-01,0.00000e+00,9.91301e-01,9.99999e-01
2.701852549e+00,0.00000e+00,9.99999e-01,9.99999e-01,0.00000e+00,9.91472e-01,9.99999e-01
2.715361811e+00,0.00000e+00,9.99999e-01,9.99999e-01,0.00000e+00,9.91639e-01,9.99999e-01
2.728938620e+00,0.00000e+00,9.99999e-01,9.99999e-01,0.00000e+00,9.91804e-01,9.99999e-01
2.742583314e+00,0.00000e+00,9.99999e-01,9.99999e-01,0.00000e+00,9.91965e-01,9.99999e-01
2.756296230e+00,0.00000e+00,9.99999e-01,9.99999e-01,0.00000e+00,9.92123e-01,9.99999e-01
2.770077711e+00,0.00000e+00,9.99999e-01,9.99999e-01,0.00000e+00,9.92278e-01,9.99999e-01
2.783928100e+00,0.00000e+00,9.99999e-01,9.99999e-01,0.00000e+00,9.92430e-01,9.99999e-01
2.797847740e+00,0.00000e+00,9.99999e-01,9.99999e-01,0.00000e+00,9.92579e-01,9.99999e-01
2.811836979e+00,0.00000e+00,9.99999e-01,9.99999e-01,0.00000e+00,9.92725e-01,9.99999e-01
2.825896164e+00,0.00000e+00,9.99999e-01,9.99999e-01,0.00000e+00,9.92868e-01,9.99999e-01
2.840025645e+00,0.00000e+00,9.99999e-01,9.99999e-01,0.00000e+00,9.93009e-01,9.99999e-01
2.854225773e+00,0.00000e+00,9.99999e-01,9.99999e-01,0.00000e+00,9.93146e-01,9.99999e-01
2.868496902e+00,0.00000e+00,9.99999e-01,9.99999e-01,0.00000e+00,9.93281e-01,9.99999e-01
2.882839386e+00,0.00000e+00,9.99999e-01,9.99999e-01,0.00000e+00,9.93413e-01,9.99999e-01
2.897253583e+00,0.00000e+00,9.99999e-01,9.99999e-01,0.00000e+00,9.93543e-01,9.99999e-01
2.911739851e+00,0.00000e+00,9.99999e-01,9.99999e-01,0.00000e+00,9.93670e-01,9.99999e-01
2.926298550e+00,0.00000e+00,9.99999e-01,9.99999e-01,0.00000e+00,9.93795e-01,9.99999e-01
2.940930043e+00,0.00000e+00,9.99999e-01,9.99999e-01,0.00000e+00,9.93917e-01,9.99999e-01
2.955634693e+00,0.00000e+00,9.99999e-01,9.99999e-01,0.00000e+00,9.94037e-01,9.99999e-01
2.970412867e+00,0.00000e+00,9.99999e-01,9.99999e-01,0.00000e+00,9.94154e-01,9.99999e-01
2.985264931e+00,0.00000e+00,9.99999e-01,9.99999e-01,0.00000e+00,9.94269e-01,9.99999e-01
3.000191256e+00,0.00000e+00,9.99999e-01,9.99999e-01,0.00000e+00,9.94382e-01,9.99999e-01
3.015192212e+00,0.00000e+00,9.99999e-01,9.99999e-01,0.00000e+00,9.94493e-01,9.99999e-01
3.030268173e+00,0.00000e+00,9.99999e-01,9.99999e-01,0.00000e+00,9.94601e-01,9.99999e-01
3.045419514e+00,4.36580e-235,9.99999e-01,9.99999e-01,4.38902e-235,9.94707e-01,9.99999e-01
3.060646612e+00,1.01072e-107,9.99999e-01,9.99999e-01,1.01599e-107,9.94812e-01,9.99999e-01
3.075949845e+00,1.90978e-86,9.99999e-01,9.99999e-01,1.59404e-85,9.94914e-01,1.20420e-01
3.091329594e+00,2.71749e-83,9.99999e-01,9.99999e-01,3.95568e-81,9.95014e-01,6.90425e-03
3.106786242e+00,1.64640e-86,9.99999e-01,9.99999e-01,1.53859e-80,9.95112e-01,1.07533e-06
3.122320173e+00,1.41803e-72,9.99999e-01,9.99999e-01,5.03019e-56,9.95209e-01,2.83259e-17
3.137931774e+00,4.80141e-63,9.99999e-01,9.99999e-01,4.76444e-55,9.95303e-01,1.01251e-08
3.153621433e+00,7.11196e-59,9.99999e-01,9.99999e-01,7.47989e-57,9.95396e-01,9.55208e-03
3.169389540e+00,2.40765e-84,9.99999e-01,9.99999e-01,3.50855e-76,9.95486e-01,6.89334e-09
3.185236488e+00,1.24475e-74,9.99999e-01,9.99999e-01,2.94801e-61,9.95575e-01,4.24109e-14
3.201162670e+00,1.83309e-72,9.99999e-01,9.99999e-01,6.08890e-49,9.95662e-01,3.02365e-24
3.217168483e+00,6.23123e-81,9.99999e-01,9.99999e-01,6.05650e-47,9.95748e-01,1.03324e-34
3.233254326e+00,2.90702e-91,9.99999e-01,9.99999e-01,8.32449e-40,9.95832e-01,3.50674e-52
3.249420598e+00,1.52534e-107,9.99999e-01,9.99999e-01,6.23184e-23,9.95914e-01,2.45769e-85
3.265667701e+00,4.38497e-156,9.99999e-01,9.99999e-01,9.65703e-20,9.95994e-01,4.55895e-137
3.281996039e+00,6.08404e-229,9.99999e-01,9.99999e-01,6.04705e-15,9.96073e-01,1.01008e-214
3.298406019e+00,1.88733e-321,9.99999e-01,9.99999e-01,9.87473e-13,9.96151e-01,1.92508e-309
3.314898049e+00,0.00000e+00,9.99999e-01,9.99999e-01,2.38083e-12,9.96227e-01,0.00000e+00
3.331472540e+00,0.00000e+00,9.99999e-01,9.99999e-01,7.46589e-12,9.96301e-01,0.00000e+00
3.348129902e+00,9.52219e-268,9.99999e-01,9.99999e-01,1.80001e-09,9.96374e-01,5.30932e-259
3.364870552e+00,6.15422e-185,9.99999e-01,9.99999e-01,5.02086e-09,9.96445e-01,1.23010e-176
3.381694905e+00,3.60093e-116,9.99999e-01,9.99999e-01,6.43102e-08,9.96515e-01,5.61888e-109
3.398603379e+00,9.51188e-71,9.99999e-01,9.99999e-01,4.31448e-06,9.96584e-01,2.21220e-65
3.415596396e+00,3.06714e-43,9.99999e-01,9.99999e-01,9.71365e-06,9.96651e-01,3.16816e-38
3.432674378e+00,2.42580e-29,9.99999e-01,9.99999e-01,1.04271e-06,9.96717e-01,2.33410e-23
3.449837750e+00,3.03378e-19,9.99999e-01,9.99999e-01,4.93255e-09,9.96782e-01,6.17037e-11
3.467086939e+00,1.61937e-17,9.99999e-01,9.99999e-01,1.11884e-15,9.96846e-01,1.45195e-02
3.484422373e+00,2.51927e-21,9.99999e-01,9.99999e-01,4.83974e-21,9.96908e-01,5.22152e-01
3.501844485e+00,7.11577e-31,9.99999e-01,9.99999e-01,4.15764e-30,9.96969e-01,1.71669e-01
3.519353708e+00,2.89307e-36,9.99999e-01,9.99999e-01,2.90633e-36,9.97029e-01,9.98404e-01
3.536950476e+00,7.19963e-45,9.99999e-01,9.99999e-01,7.24281e-45,9.97087e-01,9.96940e-01
3.554635228e+00,4.41990e-44,9.99999e-01,9.99999e-01,4.46352e-44,9.97145e-01,9.93062e-01
3.572408405e+00,3.05719e-36,9.99999e-01,9.99999e-01,3.10201e-36,9.97201e-01,9.88315e-01
3.590270447e+00,4.05141e-34,9.99999e-01,9.99999e-01,4.09115e-34,9.97256e-01,9.93010e-01
3.608221799e+00,2.64948e-24,9.99999e-01,9.99999e-01,2.66761e-24,9.97310e-01,9.95879e-01
3.626262908e+00,5.33786e-14,9.99999e-01,9.99999e-01,5.36167e-14,9.97363e-01,9.98189e-01
3.644394222e+00,4.45175e-11,9.99999e-01,9.99999e-01,4.47218e-11,9.97415e-01,9.98008e-01
3.662616193e+00,8.08215e-06,9.99999e-01,9.99999e-01,8.13358e-06,9.97466e-01,9.96199e-01
3.680929274e+00,3.67234e-03,9.99999e-01,9.99999e-01,3.72055e-03,9.97516e-01,9.89498e-01
3.699333921e+00,6.68905e-02,9.99999e-01,9.99999e-01,6.84548e-02,9.97565e-01,9.79531e-01
3.717830590e+00,3.52091e-02,9.99999e-01,9.99999e-01,3.66817e-02,9.97613e-01,9.62150e-01
3.736419743e+00,4.60768e-04,9.99999e-01,9.99999e-01,4.89719e-04,9.97660e-01,9.43087e-01
3.755101842e+00,3.85532e-12,9.99998e-01,9.99999e-01,4.08268e-12,9.97706e-01,9.46480e-01
3.773877351e+00,1.90923e-27,9.99997e-01,9.99999e-01,1.98803e-27,9.97752e-01,9.62524e-01
3.792746738e+00,4.94175e-69,9.99996e-01,9.99999e-01,5.08347e-69,9.97796e-01,9.74268e-01
3.811710472e+00,4.49055e-45,9.99993e-01,9.99999e-01,4.61279e-45,9.97839e-01,9.75607e-01
3.830769024e+00,7.51574e-45,9.99989e-01,9.99999e-01,7.73933e-45,9.97882e-01,9.73173e-01
3.849922869e+00,7.37340e-62,9.99981e-01,9.99999e-01,7.63445e-62,9.97924e-01,9.67821e-01
3.869172484e+00,1.71013e-38,9.99974e-01,9.99999e-01,1.79197e-38,9.97965e-01,9.56282e-01
3.888518346e+00,1.16908e-16,9.99955e-01,9.99999e-01,1.24599e-16,9.98005e-01,9.40167e-01
3.907960938e+00,5.50586e-13,9.99945e-01,9.99999e-01,5.99974e-13,9.98044e-01,9.19507e-01
3.927500742e+00,3.03480e-13,9.99905e-01,9.99999e-01,3.38528e-13,9.98083e-01,8.98230e-01
3.947138246e+00,2.37884e-19,9.99868e-01,9.99999e-01,2.69893e-19,9.98121e-01,8.83102e-01
3.966873937e+00,2.77952e-29,9.99849e-01,9.99999e-01,3.23331e-29,9.98158e-01,8.61291e-01
3.986708307e+00,2.07943e-45,9.99755e-01,9.99999e-01,2.51694e-45,9.98194e-01,8.27736e-01
4.006641849e+00,1.50164e-82,9.99680e-01,9.99999e-01,1.91313e-82,9.98230e-01,7.86380e-01
4.026675058e+00,0.00000e+00,9.99739e-01,9.99999e-01,0.00000e+00,9.98265e-01,7.40990e-01
4.046808433e+00,0.00000e+00,9.99723e-01,9.99999e-01,0.00000e+00,9.98299e-01,6.94866e-01
4.067042475e+00,0.00000e+00,9.99604e-01,9.99999e-01,0.00000e+00,9.98332e-01,6.51336e-01
4.087377688e+00,0.00000e+00,9.99537e-01,9.99999e-01,0.00000e+00,9.98365e-01,6.12886e-01
4.107814576e+00,0.00000e+00,9.99460e-01,9.99999e-01,0.00000e+00,9.98397e-01,5.83030e-01
4.128353649e+00,0.00000e+00,9.99456e-01,9.99999e-01,0.00000e+00,9.98429e-01,5.64128e-01
4.148995417e+00,0.00000e+00,9.99627e-01,9.99999e-01,0.00000e+00,9.98460e-01,5.55372e-01
4.169740394e+00,0.00000e+00,9.99652e-01,9.99999e-01,0.00000e+00,9.98490e-01,5.56915e-01
4.190589096e+00,0.00000e+00,9.99675e-01,9.99999e-01,0.00000e+00,9.98520e-01,5.64799e-01
4.211542042e+00,0.00000e+00,9.99700e-01,9.99999e-01,0.00000e+00,9.98549e-01,5.67094e-01
4.232599752e+00,0.00000e+00,9.99818e-01,9.99999e-01,0.00000e+00,9.98578e-01,5.54358e-01
4.253762751e+00,0.00000e+00,9.99871e-01,9.99999e-01,0.00000e+00,9.98606e-01,5.16284e-01
4.275031564e+00,0.00000e+00,9.99792e-01,9.99999e-01,0.00000e+00,9.98634e-01,4.51069e-01
4.296406722e+00,0.00000e+00,9.97956e-01,9.99999e-01,0.00000e+00,9.98661e-01,4.30916e-01
4.317888756e+00,0.00000e+00,9.99596e-01,9.99999e-01,0.00000e+00,9.98687e-01,4.83926e-01
4.339478200e+00,0.00000e+00,9.99763e-01,9.99999e-01,0.00000e+00,9.98713e-01,5.66854e-01
4.361175591e+00,0.00000e+00,9.99810e-01,9.99999e-01,0.00000e+00,9.98738e-01,6.22177e-01
4.382981469e+00,0.00000e+00,9.99795e-01,9.99999e-01,0.00000e+00,9.98763e-01,6.51907e-01
4.404896376e+00,0.00000e+00,9.99714e-01,9.99999e-01,0.00000e+00,9.98788e-01,6.69440e-01
4.426920858e+00,0.00000e+00,9.99713e-01,9.99999e-01,0.00000e+00,9.98811e-01,6.84663e-01
4.449055462e+00,0.00000e+00,9.99800e-01,9.99999e-01,0.00000e+00,9.98835e-01,7.02074e-01
4.471300739e+00,0.00000e+00,9.99791e-01,9.99999e-01,0.00000e+00,9.98858e-01,7.23538e-01
4.493657243e+00,0.00000e+00,9.99820e-01,9.99999e-01,0.00000e+00,9.98880e-01,7.49193e-01
4.516125529e+00,0.00000e+00,9.99827e-01,9.99999e-01,0.00000e+00,9.98902e-01,7.77120e-01
4.538706157e+00,0.00000e+00,9.99795e-01,9.99999e-01,0.00000e+00,9.98924e-01,8.06682e-01
4.561399688e+00,0.00000e+00,9.99857e-01,9.99999e-01,0.00000e+00,9.98945e-01,8.36027e-01
4.584206686e+00,0.00000e+00,9.99886e-01,9.99999e-01,0.00000e+00,9.98966e-01,8.63593e-01
4.607127720e+00,0.00000e+00,9.99889e-01,9.99999e-01,0.00000e+00,9.98987e-01,8.88738e-01
4.630163358e+00,0.00000e+00,9.99930e-01,9.99999e-01,0.00000e+00,9.99007e-01,9.10918e-01
4.653314175e+00,0.00000e+00,9.99933e-01,9.99999e-01,0.00000e+00,9.99026e-01,9.29317e-01
4.676580746e+00,0.00000e+00,9.99936e-01,9.99999e-01,0.00000e+00,9.99045e-01,9.44373e-01
4.699963650e+00,0.00000e+00,9.99965e-01,9.99999e-01,0.00000e+00,9.99064e-01,9.56616e-01
4.723463468e+00,0.00000e+00,9.99958e-01,9.99999e-01,0.00000e+00,9.99083e-01,9.66327e-01
4.747080785e+00,0.00000e+00,9.99978e-01,9.99999e-01,0.00000e+00,9.99101e-01,9.73754e-01
4.770816189e+00,0.00000e+00,9.99979e-01,9.99999e-01,0.00000e+00,9.99118e-01,9.79657e-01
4.794670270e+00,0.00000e+00,9.99982e-01,9.99999e-01,0.00000e+00,9.99136e-01,9.84296e-01
4.818643622e+00,0.00000e+00,9.99989e-01,9.99999e-01,0.00000e+00,9.99153e-01,9.87968e-01
4.842736840e+00,0.00000e+00,9.99988e-01,9.99999e-01,0.00000e+00,9.99170e-01,9.90740e-01
4.866950524e+00,0.00000e+00,9.99994e-01,9.99999e-01,0.00000e+00,9.99186e-01,9.92798e-01
4.891285276e+00,0.00000e+00,9.99994e-01,9.99999e-01,0.00000e+00,9.99202e-01,9.94481e-01
4.915741703e+00,0.00000e+00,9.99996e-01,9.99999e-01,0.00000e+00,9.99218e-01,9.95773e-01
4.940320411e+00,0.00000e+00,9.99997e-01,9.99999e-01,0.00000e+00,9.99233e-01,9.96734e-01
4.965022013e+00,0.00000e+00,9.99997e-01,9.99999e-01,0.00000e+00,9.99248e-01,9.97489e-01
4.989847123e+00,0.00000e+00,9.99998e-01,9.99999e-01,0.00000e+00,9.99263e-01,9.98134e-01
5.014796359e+00,0.00000e+00,9.99998e-01,9.99999e-01,0.00000e+00,9.99278e-01,9.98661e-01
5.039870341e+00,0.00000e+00,9.99998e-01,9.99999e-01,0.00000e+00,9.99292e-01,9.99079e-01
5.065069693e+00,0.00000e+00,9.99999e-01,9.99999e-01,0.00000e+00,9.99306e-01,9.99384e-01
5.090395041e+00,0.00000e+00,9.99999e-01,9.99999e-01,0.00000e+00,9.99320e-01,9.99650e-01
5.115847016e+00,0.00000e+00,9.99999e-01,9.99999e-01,0.00000e+00,9.99333e-01,9.99805e-01
5.141426251e+00,0.00000e+00,9.99999e-01,9.99999e-01,0.00000e+00,9.99346e-01,9.99788e-01
5.167133383e+00,0.00000e+00,9.99999e-01,9.99999e-01,0.00000e+00,9.99359e-01,9.99919e-01
5.192969049e+00,0.00000e+00,9.99999e-01,9.99999e-01,0.00000e+00,9.99372e-01,9.99936e-01
5.218933895e+00,0.00000e+00,9.99999e-01,9.99999e-01,0.00000e+00,9.99384e-01,9.99846e-01
5.245028564e+00,0.00000e+00,9.99999e-01,9.99999e-01,0.00000e+00,9.99396e-01,9.99860e-01
5.271253707e+00,0.00000e+00,9.99999e-01,9.99999e-01,0.00000e+00,9.99408e-01,9.99900e-01
5.297609976e+00,0.00000e+00,9.99999e-01,9.99999e-01,0.00000e+00,9.99420e-01,9.99888e-01
5.324098025e+00,0.00000e+00,9.99999e-01,9.99999e-01,0.00000e+00,9.99431e-01,9.99947e-01
5.350718516e+00,0.00000e+00,9.99999e-01,9.99999e-01,0.00000e+00,9.99442e-01,9.99317e-01
5.377472108e+00,0.00000e+00,9.99999e-01,9.99999e-01,0.00000e+00,9.99453e-01,9.99401e-01
5.404359469e+00,0.00000e+00,9.99999e-01,9.99999e-01,0.00000e+00,9.99464e-01,9.99999e-01
5.431381266e+00,0.00000e+00,9.99999e-01,9.99999e-01,0.00000e+00,9.99475e-01,9.99999e-01
5.458538172e+00,0.00000e+00,9.99999e-01,9.99999e-01,0.00000e+00,9.99485e-01,9.99999e-01
5.485830863e+00,2.78263e-302,9.99999e-01,9.99999e-01,2.78403e-302,9.99495e-01,9.99999e-01
5.513260018e+00,1.69589e-222,9.99999e-01,9.99999e-01,1.69673e-222,9.99505e-01,9.99999e-01
5.540826318e+00,1.08437e-147,9.99999e-01,9.99999e-01,1.08489e-147,9.99515e-01,9.99999e-01
5.568530449e+00,9.90885e-112,9.99999e-01,9.99999e-01,1.02358e-111,9.99524e-01,9.68517e-01
5.596373101e+00,1.26169e-82,9.99999e-01,9.99999e-01,1.32381e-82,9.99534e-01,9.53518e-01
5.624354967e+00,5.51653e-73,9.99999e-01,9.99999e-01,5.88348e-73,9.99543e-01,9.38057e-01
5.652476742e+00,5.58377e-62,9.99999e-01,9.99999e-01,6.07845e-62,9.99552e-01,9.19027e-01
5.680739126e+00,8.37635e-56,9.99999e-01,9.99999e-01,9.37010e-56,9.99561e-01,8.94336e-01
5.709142821e+00,7.57973e-53,9.99999e-01,9.99999e-01,8.81040e-53,9.99570e-01,8.60685e-01
5.737688535e+00,2.07106e-54,9.99999e-01,9.99999e-01,2.53456e-54,9.99578e-01,8.17470e-01
5.766376978e+00,5.46819e-48,9.99999e-01,9.99999e-01,7.13823e-48,9.99586e-01,7.66358e-01
5.795208863e+00,4.10345e-35,9.99999e-01,9.99999e-01,5.83705e-35,9.99594e-01,7.03285e-01
5.824184907e+00,1.51936e-25,9.99999e-01,9.99999e-01,2.41925e-25,9.99602e-01,6.28279e-01
5.853305832e+00,5.12195e-26,9.99999e-01,9.99999e-01,9.47492e-26,9.99610e-01,5.40790e-01
5.882572361e+00,2.09309e-30,9.99999e-01,9.99999e-01,4.71518e-30,9.99618e-01,4.44073e-01
5.911985223e+00,1.48740e-26,9.99999e-01,9.99999e-01,4.35354e-26,9.99625e-01,3.41779e-01
5.941545149e+00,1.32489e-14,9.99999e-01,9.99999e-01,5.47090e-14,9.99633e-01,2.42259e-01
5.971252874e+00,1.23459e-09,9.99999e-01,9.99999e-01,8.05343e-09,9.99640e-01,1.53355e-01
6.001109139e+00,4.03325e-08,9.99999e-01,9.99999e-01,4.79852e-07,9.99647e-01,8.40815e-02
6.031114685e+00,3.16429e-09,9.99999e-01,9.99999e-01,7.91190e-08,9.99654e-01,4.00079e-02
6.061270258e+00,3.59404e-12,9.99999e-01,9.99999e-01,2.36131e-10,9.99661e-01,1.52256e-02
6.091576609e+00,8.62284e-17,9.99999e-01,9.99999e-01,2.18534e-14,9.99668e-01,3.94707e-03
6.122034492e+00,1.02672e-21,9.99999e-01,9.99999e-01,1.53243e-18,9.99674e-01,6.70211e-04
6.152644665e+00,3.52950e-29,9.99999e-01,9.99999e-01,4.71384e-25,9.99681e-01,7.48989e-05
6.183407888e+00,2.64097e-34,9.99999e-01,9.99999e-01,6.07930e-29,9.99687e-01,4.34556e-06
6.214324928e+00,1.08102e-37,9.99999e-01,9.99999e-01,1.00098e-30,9.99693e-01,1.08029e-07
6.245396552e+00,1.16562e-32,9.99999e-01,9.99999e-01,1.29554e-23,9.99699e-01,8.99990e-10
6.276623535e+00,4.03345e-33,9.99999e-01,9.99999e-01,2.18045e-21,9.99705e-01,1.85036e-12
6.308006653e+00,1.09694e-37,9.99999e-01,9.99999e-01,1.70424e-22,9.99711e-01,6.43837e-16
6.339546686e+00,1.17549e-49,9.99999e-01,9.99999e-01,4.80163e-30,9.99716e-01,2.44880e-20
6.371244419e+00,7.08842e-59,9.99999e-01,9.99999e-01,4.49210e-34,9.99722e-01,1.57841e-25
6.403100641e+00,3.65575e-56,9.99999e-01,9.99999e-01,6.12843e-25,9.99728e-01,5.96684e-32
6.435116145e+00,1.92284e-51,9.99999e-01,9.99999e-01,7.81699e-12,9.99733e-01,2.46047e-40
6.467291725e+00,1.78805e-60,9.99999e-01,9.99999e-01,2.01005e-06,9.99738e-01,8.89788e-55
6.499628184e+00,5.09952e-72,9.99999e-01,9.99999e-01,2.41989e-03,9.99743e-01,2.10787e-69
6.532126325e+00,2.36869e-87,9.99999e-01,9.99999e-01,2.88847e-02,9.99748e-01,8.20255e-86
6.564786956e+00,5.79942e-111,9.99999e-01,9.99999e-01,8.21151e-02,9.99753e-01,7.06428e-110
6.597610891e+00,4.48194e-135,9.99999e-01,9.99999e-01,1.28238e-01,9.99758e-01,3.49585e-134
6.630598946e+00,2.38487e-169,9.99999e-01,9.99999e-01,1.66897e-01,9.99763e-01,1.42928e-168
6.663751940e+00,1.00812e-205,9.99999e-01,9.99999e-01,1.67057e-01,9.99768e-01,6.03600e-205
6.697070700e+00,9.61349e-253,9.99999e-01,9.99999e-01,1.02789e-01,9.99772e-01,9.35476e-252
6.730556054e+00,3.55127e-302,9.99999e-01,9.99999e-01,4.12733e-02,9.99777e-01,8.60618e-301
6.764208834e+00,0.00000e+00,9.99999e-01,9.99999e-01,7.93076e-03,9.99781e-01,0.00000e+00
6.798029878e+00,0.00000e+00,9.99999e-01,9.99999e-01,6.90250e-04,9.99785e-01,0.00000e+00
6.832020027e+00,0.00000e+00,9.99999e-01,9.99999e-01,1.57464e-05,9.99790e-01,0.00000e+00
6.866180128e+00,0.00000e+00,9.99999e-01,9.99999e-01,4.00043e-08,9.99794e-01,0.00000e+00
6.900511028e+00,0.00000e+00,9.99999e-01,9.99999e-01,1.77179e-11,9.99798e-01,0.00000e+00
6.935013583e+00,0.00000e+00,9.99999e-01,9.99999e-01,1.28270e-18,9.99802e-01,0.00000e+00
6.969688651e+00,0.00000e+00,9.99999e-01,9.99999e-01,2.91458e-26,9.99806e-01,0.00000e+00
7.004537095e+00,0.00000e+00,9.99999e-01,9.99999e-01,3.35116e-41,9.99809e-01,0.00000e+00
7.039559780e+00,0.00000e+00,9.99999e-01,9.99999e-01,4.84570e-53,9.99813e-01,0.00000e+00
7.074757579e+00,0.00000e+00,9.99999e-01,9.99999e-01,8.81209e-73,9.99817e-01,0.00000e+00
7.110131367e+00,0.00000e+00,9.99999e-01,9.99999e-01,1.04453e-84,9.99820e-01,0.00000e+00
7.145682024e+00,0.00000e+00,9.99999e-01,9.99999e-01,4.31447e-101,9.99824e-01,0.00000e+00
7.181410434e+00,0.00000e+00,9.99999e-01,9.99999e-01,2.66499e-110,9.99827e-01,0.00000e+00
7.217317486e+00,0.00000e+00,9.99999e-01,9.99999e-01,8.65024e-116,9.99831e-01,0.00000e+00
7.253404073e+00,0.00000e+00,9.99999e-01,9.99999e-01,2.79373e-114,9.99834e-01,0.00000e+00
7.289671094e+00,0.00000e+00,9.99999e-01,9.99999e-01,1.01693e-90,9.99837e-01,0.00000e+00
7.326119449e+00,0.00000e+00,9.99999e-01,9.99999e-01,1.44684e-85,9.99841e-01,0.00000e+00
7.362750046e+00,0.00000e+00,9.99999e-01,9.99999e-01,4.25794e-93,9.99844e-01,0.00000e+00
7.399563797e+00,0.00000e+00,9.99999e-01,9.99999e-01,2.02852e-92,9.99847e-01,0.00000e+00
7.436561616e+00,0.00000e+00,9.99999e-01,9.99999e-01,4.61996e-77,9.99850e-01,0.00000e+00
7.473744424e+00,0.00000e+00,9.99999e-01,9.99999e-01,6.76483e-51,9.99853e-01,0.00000e+00
7.511113146e+00,0.00000e+00,9.99999e-01,9.99999e-01,6.69233e-36,9.99856e-01,0.00000e+00
7.548668712e+00,0.00000e+00,9.99999e-01,9.99999e-01,4.08720e-22,9.99858e-01,0.00000e+00
7.586412055e+00,0.00000e+00,9.99999e-01,9.99999e-01,1.88424e-18,9.99861e-01,0.00000e+00
7.624344115e+00,0.00000e+00,9.99999e-01,9.99999e-01,5.82544e-18,9.99864e-01,0.00000e+00
7.662465836e+00,0.00000e+00,9.99999e-01,9.99999e-01,1.07002e-20,9.99867e-01,0.00000e+00
7.700778165e+00,0.00000e+00,9.99999e-01,9.99999e-01,1.12959e-27,9.99869e-01,0.00000e+00
7.739282056e+00,0.00000e+00,9.99999e-01,9.99999e-01,2.24220e-45,9.99872e-01,0.00000e+00
7.777978466e+00,0.00000e+00,9.99999e-01,9.99999e-01,1.49944e-60,9.99874e-01,0.00000e+00
7.816868359e+00,0.00000e+00,9.99999e-01,9.99999e-01,1.40585e-81,9.99877e-01,0.00000e+00
7.855952700e+00,0.00000e+00,9.99999e-01,9.99999e-01,1.88426e-83,9.99879e-01,0.00000e+00
7.895232464e+00,0.00000e+00,9.99999e-01,9.99999e-01,3.04920e-70,9.99882e-01,0.00000e+00
7.934708626e+00,0.00000e+00,9.99999e-01,9.99999e-01,1.14728e-64,9.99884e-01,0.00000e+00
7.974382169e+00,0.00000e+00,9.99999e-01,9.99999e-01,3.58016e-71,9.99886e-01,0.00000e+00
8.014254080e+00,0.00000e+00,9.99999e-01,9.99999e-01,7.46913e-86,9.99888e-01,0.00000e+00
8.054325351e+00,0.00000e+00,9.99999e-01,9.99999e-01,8.49395e-88,9.99891e-01,0.00000e+00
8.094596977e+00,0.00000e+00,9.99999e-01,9.99999e-01,4.38749e-84,9.99893e-01,0.00000e+00
8.135069962e+00,0.00000e+00,9.99999e-01,9.99999e-01,3.78615e-76,9.99895e-01,0.00000e+00
8.175745312e+00,0.00000e+00,9.99999e-01,9.99999e-01,3.68701e-63,9.99897e-01,0.00000e+00
8.216624039e+00,0.00000e+00,9.99999e-01,9.99999e-01,1.17695e-54,9.99899e-01,5.29708e-289
8.257707159e+00,4.01378e-268,9.99999e-01,9.99999e-01,2.09582e-43,9.99901e-01,1.91533e-225
8.298995695e+00,3.74866e-211,9.99999e-01,9.99999e-01,2.77007e-39,9.99903e-01,1.35340e-172
8.340490673e+00,3.51570e-166,9.99999e-01,9.99999e-01,2.50493e-36,9.99905e-01,1.40364e-130
8.382193126e+00,9.54333e-132,9.99999e-01,9.99999e-01,8.19190e-34,9.99907e-01,1.16508e-98
8.424104092e+00,1.45102e-101,9.99999e-01,9.99999e-01,2.17523e-27,9.99908e-01,6.67127e-75
8.466224613e+00,7.64776e-78,9.99999e-01,9.99999e-01,1.61164e-21,9.99910e-01,4.74575e-57
8.508555736e+00,3.36439e-53,9.99999e-01,9.99999e-01,6.71598e-13,9.99912e-01,5.00996e-41
8.551098514e+00,2.56894e-39,9.99999e-01,9.99999e-01,2.14641e-09,9.99914e-01,1.19696e-30
8.593854007e+00,1.95668e-32,9.99999e-01,9.99999e-01,5.81212e-09,9.99915e-01,3.36684e-24
8.636823277e+00,2.44426e-28,9.99999e-01,9.99999e-01,1.92524e-10,9.99917e-01,1.26969e-18
8.680007393e+00,1.89642e-25,9.99999e-01,9.99999e-01,7.28637e-12,9.99919e-01,2.60291e-14
8.723407430e+00,3.55654e-23,9.99999e-01,9.99999e-01,1.13252e-12,9.99920e-01,3.14063e-11
8.767024467e+00,8.96619e-23,9.99999e-01,9.99999e-01,1.18145e-14,9.99922e-01,7.58972e-09
8.810859590e+00,5.19736e-53,9.99999e-01,9.99999e-01,6.73068e-47,9.99923e-01,7.72248e-07
8.854913888e+00,3.44757e-165,9.99999e-01,9.99999e-01,1.72729e-160,9.99925e-01,1.99608e-05
8.899188457e+00,0.00000e+00,9.99999e-01,9.99999e-01,0.00000e+00,9.99926e-01,2.40969e-04
8.943684399e+00,0.00000e+00,9.99999e-01,9.99999e-01,0.00000e+00,9.99928e-01,1.92853e-03
8.988402821e+00,0.00000e+00,9.99999e-01,9.99999e-01,0.00000e+00,9.99929e-01,8.26266e-03
9.033344836e+00,0.00000e+00,9.99999e-01,9.99999e-01,0.00000e+00,9.99930e-01,2.50462e-02
9.078511560e+00,0.00000e+00,9.99999e-01,9.99999e-01,0.00000e+00,9.99932e-01,5.91273e-02
9.123904118e+00,0.00000e+00,9.99999e-01,9.99999e-01,0.00000e+00,9.99933e-01,1.13819e-01
9.169523638e+00,0.00000e+00,9.99999e-01,9.99999e-01,0.00000e+00,9.99934e-01,1.88932e-01
9.215371256e+00,0.00000e+00,9.99999e-01,9.99999e-01,0.00000e+00,9.99936e-01,2.69772e-01
9.261448113e+00,0.00000e+00,9.99999e-01,9.99999e-01,0.00000e+00,9.99937e-01,3.65406e-01
9.307755353e+00,0.00000e+00,9.99999e-01,9.99999e-01,0.00000e+00,9.99938e-01,4.62137e-01
9.354294130e+00,0.00000e+00,9.99999e-01,9.99999e-01,0.00000e+00,9.99939e-01,5.52605e-01
9.401065601e+00,0.00000e+00,9.99999e-01,9.99999e-01,0.00000e+00,9.99941e-01,6.34587e-01
9.448070929e+00,0.00000e+00,9.99999e-01,9.99999e-01,0.00000e+00,9.99942e-01,6.99344e-01
9.495311283e+00,0.00000e+00,9.99999e-01,9.99999e-01,0.00000e+00,9.99943e-01,7.54888e-01
9.542787840e+00,0.00000e+00,9.99999e-01,9.99999e-01,0.00000e+00,9.99944e-01,8.05721e-01
9.590501779e+00,0.00000e+00,9.99999e-01,9.99999e-01,0.00000e+00,9.99945e-01,8.47368e-01
9.638454288e+00,0.00000e+00,9.99999e-01,9.99999e-01,0.00000e+00,9.99946e-01,8.77904e-01
9.686646559e+00,0.00000e+00,9.99999e-01,9.99999e-01,0.00000e+00,9.99947e-01,9.02691e-01
9.735079792e+00,0.00000e+00,9.99999e-01,9.99999e-01,0.00000e+00,9.99948e-01,9.22661e-01
9.783755191e+00,0.00000e+00,9.99999e-01,9.99999e-01,0.00000e+00,9.99949e-01,9.38670e-01
9.832673967e+00,0.00000e+00,9.99999e-01,9.99999e-01,0.00000e+00,9.99950e-01,9.51458e-01
9.881837337e+00,0.00000e+00,9.99999e-01,9.99999e-01,0.00000e+00,9.99951e-01,9.61627e-01
9.931246523e+00,0.00000e+00,9.99999e-01,9.99999e-01,0.00000e+00,9.99952e-01,9.69709e-01
9.980902756e+00,0.00000e+00,9.99999e-01,9.99999e-01,0.00000e+00,9.99953e-01,9.99999e-01
1.003080727e+01,0.00000e+00,9.99999e-01,9.99999e-01,0.00000e+00,9.99954e-01,9.99999e-01
1.008096131e+01,0.00000e+00,9.99999e-01,9.99999e-01,0.00000e+00,9.99955e-01,9.99999e-01
1.013136611e+01,0.00000e+00,9.99999e-01,9.99999e-01,0.00000e+00,9.99956e-01,9.99999e-01
1.018202294e+01,0.00000e+00,9.99999e-01,9.99999e-01,0.00000e+00,9.99957e-01,9.99999e-01
1.023293306e+01,0.00000e+00,9.99999e-01,9.99999e-01,0.00000e+00,9.99957e-01,9.99999e-01
1.028409772e+01,0.00000e+00,9.99999e-01,9.99999e-01,0.00000e+00,9.99958e-01,9.99999e-01
1.033551821e+01,0.00000e+00,9.99999e-01,9.99999e-01,0.00000e+00,9.99959e-01,9.99999e-01
1.038719580e+01,0.00000e+00,9.99999e-01,9.99999e-01,0.00000e+00,9.99960e-01,9.99999e-01
1.043913178e+01,0.00000e+00,9.99999e-01,9.99999e-01,0.00000e+00,9.99961e-01,9.99999e-01
1.049132744e+01,0.00000e+00,9.99999e-01,9.99999e-01,0.00000e+00,9.99961e-01,9.99999e-01
1.054378408e+01,0.00000e+00,9.99999e-01,9.99999e-01,0.00000e+00,9.99962e-01,9.99999e-01
1.059650300e+01,0.00000e+00,9.99999e-01,9.99999e-01,0.00000e+00,9.99963e-01,9.99999e-01
1.064948551e+01,0.00000e+00,9.99999e-01,9.99999e-01,0.00000e+00,9.99964e-01,9.99999e-01
1.070273294e+01,0.00000e+00,9.99999e-01,9.99999e-01,0.00000e+00,9.99964e-01,9.99999e-01
1.075624661e+01,0.00000e+00,9.99999e-01,9.99999e-01,0.00000e+00,9.99965e-01,9.99999e-01
1.081002784e+01,0.00000e+00,9.99999e-01,9.99999e-01,0.00000e+00,9.99966e-01,9.99999e-01
1.086407798e+01,0.00000e+00,9.99999e-01,9.99999e-01,0.00000e+00,9.99966e-01,9.99999e-01
1.091839837e+01,0.00000e+00,9.99999e-01,9.99999e-01,0.00000e+00,9.99967e-01,9.99999e-01
1.097299036e+01,0.00000e+00,9.99999e-01,9.99999e-01,0.00000e+00,9.99968e-01,9.99999e-01
1.102785531e+01,0.00000e+00,9.99999e-01,9.99999e-01,0.00000e+00,9.99968e-01,9.99999e-01
1.108299459e+01,0.00000e+00,9.99999e-01,9.99999e-01,0.00000e+00,9.99969e-01,9.99999e-01
1.113840956e+01,0.00000e+00,9.99999e-01,9.99999e-01,0.00000e+00,9.99969e-01,9.99999e-01
1.119410161e+01,0.00000e+00,9.99999e-01,9.99999e-01,0.00000e+00,9.99970e-01,9.99999e-01
1.125007212e+01,0.00000e+00,9.99999e-01,9.99999e-01,0.00000e+00,9.99971e-01,9.99999e-01
1.130632248e+01,0.00000e+00,9.99999e-01,9.99999e-01,0.00000e+00,9.99971e-01,9.99999e-01
1.136285409e+01,0.00000e+00,9.99999e-01,9.99999e-01,0.00000e+00,9.99972e-01,9.99999e-01
1.141966836e+01,0.00000e+00,9.99999e-01,9.99999e-01,0.00000e+00,9.99972e-01,9.99999e-01
1.147676670e+01,0.00000e+00,9.99999e-01,9.99999e-01,0.00000e+00,9.99973e-01,9.99999e-01
1.153415054e+01,0.00000e+00,9.99999e-01,9.99999e-01,0.00000e+00,9.99973e-01,9.99999e-01
1.159182129e+01,0.00000e+00,9.99999e-01,9.99999e-01,0.00000e+00,9.99974e-01,9.99999e-01
1.164978039e+01,0.00000e+00,9.99999e-01,9.99999e-01,0.00000e+00,9.99974e-01,9.99999e-01
1.170802930e+01,0.00000e+00,9.99999e-01,9.99999e-01,0.00000e+00,9.99975e-01,9.99999e-01
1.176656944e+01,0.00000e+00,9.99999e-01,9.99999e-01,0.00000e+00,9.99975e-01,9.99999e-01
1.182540229e+01,0.00000e+00,9.99999e-01,9.99999e-01,0.00000e+00,9.99976e-01,9.99999e-01
1.188452930e+01,0.00000e+00,9.99999e-01,9.99999e-01,0.00000e+00,9.99976e-01,9.99999e-01
1.194395195e+01,0.00000e+00,9.99999e-01,9.99999e-01,0.00000e+00,9.99977e-01,9.99999e-01
1.200367171e+01,0.00000e+00,9.99999e-01,9.99999e-01,0.00000e+00,9.99977e-01,9.99999e-01
1.206369007e+01,0.00000e+00,9.99999e-01,9.99999e-01,0.00000e+00,9.99977e-01,9.99999e-01
1.212400852e+01,0.00000e+00,9.99999e-01,9.99999e-01,0.00000e+00,9.99978e-01,9.99999e-01
1.218462856e+01,0.00000e+00,9.99999e-01,9.99999e-01,0.00000e+00,9.99978e-01,9.99999e-01
1.224555170e+01,0.00000e+00,9.99999e-01,9.99999e-01,0.00000e+00,9.99979e-01,9.99999e-01
1.230677946e+01,0.00000e+00,9.99999e-01,9.99999e-01,0.00000e+00,9.99979e-01,9.99999e-01
1.236831336e+01,0.00000e+00,9.99999e-01,9.99999e-01,0.00000e+00,9.99979e-01,9.99999e-01
1.243015492e+01,0.00000e+00,9.99999e-01,9.99999e-01,0.00000e+00,9.99980e-01,9.99999e-01
1.249230570e+01,0.00000e+00,9.99999e-01,9.99999e-01,0.00000e+00,9.99980e-01,9.99999e-01
1.255476723e+01,0.00000e+00,9.99999e-01,9.99999e-01,0.00000e+00,9.99981e-01,9.99999e-01
1.261754106e+01,0.00000e+00,9.99999e-01,9.99999e-01,0.00000e+00,9.99981e-01,9.99999e-01
1.268062877e+01,0.00000e+00,9.99999e-01,9.99999e-01,0.00000e+00,9.99981e-01,9.99999e-01
1.274403191e+01,0.00000e+00,9.99999e-01,9.99999e-01,0.00000e+00,9.99982e-01,9.99999e-01
1.280775207e+01,0.00000e+00,9.99999e-01,9.99999e-01,0.00000e+00,9.99982e-01,9.99999e-01
1.287179083e+01,0.00000e+00,9.99999e-01,9.99999e-01,0.00000e+00,9.99982e-01,9.99999e-01
1.293614979e+01,0.00000e+00,9.99999e-01,9.99999e-01,0.00000e+00,9.99983e-01,9.99999e-01
1.300083054e+01,0.00000e+00,9.99999e-01,9.99999e-01,0.00000e+00,9.99983e-01,9.99999e-01
1.306583469e+01,0.00000e+00,9.99999e-01,9.99999e-01,0.00000e+00,9.99983e-01,9.99999e-01
1.313116386e+01,0.00000e+00,9.99999e-01,9.99999e-01,0.00000e+00,9.99984e-01,9.99999e-01
1.319681968e+01,0.00000e+00,9.99999e-01,9.99999e-01,0.00000e+00,9.99984e-01,9.99999e-01
1.326280378e+01,0.00000e+00,9.99999e-01,9.99999e-01,0.00000e+00,9.99984e-01,9.99999e-01
1.332911780e+01,0.00000e+00,9.99999e-01,9.99999e-01,0.00000e+00,9.99985e-01,9.99999e-01
1.339576339e+01,0.00000e+00,9.99999e-01,9.99999e-01,0.00000e+00,9.99985e-01,9.92096e-01
1.346274221e+01,0.00000e+00,9.99999e-01,9.99999e-01,0.00000e+00,9.99985e-01,9.91286e-01
1.353005592e+01,0.00000e+00,9.99999e-01,9.99999e-01,0.00000e+00,9.99985e-01,9.90394e-01
1.359770620e+01,0.00000e+00,9.99999e-01,9.99999e-01,0.00000e+00,9.99986e-01,9.89541e-01
1.366569473e+01,0.00000e+00,9.99999e-01,9.99999e-01,0.00000e+00,9.99986e-01,9.88608e-01
1.373402320e+01,0.00000e+00,9.99999e-01,9.99999e-01,0.00000e+00,9.99986e-01,9.87597e-01
1.380269332e+01,0.00000e+00,9.99999e-01,9.99999e-01,0.00000e+00,9.99986e-01,9.86494e-01
1.387170678e+01,0.00000e+00,9.99999e-01,9.99999e-01,0.00000e+00,9.99987e-01,9.85115e-01
1.394106532e+01,0.00000e+00,9.99999e-01,9.99999e-01,0.00000e+00,9.99987e-01,9.83798e-01
1.401077064e+01,0.00000e+00,9.99999e-01,9.99999e-01,0.00000e+00,9.99987e-01,9.82359e-01
1.408082450e+01,0.00000e+00,9.99999e-01,9.99999e-01,0.00000e+00,9.99987e-01,9.80800e-01
1.415122862e+01,0.00000e+00,9.99999e-01,9.99999e-01,0.00000e+00,9.99988e-01,9.79099e-01
1.422198476e+01,0.00000e+00,9.99999e-01,9.99999e-01,0.00000e+00,9.99988e-01,9.77259e-01
1.429309469e+01,0.00000e+00,9.99999e-01,9.99999e-01,0.00000e+00,9.99988e-01,9.75247e-01
1.436456016e+01,0.00000e+00,9.99999e-01,9.99999e-01,0.00000e+00,9.99988e-01,9.73070e-01
1.443638296e+01,0.00000e+00,9.99999e-01,9.99999e-01,0.00000e+00,9.99988e-01,9.70697e-01
1.450856487e+01,0.00000e+00,9.99999e-01,9.99999e-01,0.00000e+00,9.99989e-01,9.68123e-01
1.458110770e+01,0.00000e+00,9.99999e-01,9.99999e-01,0.00000e+00,9.99989e-01,9.65322e-01
1.465401324e+01,0.00000e+00,9.99999e-01,9.99999e-01,0.00000e+00,9.99989e-01,9.62290e-01
1.472728330e+01,0.00000e+00,9.99999e-01,9.99999e-01,0.00000e+00,9.99989e-01,9.59479e-01
1.480091972e+01,0.00000e+00,9.99999e-01,9.99999e-01,0.00000e+00,9.99989e-01,9.55938e-01
1.487492432e+01,0.00000e+00,9.99999e-01,9.99999e-01,0.00000e+00,9.99990e-01,9.52108e-01
1.494929894e+01,0.00000e+00,9.99999e-01,9.99999e-01,0.00000e+00,9.99990e-01,9.48568e-01
1.502404544e+01,0.00000e+00,9.99999e-01,9.99999e-01,0.00000e+00,9.99990e-01,9.44100e-01
1.509916566e+01,0.00000e+00,9.99999e-01,9.99999e-01,0.00000e+00,9.99990e-01,9.39277e-01
1.517466149e+01,0.00000e+00,9.99999e-01,9.99999e-01,0.00000e+00,9.99990e-01,9.34821e-01
1.525053480e+01,0.00000e+00,9.99999e-01,9.99999e-01,0.00000e+00,9.99991e-01,9.29203e-01
1.532678747e+01,0.00000e+00,9.99999e-01,9.99999e-01,0.00000e+00,9.99991e-01,9.23157e-01
1.540342141e+01,0.00000e+00,9.99999e-01,9.99999e-01,0.00000e+00,9.99991e-01,9.11229e-01
1.548043852e+01,0.00000e+00,9.99999e-01,9.99999e-01,0.00000e+00,9.99991e-01,9.04856e-01
1.555784071e+01,0.00000e+00,9.99999e-01,9.99999e-01,0.00000e+00,9.99991e-01,8.97196e-01
1.563562991e+01,0.00000e+00,9.99999e-01,9.99999e-01,0.00000e+00,9.99991e-01,8.88972e-01
1.571380806e+01,0.00000e+00,9.99999e-01,9.99999e-01,0.00000e+00,9.99992e-01,8.81380e-01
1.579237710e+01,0.00000e+00,9.99999e-01,9.99999e-01,0.00000e+00,9.99992e-01,8.73284e-01
1.587133899e+01,0.00000e+00,9.99999e-01,9.99999e-01,0.00000e+00,9.99992e-01,8.64679e-01
1.595069568e+01,0.00000e+00,9.99999e-01,9.99999e-01,0.00000e+00,9.99992e-01,8.55537e-01
1.603044916e+01,0.00000e+00,9.99999e-01,9.99999e-01,0.00000e+00,9.99992e-01,8.45821e-01
1.611060141e+01,0.00000e+00,9.99999e-01,9.99999e-01,0.00000e+00,9.99992e-01,8.33740e-01
1.619115441e+01,0.00000e+00,9.99999e-01,9.99999e-01,0.00000e+00,9.99992e-01,8.20843e-01
1.627211019e+01,0.00000e+00,9.99999e-01,9.99999e-01,0.00000e+00,9.99992e-01,8.09023e-01
1.635347074e+01,0.00000e+00,9.99999e-01,9.99999e-01,0.00000e+00,9.99993e-01,7.96515e-01
1.643523809e+01,0.00000e+00,9.99999e-01,9.99999e-01,0.00000e+00,9.99993e-01,7.83287e-01
1.651741428e+01,0.00000e+00,9.99999e-01,9.99999e-01,0.00000e+00,9.99993e-01,7.69308e-01
1.660000135e+01,0.00000e+00,9.99999e-01,9.99999e-01,0.00000e+00,9.99993e-01,7.54632e-01
1.668300136e+01,0.00000e+00,9.99999e-01,9.99999e-01,0.00000e+00,9.99993e-01,7.39103e-01
1.676641637e+01,0.00000e+00,9.99999e-01,9.99999e-01,0.00000e+00,9.99993e-01,7.22791e-01
1.685024845e+01,0.00000e+00,9.99999e-01,9.99999e-01,0.00000e+00,9.99993e-01,7.05653e-01
1.693449969e+01,0.00000e+00,9.99999e-01,9.99999e-01,0.00000e+00,9.99993e-01,6.87701e-01
1.701917219e+01,0.00000e+00,9.99999e-01,9.99999e-01,0.00000e+00,9.99994e-01,6.68920e-01
1.710426805e+01,0.00000e+00,9.99999e-01,9.99999e-01,0.00000e+00,9.99994e-01,6.49317e-01
1.718978939e+01,0.00000e+00,9.99999e-01,9.99999e-01,0.00000e+00,9.99994e-01,6.32329e-01
1.727573834e+01,0.00000e+00,9.99999e-01,9.99999e-01,0.00000e+00,9.99994e-01,6.14747e-01
1.736211703e+01,0.00000e+00,9.99999e-01,9.99999e-01,0.00000e+00,9.99994e-01,5.93008e-01
1.744892761e+01,0.00000e+00,9.99999e-01,9.99999e-01,0.00000e+00,9.99994e-01,5.70454e-01
1.753617225e+01,0.00000e+00,9.99999e-01,9.99999e-01,0.00000e+00,9.99994e-01,5.47207e-01
1.762385311e+01,0.00000e+00,9.99999e-01,9.99999e-01,0.00000e+00,9.99994e-01,5.23289e-01
1.771197238e+01,0.00000e+00,9.99999e-01,9.99999e-01,0.00000e+00,9.99994e-01,4.98741e-01
1.780053224e+01,0.00000e+00,9.99999e-01,9.99999e-01,0.00000e+00,9.99994e-01,4.77860e-01
1.788953490e+01,0.00000e+00,9.99999e-01,9.99999e-01,0.00000e+00,9.99995e-01,4.56618e-01
1.797898258e+01,0.00000e+00,9.99999e-01,9.99999e-01,0.00000e+00,9.99995e-01,4.30787e-01
1.806887749e+01,0.00000e+00,9.99999e-01,9.99999e-01,0.00000e+00,9.99995e-01,4.04671e-01
1.815922188e+01,0.00000e+00,9.99999e-01,9.99999e-01,0.00000e+00,9.99995e-01,3.82762e-01
1.825001799e+01,0.00000e+00,9.99999e-01,9.99999e-01,0.00000e+00,9.99995e-01,3.60758e-01
1.834126808e+01,0.00000e+00,9.99999e-01,9.99999e-01,0.00000e+00,9.99995e-01,3.34450e-01
1.843297442e+01,0.00000e+00,9.99999e-01,9.99999e-01,0.00000e+00,9.99995e-01,3.08330e-01
1.852513929e+01,0.00000e+00,9.99999e-01,9.99999e-01,0.00000e+00,9.99995e-01,2.86816e-01
1.861776499e+01,0.00000e+00,9.99999e-01,9.99999e-01,0.00000e+00,9.99995e-01,2.65539e-01
1.871085381e+01,0.00000e+00,9.99999e-01,9.99999e-01,0.00000e+00,9.99995e-01,2.40621e-01
1.880440808e+01,0.00000e+00,9.99999e-01,9.99999e-01,0.00000e+00,9.99995e-01,2.20444e-01
1.889843012e+01,0.00000e+00,9.99999e-01,9.99999e-01,0.00000e+00,9.99995e-01,2.00807e-01
1.899292227e+01,0.00000e+00,9.99999e-01,9.99999e-01,0.00000e+00,9.99995e-01,1.81948e-01
1.908788688e+01,0.00000e+00,9.99999e-01,9.99999e-01,0.00000e+00,9.99996e-01,1.63792e-01
1.918332632e+01,0.00000e+00,9.99999e-01,9.99999e-01,0.00000e+00,9.99996e-01,1.43196e-01
1.927924295e+01,0.00000e+00,9.99999e-01,9.99999e-01,0.00000e+00,9.99996e-01,1.27085e-01
1.937563916e+01,0.00000e+00,9.99999e-01,9.99999e-01,0.00000e+00,9.99996e-01,1.11892e-01
1.947251736e+01,0.00000e+00,9.99999e-01,9.99999e-01,0.00000e+00,9.99996e-01,9.78119e-02
1.956987994e+01,0.00000e+00,9.99999e-01,9.99999e-01,0.00000e+00,9.99996e-01,8.47623e-02
1.966772934e+01,0.00000e+00,9.99999e-01,9.99999e-01,0.00000e+00,9.99996e-01,7.05594e-02
1.976606799e+01,0.00000e+00,9.99999e-01,9.99999e-01,0.00000e+00,9.99996e-01,5.99650e-02
1.986489833e+01,0.00000e+00,9.99999e-01,9.99999e-01,0.00000e+00,9.99996e-01,5.04271e-02
1.996422282e+01,0.00000e+00,9.99999e-01,9.99999e-01,0.00000e+00,9.99996e-01,4.20056e-02
