#,Wave/freq,Total,CO2,H2O,Rayleigh,CIA
4.000000000e-01,2.49668e-05,9.99999e-01,9.99978e-01,2.49673e-05,9.99999e-01
4.020000000e-01,3.07872e-05,9.99999e-01,9.99986e-01,3.07876e-05,9.99999e-01
4.040100000e-01,3.77998e-05,9.99999e-01,9.99994e-01,3.78000e-05,9.99999e-01
4.060300500e-01,4.62218e-05,9.99999e-01,9.99998e-01,4.62218e-05,9.99999e-01
4.080602003e-01,5.62959e-05,9.99999e-01,9.99999e-01,5.62959e-05,9.99999e-01
4.101005013e-01,6.82992e-05,9.99999e-01,9.99999e-01,6.82992e-05,9.99999e-01
4.121510038e-01,8.25460e-05,9.99999e-01,9.99998e-01,8.25461e-05,9.99999e-01
4.142117588e-01,9.93915e-05,9.99999e-01,9.99993e-01,9.93921e-05,9.99999e-01
4.162828176e-01,1.19235e-04,9.99999e-01,9.99973e-01,1.19238e-04,9.99999e-01
4.183642317e-01,1.42531e-04,9.99999e-01,9.99984e-01,1.42533e-04,9.99999e-01
4.204560528e-01,1.69777e-04,9.99999e-01,9.99990e-01,1.69779e-04,9.99999e-01
4.225583331e-01,2.01536e-04,9.99999e-01,9.99996e-01,2.01536e-04,9.99999e-01
4.246711247e-01,2.38424e-04,9.99999e-01,9.99996e-01,2.38425e-04,9.99999e-01
4.267944804e-01,2.81129e-04,9.99999e-01,9.99995e-01,2.81130e-04,9.99999e-01
4.289284528e-01,3.30407e-04,9.99999e-01,9.99996e-01,3.30408e-04,9.99999e-01
4.310730950e-01,3.87086e-04,9.99999e-01,9.99998e-01,3.87086e-04,9.99999e-01
4.332284605e-01,4.52071e-04,9.99999e-01,9.99999e-01,4.52072e-04,9.99999e-01
4.353946028e-01,5.26351e-04,9.99999e-01,9.99999e-01,5.26351e-04,9.99999e-01
4.375715758e-01,6.10994e-04,9.99999e-01,9.99996e-01,6.10996e-04,9.99999e-01
4.397594337e-01,7.07150e-04,9.99999e-01,9.99976e-01,7.07167e-04,9.99999e-01
4.419582309e-01,8.16020e-04,9.99999e-01,9.99882e-01,8.16115e-04,9.99999e-01
4.441680220e-01,9.39104e-04,9.99999e-01,9.99910e-01,9.39187e-04,9.99999e-01
4.463888621e-01,1.07772e-03,9.99999e-01,9.99906e-01,1.07782e-03,9.99999e-01
4.486208064e-01,1.23349e-03,9.99999e-01,9.99942e-01,1.23357e-03,9.99999e-01
4.508639105e-01,1.40802e-03,9.99999e-01,9.99972e-01,1.40805e-03,9.99999e-01
4.531182300e-01,1.60301e-03,9.99999e-01,9.99988e-01,1.60303e-03,9.99999e-01
4.553838212e-01,1.82032e-03,9.99999e-01,9.99992e-01,1.82033e-03,9.99999e-01
4.576607403e-01,2.06190e-03,9.99999e-01,9.99996e-01,2.06191e-03,9.99999e-01
4.599490440e-01,2.32980e-03,9.99999e-01,9.99997e-01,2.32980e-03,9.99999e-01
4.622487892e-01,2.62616e-03,9.99999e-01,9.99999e-01,2.62616e-03,9.99999e-01
4.645600332e-01,2.95321e-03,9.99999e-01,9.99997e-01,2.95322e-03,9.99999e-01
4.668828333e-01,3.31323e-03,9.99999e-01,9.99971e-01,3.31332e-03,9.99999e-01
4.692172475e-01,3.70868e-03,9.99999e-01,9.99941e-01,3.70889e-03,9.99999e-01
4.715633337e-01,4.14230e-03,9.99999e-01,9.99961e-01,4.14246e-03,9.99999e-01
4.739211504e-01,4.61644e-03,9.99999e-01,9.99963e-01,4.61661e-03,9.99999e-01
4.762907561e-01,5.13393e-03,9.99999e-01,9.99980e-01,5.13403e-03,9.99999e-01
4.786722099e-01,5.69743e-03,9.99999e-01,9.99991e-01,5.69748e-03,9.99999e-01
4.810655710e-01,6.30975e-03,9.99999e-01,9.99997e-01,6.30977e-03,9.99999e-01
4.834708988e-01,6.97362e-03,9.99999e-01,9.99976e-01,6.97378e-03,9.99999e-01
4.858882533e-01,7.69214e-03,9.99999e-01,9.99958e-01,7.69246e-03,9.99999e-01
4.883176946e-01,8.46848e-03,9.99999e-01,9.99964e-01,8.46878e-03,9.99999e-01
4.907592831e-01,9.30546e-03,9.99999e-01,9.99968e-01,9.30575e-03,9.99999e-01
4.932130795e-01,1.02062e-02,9.99999e-01,9.99977e-01,1.02064e-02,9.99999e-01
4.956791449e-01,1.11737e-02,9.99999e-01,9.99987e-01,1.11739e-02,9.99999e-01
4.981575406e-01,1.22104e-02,9.99999e-01,9.99940e-01,1.22111e-02,9.99999e-01
5.006483283e-01,1.33193e-02,9.99999e-01,9.99845e-01,1.33213e-02,9.99999e-01
5.031515699e-01,1.44963e-02,9.99999e-01,9.99226e-01,1.45075e-02,9.99999e-01
5.056673278e-01,1.57663e-02,9.99999e-01,9.99593e-01,1.57727e-02,9.99999e-01
5.081956644e-01,1.71111e-02,9.99999e-01,9.99487e-01,1.71199e-02,9.99999e-01
5.107366428e-01,1.85457e-02,9.99999e-01,9.99653e-01,1.85521e-02,9.99999e-01
5.132903260e-01,2.00684e-02,9.99999e-01,9.99802e-01,2.00723e-02,9.99999e-01
5.158567776e-01,2.16815e-02,9.99999e-01,9.99916e-01,2.16833e-02,9.99999e-01
5.184360615e-01,2.33871e-02,9.99999e-01,9.99966e-01,2.33879e-02,9.99999e-01
5.210282418e-01,2.51885e-02,9.99999e-01,9.99986e-01,2.51888e-02,9.99999e-01
5.236333830e-01,2.70873e-02,9.99999e-01,9.99949e-01,2.70887e-02,9.99999e-01
5.262515499e-01,2.90891e-02,9.99999e-01,9.99968e-01,2.90900e-02,9.99999e-01
5.288828077e-01,3.11944e-02,9.99999e-01,9.99970e-01,3.11953e-02,9.99999e-01
5.315272217e-01,3.34059e-02,9.99999e-01,9.99974e-01,3.34067e-02,9.99999e-01
5.341848578e-01,3.57260e-02,9.99999e-01,9.99982e-01,3.57266e-02,9.99999e-01
5.368557821e-01,3.81547e-02,9.99999e-01,9.99940e-01,3.81570e-02,9.99999e-01
5.395400610e-01,4.06910e-02,9.99999e-01,9.99784e-01,4.06997e-02,9.99999e-01
5.422377613e-01,4.33448e-02,9.99999e-01,9.99727e-01,4.33566e-02,9.99999e-01
5.449489501e-01,4.61175e-02,9.99999e-01,9.99744e-01,4.61293e-02,9.99999e-01
5.476736949e-01,4.90083e-02,9.99999e-01,9.99775e-01,4.90193e-02,9.99999e-01
5.504120634e-01,5.20193e-02,9.99999e-01,9.99837e-01,5.20278e-02,9.99999e-01
5.531641237e-01,5.51515e-02,9.99999e-01,9.99917e-01,5.51560e-02,9.99999e-01
5.559299443e-01,5.84026e-02,9.99999e-01,9.99960e-01,5.84049e-02,9.99999e-01
5.587095940e-01,6.17738e-02,9.99999e-01,9.99974e-01,6.17753e-02,9.99999e-01
5.615031420e-01,6.52661e-02,9.99999e-01,9.99971e-01,6.52679e-02,9.99999e-01
5.643106577e-01,6.88808e-02,9.99999e-01,9.99967e-01,6.88830e-02,9.99999e-01
5.671322110e-01,7.25927e-02,9.99999e-01,9.99609e-01,7.26210e-02,9.99999e-01
5.699678720e-01,7.64513e-02,9.99999e-01,9.99598e-01,7.64820e-02,9.99999e-01
5.728177114e-01,8.04318e-02,9.99999e-01,9.99575e-01,8.04658e-02,9.99999e-01
5.756818000e-01,8.45396e-02,9.99999e-01,9.99611e-01,8.45724e-02,9.99999e-01
5.785602090e-01,8.87712e-02,9.99999e-01,9.99662e-01,8.88011e-02,9.99999e-01
5.814530100e-01,9.31198e-02,9.99999e-01,9.99660e-01,9.31515e-02,9.99999e-01
5.843602750e-01,9.75828e-02,9.99999e-01,9.99590e-01,9.76227e-02,9.99999e-01
5.872820764e-01,1.01854e-01,9.99999e-01,9.96482e-01,1.02214e-01,9.99999e-01
5.902184868e-01,1.06473e-01,9.99999e-01,9.95788e-01,1.06924e-01,9.99999e-01
5.931695792e-01,1.11417e-01,9.99999e-01,9.97011e-01,1.11751e-01,9.99999e-01
5.961354271e-01,1.16314e-01,9.99999e-01,9.96734e-01,1.16695e-01,9.99999e-01
5.991161043e-01,1.21463e-01,9.99999e-01,9.97620e-01,1.21753e-01,9.99999e-01
6.021116848e-01,1.26753e-01,9.99999e-01,9.98651e-01,1.26924e-01,9.99999e-01
6.051222432e-01,1.32116e-01,9.99999e-01,9.99317e-01,1.32206e-01,9.99999e-01
6.081478544e-01,1.37556e-01,9.99999e-01,9.99705e-01,1.37597e-01,9.99999e-01
6.111885937e-01,1.43077e-01,9.99999e-01,9.99875e-01,1.43095e-01,9.99999e-01
6.142445367e-01,1.48689e-01,9.99999e-01,9.99943e-01,1.48697e-01,9.99999e-01
6.173157594e-01,1.54396e-01,9.99999e-01,9.99968e-01,1.54401e-01,9.99999e-01
6.204023382e-01,1.60201e-01,9.99999e-01,9.99973e-01,1.60205e-01,9.99999e-01
6.235043498e-01,1.66087e-01,9.99999e-01,9.99882e-01,1.66106e-01,9.99999e-01
6.266218716e-01,1.71997e-01,9.99999e-01,9.99391e-01,1.72102e-01,9.99999e-01
6.297549810e-01,1.78149e-01,9.99999e-01,9.99776e-01,1.78189e-01,9.99999e-01
6.329037559e-01,1.84284e-01,9.99999e-01,9.99560e-01,1.84365e-01,9.99999e-01
6.360682746e-01,1.90554e-01,9.99999e-01,9.99623e-01,1.90626e-01,9.99999e-01
6.392486160e-01,1.96874e-01,9.99999e-01,9.99513e-01,1.96970e-01,9.99999e-01
6.424448591e-01,2.03260e-01,9.99999e-01,9.99342e-01,2.03394e-01,9.99999e-01
6.456570834e-01,2.09254e-01,9.99999e-01,9.96948e-01,2.09894e-01,9.99999e-01
6.488853688e-01,2.15990e-01,9.99999e-01,9.97796e-01,2.16467e-01,9.99999e-01
6.521297956e-01,2.22609e-01,9.99999e-01,9.97753e-01,2.23110e-01,9.99999e-01
6.553904446e-01,2.29303e-01,9.99999e-01,9.97751e-01,2.29820e-01,9.99999e-01
6.586673968e-01,2.36140e-01,9.99999e-01,9.98084e-01,2.36593e-01,9.99999e-01
6.619607338e-01,2.43166e-01,9.99999e-01,9.98932e-01,2.43426e-01,9.99999e-01
6.652705375e-01,2.50155e-01,9.99999e-01,9.99359e-01,2.50316e-01,9.99999e-01
6.685968902e-01,2.57188e-01,9.99999e-01,9.99727e-01,2.57258e-01,9.99999e-01
6.719398746e-01,2.64214e-01,9.99999e-01,9.99861e-01,2.64251e-01,9.99999e-01
6.752995740e-01,2.71270e-01,9.99999e-01,9.99926e-01,2.71289e-01,9.99999e-01
6.786760719e-01,2.78340e-01,9.99999e-01,9.99890e-01,2.78371e-01,9.99999e-01
6.820694522e-01,2.85438e-01,9.99999e-01,9.99812e-01,2.85492e-01,9.99999e-01
6.854797995e-01,2.92579e-01,9.99999e-01,9.99759e-01,2.92649e-01,9.99999e-01
6.889071985e-01,2.99662e-01,9.99999e-01,9.99408e-01,2.99839e-01,9.99999e-01
6.923517345e-01,3.04138e-01,9.99999e-01,9.90489e-01,3.07058e-01,9.99999e-01
6.958134932e-01,3.12787e-01,9.99999e-01,9.95172e-01,3.14304e-01,9.99999e-01
6.992925606e-01,3.20059e-01,9.99999e-01,9.95295e-01,3.21572e-01,9.99999e-01
7.027890234e-01,3.26969e-01,9.99999e-01,9.94251e-01,3.28860e-01,9.99999e-01
7.063029686e-01,3.34537e-01,9.99999e-01,9.95160e-01,3.36164e-01,9.99999e-01
7.098344834e-01,3.41886e-01,9.99999e-01,9.95356e-01,3.43481e-01,9.99999e-01
7.133836558e-01,3.48604e-01,9.99999e-01,9.93716e-01,3.50808e-01,9.99999e-01
7.169505741e-01,3.40535e-01,9.99999e-01,9.50837e-01,3.58142e-01,9.99998e-01
7.205353270e-01,3.56784e-01,9.99999e-01,9.76204e-01,3.65480e-01,9.99998e-01
7.241380036e-01,3.61362e-01,9.99999e-01,9.69267e-01,3.72820e-01,9.99998e-01
7.277586936e-01,3.69612e-01,9.99999e-01,9.72261e-01,3.80157e-01,9.99998e-01
7.313974871e-01,3.76164e-01,9.99999e-01,9.70773e-01,3.87489e-01,9.99999e-01
7.350544745e-01,3.88458e-01,9.99999e-01,9.83901e-01,3.94814e-01,9.99999e-01
7.387297469e-01,3.97361e-01,9.99999e-01,9.88143e-01,4.02128e-01,9.99999e-01
7.424233956e-01,4.07055e-01,9.99999e-01,9.94200e-01,4.09430e-01,9.99999e-01
7.461355126e-01,4.15247e-01,9.99999e-01,9.96475e-01,4.16716e-01,9.99999e-01
7.498661902e-01,4.23290e-01,9.99999e-01,9.98363e-01,4.23983e-01,9.99999e-01
7.536155211e-01,4.30883e-01,9.99999e-01,9.99194e-01,4.31231e-01,9.99999e-01
7.573835987e-01,4.38273e-01,9.99999e-01,9.99585e-01,4.38455e-01,9.99999e-01
7.611705167e-01,4.45539e-01,9.99999e-01,9.99741e-01,4.45654e-01,9.99999e-01
7.649763693e-01,4.52752e-01,9.99999e-01,9.99837e-01,4.52826e-01,9.99999e-01
7.688012511e-01,4.59916e-01,9.99999e-01,9.99886e-01,4.59968e-01,9.99999e-01
7.726452574e-01,4.67034e-01,9.99999e-01,9.99906e-01,4.67078e-01,9.99999e-01
7.765084837e-01,4.74091e-01,9.99999e-01,9.99866e-01,4.74154e-01,9.99999e-01
7.803910261e-01,4.63520e-01,9.63805e-01,9.99422e-01,4.81195e-01,9.99999e-01
7.842929812e-01,4.17965e-01,8.57781e-01,9.97985e-01,4.88198e-01,9.99999e-01
7.882144461e-01,4.17900e-01,8.47304e-01,9.95896e-01,4.95161e-01,9.99999e-01
7.921555184e-01,4.54788e-01,9.07782e-01,9.97762e-01,5.02084e-01,9.99999e-01
7.961162960e-01,4.75449e-01,9.37878e-01,9.95990e-01,5.08964e-01,9.99999e-01
8.000968774e-01,4.95849e-01,9.65746e-01,9.95404e-01,5.15799e-01,9.99999e-01
8.040973618e-01,5.10926e-01,9.82196e-01,9.95394e-01,5.22588e-01,9.99999e-01
8.081178486e-01,5.19491e-01,9.91748e-01,9.89561e-01,5.29330e-01,9.99999e-01
8.121584379e-01,5.11825e-01,9.97478e-01,9.57244e-01,5.36023e-01,9.99998e-01
8.162192301e-01,5.15278e-01,9.99441e-01,9.50050e-01,5.42667e-01,9.99998e-01
8.203003262e-01,5.35092e-01,9.99992e-01,9.74215e-01,5.49258e-01,9.99998e-01
8.244018279e-01,5.36477e-01,9.99999e-01,9.65238e-01,5.55798e-01,9.99998e-01
8.285238370e-01,5.45228e-01,9.99999e-01,9.69667e-01,5.62283e-01,9.99998e-01
8.326664562e-01,5.51365e-01,9.99999e-01,9.69493e-01,5.68714e-01,9.99999e-01
8.368297885e-01,5.62540e-01,9.99999e-01,9.78178e-01,5.75090e-01,9.99999e-01
8.410139374e-01,5.73844e-01,9.99999e-01,9.86989e-01,5.81409e-01,9.99999e-01
8.452190071e-01,5.83916e-01,9.99999e-01,9.93612e-01,5.87670e-01,9.99999e-01
8.494451021e-01,5.91660e-01,9.99999e-01,9.96273e-01,5.93873e-01,9.99999e-01
8.536923276e-01,5.98700e-01,9.99999e-01,9.97803e-01,6.00017e-01,9.99999e-01
8.579607893e-01,6.05279e-01,9.99999e-01,9.98642e-01,6.06102e-01,9.99999e-01
8.622505932e-01,6.11600e-01,9.99999e-01,9.99139e-01,6.12126e-01,9.99999e-01
8.665618462e-01,5.69009e-01,9.21065e-01,9.99465e-01,6.18089e-01,9.99999e-01
8.708946554e-01,4.21266e-01,6.75514e-01,9.99386e-01,6.23991e-01,9.99999e-01
8.752491287e-01,4.59505e-01,7.30149e-01,9.99179e-01,6.29831e-01,9.99999e-01
8.796253743e-01,5.34279e-01,8.41508e-01,9.98859e-01,6.35609e-01,9.99999e-01
8.840235012e-01,5.85670e-01,9.14391e-01,9.98699e-01,6.41324e-01,9.99999e-01
8.884436187e-01,6.21659e-01,9.65507e-01,9.95147e-01,6.46976e-01,9.99999e-01
8.928858368e-01,6.11737e-01,9.85859e-01,9.50760e-01,6.52565e-01,9.99998e-01
8.973502660e-01,6.00436e-01,9.96570e-01,9.15467e-01,6.58090e-01,9.99998e-01
9.018370173e-01,6.34356e-01,9.99623e-01,9.56350e-01,6.63551e-01,9.99998e-01
9.063462024e-01,6.36400e-01,9.89931e-01,9.60712e-01,6.68949e-01,9.99998e-01
9.108779334e-01,6.19721e-01,9.77703e-01,9.39778e-01,6.74283e-01,9.99997e-01
9.154323231e-01,6.30148e-01,9.94796e-01,9.32046e-01,6.79552e-01,9.99997e-01
9.200094847e-01,6.00934e-01,9.24441e-01,9.46535e-01,6.84757e-01,9.99997e-01
9.246095321e-01,5.66669e-01,8.95358e-01,9.15473e-01,6.89899e-01,9.99995e-01
9.292325798e-01,3.60045e-01,9.15968e-01,5.60183e-01,6.94976e-01,9.99991e-01
9.338787427e-01,3.10407e-01,9.19648e-01,4.77913e-01,6.99989e-01,9.99988e-01
9.385481364e-01,4.94124e-01,9.40259e-01,7.42811e-01,7.04938e-01,9.99988e-01
9.432408771e-01,4.51109e-01,9.63104e-01,6.58476e-01,7.09823e-01,9.99987e-01
9.479570815e-01,3.94948e-01,9.80853e-01,5.62819e-01,7.14645e-01,9.99988e-01
9.526968669e-01,4.64804e-01,9.90748e-01,6.51596e-01,7.19403e-01,9.99991e-01
9.574603512e-01,4.85481e-01,9.96038e-01,6.72950e-01,7.24099e-01,9.99993e-01
9.622476530e-01,5.27787e-01,9.98765e-01,7.25100e-01,7.28731e-01,9.99995e-01
9.670588912e-01,6.08784e-01,9.99630e-01,8.30490e-01,7.33300e-01,9.99997e-01
9.718941857e-01,6.56703e-01,9.99974e-01,8.90096e-01,7.37807e-01,9.99998e-01
9.767536566e-01,6.73848e-01,9.99999e-01,9.07843e-01,7.42252e-01,9.99998e-01
9.816374249e-01,6.95172e-01,9.99999e-01,9.31074e-01,7.46634e-01,9.99998e-01
9.865456120e-01,7.18199e-01,9.99999e-01,9.56380e-01,7.50956e-01,9.99999e-01
9.914783401e-01,7.34671e-01,9.99999e-01,9.72795e-01,7.55216e-01,9.99999e-01
9.964357318e-01,7.48099e-01,9.99999e-01,9.85097e-01,7.59416e-01,9.99999e-01
1.001417910e+00,7.56722e-01,9.99999e-01,9.91050e-01,7.63555e-01,9.99999e-01
1.006425000e+00,7.63701e-01,9.99999e-01,9.94874e-01,7.67635e-01,9.99999e-01
1.011457125e+00,7.69207e-01,9.99999e-01,9.96826e-01,7.71655e-01,9.99999e-01
1.016514411e+00,7.73942e-01,9.99999e-01,9.97840e-01,7.75616e-01,9.99999e-01
1.021596983e+00,7.78129e-01,9.99937e-01,9.98277e-01,7.79519e-01,9.99999e-01
1.026704968e+00,7.79217e-01,9.96042e-01,9.98655e-01,7.83363e-01,9.99999e-01
1.031838492e+00,7.47778e-01,9.50875e-01,9.99025e-01,7.87151e-01,9.99999e-01
1.036997685e+00,1.16189e-01,1.46978e-01,9.99419e-01,7.90881e-01,9.99999e-01
1.042182673e+00,9.18264e-02,1.15641e-01,9.99304e-01,7.94554e-01,9.99999e-01
1.047393587e+00,1.07681e-01,1.35019e-01,9.99080e-01,7.98172e-01,9.99999e-01
1.052630555e+00,2.82143e-03,3.52241e-03,9.98735e-01,8.01734e-01,9.99999e-01
1.057893707e+00,7.44545e-03,9.25942e-03,9.97886e-01,8.05241e-01,9.99999e-01
1.063183176e+00,2.53906e-02,3.14749e-02,9.96527e-01,8.08693e-01,9.99999e-01
1.068499092e+00,7.21232e-02,8.92448e-02,9.94201e-01,8.12092e-01,9.99999e-01
1.073841587e+00,1.76954e-01,2.18271e-01,9.93199e-01,8.15438e-01,9.99999e-01
1.079210795e+00,3.09730e-01,3.81315e-01,9.91329e-01,8.18731e-01,9.99999e-01
1.084606849e+00,4.77807e-01,5.88667e-01,9.86871e-01,8.21972e-01,9.99999e-01
1.090029883e+00,6.14878e-01,7.59156e-01,9.81037e-01,8.25161e-01,9.99998e-01
1.095480033e+00,6.87058e-01,8.73274e-01,9.49309e-01,8.28299e-01,9.99998e-01
1.100957433e+00,6.82894e-01,9.36756e-01,8.76235e-01,8.31387e-01,9.99997e-01
1.106462220e+00,5.81081e-01,9.73401e-01,7.14698e-01,8.34425e-01,9.99994e-01
1.111994531e+00,4.12193e-01,9.90056e-01,4.96803e-01,8.37414e-01,9.99989e-01
1.117554504e+00,2.71866e-01,9.97579e-01,3.24155e-01,8.40354e-01,9.99985e-01
1.123142276e+00,3.72575e-01,9.99842e-01,4.41874e-01,8.43246e-01,9.99983e-01
1.128757988e+00,4.97756e-01,9.99999e-01,5.88311e-01,8.46090e-01,9.99981e-01
1.134401778e+00,2.83190e-01,9.99999e-01,3.33608e-01,8.48888e-01,9.99979e-01
1.140073787e+00,6.19159e-01,9.99999e-01,7.27031e-01,8.51640e-01,9.99983e-01
1.145774156e+00,4.42488e-01,9.99999e-01,5.17933e-01,8.54345e-01,9.99985e-01
1.151503026e+00,4.12049e-01,9.99999e-01,4.80805e-01,8.57006e-01,9.99987e-01
1.157260541e+00,4.64588e-01,9.99999e-01,5.40460e-01,8.59622e-01,9.99990e-01
1.163046844e+00,5.47492e-01,9.99999e-01,6.35001e-01,8.62194e-01,9.99993e-01
1.168862078e+00,6.30333e-01,9.99999e-01,7.28943e-01,8.64723e-01,9.99996e-01
1.174706389e+00,7.13418e-01,9.99999e-01,8.22660e-01,8.67209e-01,9.99998e-01
1.180579921e+00,7.72205e-01,9.99999e-01,8.87945e-01,8.69653e-01,9.99998e-01
1.186482820e+00,8.15347e-01,9.99989e-01,9.34980e-01,8.72056e-01,9.99998e-01
1.192415234e+00,8.28985e-01,9.85859e-01,9.61484e-01,8.74417e-01,9.99998e-01
1.198377311e+00,4.77157e-01,5.59525e-01,9.67370e-01,8.76738e-01,9.99998e-01
1.204369197e+00,1.89162e-11,2.19128e-11,9.69131e-01,8.79019e-01,9.99999e-01
1.210391043e+00,9.51682e-42,1.09803e-41,9.70469e-01,8.81261e-01,9.99999e-01
1.216442998e+00,2.49182e-36,2.86536e-36,9.74889e-01,8.83464e-01,9.99999e-01
1.222525213e+00,8.35697e-36,9.53313e-36,9.80377e-01,8.85629e-01,9.99999e-01
1.228637839e+00,9.78898e-28,1.11322e-27,9.86323e-01,8.87756e-01,9.99999e-01
1.234781029e+00,5.77268e-18,6.51601e-18,9.89842e-01,8.89846e-01,9.99999e-01
1.240954934e+00,4.14372e-12,4.66545e-12,9.93558e-01,8.91900e-01,9.99999e-01
1.247159708e+00,9.87696e-07,1.10826e-06,9.94986e-01,8.93917e-01,9.99999e-01
1.253395507e+00,2.41331e-04,2.70276e-04,9.95540e-01,8.95900e-01,9.99999e-01
1.259662485e+00,8.03553e-03,8.98037e-03,9.95751e-01,8.97847e-01,9.99999e-01
1.265960797e+00,5.92631e-02,6.62214e-02,9.93236e-01,8.99760e-01,9.99999e-01
1.272290601e+00,2.81588e-01,3.15377e-01,9.89348e-01,9.01639e-01,9.99999e-01
1.278652054e+00,2.35137e-01,2.64662e-01,9.78939e-01,9.03485e-01,9.99999e-01
1.285045314e+00,4.43816e-03,4.98442e-03,9.62068e-01,9.05298e-01,9.99998e-01
1.291470541e+00,1.35269e-05,1.55756e-05,9.34833e-01,9.07079e-01,9.99998e-01
1.297927893e+00,7.78461e-03,9.00043e-03,9.08610e-01,9.08828e-01,9.99997e-01
1.304417533e+00,1.00116e-01,1.21608e-01,8.93440e-01,9.10546e-01,9.99995e-01
1.310939621e+00,1.65780e-02,1.95992e-02,8.67194e-01,9.12233e-01,9.99992e-01
1.317494319e+00,6.21639e-15,7.38649e-15,8.69642e-01,9.13889e-01,9.99987e-01
1.324081790e+00,6.29397e-08,7.54390e-08,8.13616e-01,9.15516e-01,9.99979e-01
1.330702199e+00,3.04334e-06,5.04310e-06,4.38102e-01,9.17114e-01,9.99966e-01
1.337355710e+00,2.08729e-06,1.03655e-05,1.02399e-01,9.18683e-01,9.99935e-01
1.344042489e+00,1.06227e-08,4.30881e-07,3.73849e-03,9.20223e-01,9.99863e-01
1.350762701e+00,3.33358e-10,3.19422e-06,2.79290e-05,9.21735e-01,9.99781e-01
1.357516515e+00,5.11842e-10,3.13544e-04,3.79968e-07,9.23220e-01,9.99729e-01
1.364304097e+00,7.69710e-07,5.07207e-03,7.83069e-05,9.24678e-01,9.99710e-01
1.371125618e+00,1.72133e-04,6.41557e-02,1.76254e-03,9.26110e-01,9.99707e-01
1.377981246e+00,5.36814e-04,1.03913e-01,4.23987e-03,9.27515e-01,9.99686e-01
1.384871152e+00,3.57180e-05,2.68055e-01,1.13262e-04,9.28895e-01,9.99695e-01
1.391795508e+00,3.60683e-05,2.96550e-01,1.02964e-04,9.30249e-01,9.99741e-01
1.398754485e+00,2.43379e-04,4.71809e-01,5.15726e-04,9.31578e-01,9.99777e-01
1.405748258e+00,2.60635e-04,5.75861e-01,4.40668e-04,9.32883e-01,9.99800e-01
1.412776999e+00,3.30851e-04,7.05751e-01,4.65627e-04,9.34164e-01,9.99839e-01
1.419840884e+00,5.78492e-04,6.27855e-01,7.93119e-04,9.35422e-01,9.99880e-01
1.426940089e+00,1.14010e-03,5.59606e-02,3.79155e-03,9.36656e-01,9.99925e-01
1.434074789e+00,0.00000e+00,0.00000e+00,1.40917e-02,9.37868e-01,9.99953e-01
1.441245163e+00,0.00000e+00,0.00000e+00,3.56861e-02,9.39057e-01,9.99963e-01
1.448451389e+00,0.00000e+00,0.00000e+00,9.50338e-02,9.40224e-01,9.99969e-01
1.455693646e+00,0.00000e+00,0.00000e+00,2.08940e-01,9.41369e-01,9.99974e-01
1.462972114e+00,6.62517e-163,1.60913e-162,2.56272e-01,9.42493e-01,9.99978e-01
1.470286975e+00,1.35063e-68,3.49888e-68,2.05173e-01,9.43597e-01,9.99980e-01
1.477638409e+00,9.94680e-44,2.57400e-43,2.40394e-01,9.44679e-01,9.99983e-01
1.485026601e+00,5.50093e-25,1.28760e-24,3.13844e-01,9.45742e-01,9.99987e-01
1.492451734e+00,2.95074e-21,5.59026e-21,4.20334e-01,9.46784e-01,9.99991e-01
1.499913993e+00,5.64124e-10,8.36727e-10,5.59260e-01,9.47808e-01,9.99994e-01
1.507413563e+00,8.31079e-09,1.23375e-08,6.57265e-01,9.48812e-01,9.99997e-01
1.514950631e+00,3.97726e-10,4.96598e-10,7.68079e-01,9.49797e-01,9.99998e-01
1.522525384e+00,3.16054e-31,3.72933e-31,8.43101e-01,9.50764e-01,9.99998e-01
1.530138011e+00,1.02722e-72,1.15600e-72,8.82628e-01,9.51712e-01,9.99999e-01
1.537788701e+00,4.06883e-54,4.47893e-54,9.31864e-01,9.52643e-01,9.99999e-01
1.545477645e+00,1.95276e-12,2.11114e-12,9.55880e-01,9.53556e-01,9.99999e-01
1.553205033e+00,9.44530e-09,1.01740e-08,9.63734e-01,9.54453e-01,9.99999e-01
1.560971058e+00,2.62130e-09,2.78478e-09,9.77591e-01,9.55332e-01,9.99999e-01
1.568775913e+00,2.47003e-182,2.60982e-182,9.85072e-01,9.56195e-01,9.99999e-01
1.576619793e+00,0.00000e+00,0.00000e+00,9.88409e-01,9.57041e-01,9.99999e-01
1.584502892e+00,5.58659e-233,5.86431e-233,9.92933e-01,9.57871e-01,9.99999e-01
1.592425406e+00,1.36339e-162,1.42779e-162,9.93448e-01,9.58686e-01,9.99999e-01
1.600387533e+00,1.37920e-261,1.44234e-261,9.95470e-01,9.59485e-01,9.99999e-01
1.608389471e+00,0.00000e+00,0.00000e+00,9.95317e-01,9.60269e-01,9.99999e-01
1.616431418e+00,0.00000e+00,0.00000e+00,9.95194e-01,9.61039e-01,9.99999e-01
1.624513575e+00,2.43667e-206,2.54181e-206,9.94860e-01,9.61793e-01,9.99999e-01
1.632636143e+00,1.84577e-153,1.92496e-153,9.91955e-01,9.62534e-01,9.99999e-01
1.640799324e+00,2.75883e-63,2.88028e-63,9.89280e-01,9.63260e-01,9.99999e-01
1.649003321e+00,2.77767e-63,2.90837e-63,9.86384e-01,9.63972e-01,9.99999e-01
1.657248337e+00,3.62754e-49,3.79695e-49,9.81935e-01,9.64671e-01,9.99999e-01
1.665534579e+00,1.68959e-49,1.77927e-49,9.75479e-01,9.65357e-01,9.99999e-01
1.673862252e+00,6.02971e-32,6.33539e-32,9.66906e-01,9.66029e-01,9.99999e-01
1.682231563e+00,1.66627e-22,1.74597e-22,9.70920e-01,9.66689e-01,9.99999e-01
1.690642721e+00,4.66669e-13,4.94354e-13,9.49443e-01,9.67336e-01,9.99998e-01
1.699095934e+00,1.72957e-08,1.84352e-08,9.42366e-01,9.67971e-01,9.99998e-01
1.707591414e+00,7.82333e-05,8.38382e-05,9.37778e-01,9.68593e-01,9.99998e-01
1.716129371e+00,4.70913e-03,5.15088e-03,9.23630e-01,9.69204e-01,9.99997e-01
1.724710018e+00,4.84425e-02,5.50839e-02,8.87218e-01,9.69803e-01,9.99996e-01
1.733333568e+00,1.27386e-01,1.51048e-01,8.54998e-01,9.70391e-01,9.99995e-01
1.742000236e+00,2.50276e-01,3.19965e-01,7.88788e-01,9.70967e-01,9.99992e-01
1.750710237e+00,5.96263e-03,8.16506e-03,6.41070e-01,9.71532e-01,9.99988e-01
1.759463788e+00,1.08452e-30,1.69237e-30,4.34222e-01,9.72087e-01,9.99982e-01
1.768261107e+00,2.30576e-32,5.43958e-32,2.10488e-01,9.72630e-01,9.99971e-01
1.777102413e+00,1.42387e-31,8.11964e-31,7.56128e-02,9.73164e-01,9.99955e-01
1.785987925e+00,2.03282e-30,3.03285e-29,1.36941e-02,9.73687e-01,9.99929e-01
1.794917864e+00,1.91045e-29,6.91758e-28,2.74743e-03,9.74200e-01,9.99877e-01
1.803892454e+00,7.19594e-30,5.42755e-27,6.10742e-05,9.74703e-01,9.99815e-01
1.812911916e+00,6.50235e-30,7.37666e-26,8.82067e-06,9.75196e-01,9.99748e-01
1.821976476e+00,5.38898e-30,5.39556e-26,1.30547e-05,9.75680e-01,9.99703e-01
1.831086358e+00,1.75291e-25,4.08424e-21,2.01375e-06,9.76155e-01,9.99666e-01
1.840241790e+00,1.44270e-21,5.93279e-18,2.18449e-05,9.76620e-01,9.99630e-01
1.849442999e+00,4.72374e-16,1.39701e-12,7.04987e-05,9.77076e-01,9.99602e-01
1.858690214e+00,1.55293e-17,1.18957e-11,4.35880e-07,9.77524e-01,9.99540e-01
1.867983665e+00,3.89666e-18,1.78216e-12,9.25481e-08,9.77963e-01,9.99487e-01
1.877323583e+00,2.12144e-59,2.14200e-57,1.65475e-03,9.78394e-01,9.99512e-01
1.886710201e+00,1.17369e-76,4.65597e-75,2.62278e-03,9.78816e-01,9.99586e-01
1.896143752e+00,5.34255e-87,1.70662e-85,6.18429e-03,9.79230e-01,9.99627e-01
1.905624471e+00,2.91227e-102,4.70806e-99,1.25623e-04,9.79636e-01,9.99653e-01
1.915152593e+00,8.80199e-81,7.05061e-77,1.24123e-05,9.80034e-01,9.99676e-01
1.924728356e+00,3.14524e-96,5.94207e-92,2.72598e-06,9.80425e-01,9.99714e-01
1.934351998e+00,0.00000e+00,0.00000e+00,1.41600e-06,9.80807e-01,9.99764e-01
1.944023758e+00,0.00000e+00,0.00000e+00,1.51024e-04,9.81183e-01,9.99830e-01
1.953743877e+00,0.00000e+00,0.00000e+00,6.14106e-04,9.81551e-01,9.99888e-01
1.963512596e+00,0.00000e+00,0.00000e+00,7.23124e-03,9.81912e-01,9.99930e-01
1.973330159e+00,0.00000e+00,0.00000e+00,2.23299e-02,9.82266e-01,9.99957e-01
1.983196810e+00,0.00000e+00,0.00000e+00,1.47001e-01,9.82614e-01,9.99972e-01
1.993112794e+00,0.00000e+00,0.00000e+00,2.25047e-01,9.82954e-01,9.99982e-01
2.003078358e+00,0.00000e+00,0.00000e+00,4.01745e-01,9.83288e-01,9.99988e-01
2.013093750e+00,0.00000e+00,0.00000e+00,5.52690e-01,9.83615e-01,9.99992e-01
2.023159218e+00,0.00000e+00,0.00000e+00,7.10836e-01,9.83936e-01,9.99994e-01
2.033275015e+00,0.00000e+00,0.00000e+00,7.68881e-01,9.84251e-01,9.99996e-01
2.043441390e+00,0.00000e+00,0.00000e+00,8.49578e-01,9.84560e-01,9.99997e-01
2.053658597e+00,0.00000e+00,0.00000e+00,8.76579e-01,9.84862e-01,9.99998e-01
2.063926890e+00,0.00000e+00,0.00000e+00,9.14970e-01,9.85159e-01,9.99998e-01
2.074246524e+00,0.00000e+00,0.00000e+00,9.26116e-01,9.85450e-01,9.99998e-01
2.084617757e+00,0.00000e+00,0.00000e+00,9.51166e-01,9.85735e-01,9.99998e-01
2.095040845e+00,0.00000e+00,0.00000e+00,9.61188e-01,9.86015e-01,9.99999e-01
2.105516050e+00,0.00000e+00,0.00000e+00,9.66692e-01,9.86289e-01,9.99999e-01
2.116043630e+00,0.00000e+00,0.00000e+00,9.68163e-01,9.86558e-01,9.99999e-01
2.126623848e+00,0.00000e+00,0.00000e+00,9.80484e-01,9.86822e-01,9.99999e-01
2.137256967e+00,0.00000e+00,0.00000e+00,9.81395e-01,9.87081e-01,9.99999e-01
2.147943252e+00,2.72200e-209,2.79108e-209,9.82109e-01,9.87334e-01,9.99999e-01
2.158682968e+00,4.41296e-126,4.52734e-126,9.83613e-01,9.87583e-01,9.99999e-01
2.169476383e+00,1.02463e-61,1.05073e-61,9.82565e-01,9.87827e-01,9.99999e-01
2.180323765e+00,6.87816e-39,7.05413e-39,9.80014e-01,9.88066e-01,9.99999e-01
2.191225384e+00,2.97107e-20,3.04564e-20,9.75662e-01,9.88300e-01,9.99999e-01
2.202181511e+00,2.03066e-13,2.09221e-13,9.69966e-01,9.88530e-01,9.99998e-01
2.213192418e+00,1.34132e-07,1.37899e-07,9.69555e-01,9.88755e-01,9.99998e-01
2.224258381e+00,5.72547e-05,5.92871e-05,9.64275e-01,9.88976e-01,9.99998e-01
2.235379672e+00,1.52144e-03,1.57790e-03,9.69330e-01,9.89192e-01,9.99998e-01
2.246556571e+00,1.15484e-02,1.21960e-02,9.46693e-01,9.89405e-01,9.99998e-01
2.257789354e+00,6.30148e-02,6.62072e-02,9.58388e-01,9.89613e-01,9.99998e-01
2.269078300e+00,7.96171e-02,8.89502e-02,9.01046e-01,9.89817e-01,9.99998e-01
2.280423692e+00,8.90912e-02,9.76474e-02,9.17143e-01,9.90017e-01,9.99997e-01
2.291825810e+00,1.82120e-01,2.16796e-01,8.43577e-01,9.90213e-01,9.99997e-01
2.303284939e+00,2.55544e-01,2.99428e-01,8.58763e-01,9.90406e-01,9.99996e-01
2.314801364e+00,2.62017e-01,3.41680e-01,7.69861e-01,9.90594e-01,9.99994e-01
2.326375371e+00,3.71868e-01,4.89348e-01,7.62580e-01,9.90779e-01,9.99993e-01
2.338007248e+00,3.34063e-01,4.58833e-01,7.29593e-01,9.90960e-01,9.99990e-01
2.349697284e+00,3.02420e-01,5.09229e-01,5.89877e-01,9.91138e-01,9.99987e-01
2.361445770e+00,3.75996e-01,5.81752e-01,6.49052e-01,9.91312e-01,9.99983e-01
2.373252999e+00,3.43799e-01,6.13155e-01,5.57272e-01,9.91483e-01,9.99976e-01
2.385119264e+00,3.02373e-01,8.07167e-01,3.71575e-01,9.91651e-01,9.99968e-01
2.397044861e+00,4.84443e-01,9.15086e-01,5.31868e-01,9.91815e-01,9.99952e-01
2.409030085e+00,2.71904e-01,8.57578e-01,3.17055e-01,9.91976e-01,9.99930e-01
2.421075235e+00,2.65517e-01,7.58059e-01,3.33507e-01,9.92134e-01,9.99904e-01
2.433180612e+00,6.18980e-02,2.39432e-01,1.97173e-01,9.92289e-01,9.99870e-01
2.445346515e+00,4.48121e-02,5.04043e-01,7.41832e-02,9.92440e-01,9.99827e-01
2.457573247e+00,2.54500e-03,2.48430e-02,4.19476e-02,9.92589e-01,9.99767e-01
2.469861113e+00,1.74133e-10,5.50330e-09,2.73724e-03,9.92735e-01,9.99685e-01
2.482210419e+00,1.14821e-40,1.03188e-36,2.24097e-05,9.92878e-01,9.99558e-01
2.494621471e+00,2.27278e-62,1.11134e-56,8.84484e-08,9.93018e-01,9.99373e-01
2.507094578e+00,1.48582e-66,5.01235e-55,1.72998e-13,9.93155e-01,9.99085e-01
2.519630051e+00,8.14554e-91,6.26453e-73,3.94416e-20,9.93290e-01,9.98664e-01
2.532228202e+00,1.09815e-122,4.28939e-98,1.08401e-26,9.93422e-01,9.98212e-01
2.544889343e+00,3.95059e-129,1.45869e-96,9.30761e-35,9.93552e-01,9.97715e-01
2.557613789e+00,2.29583e-177,1.15099e-144,7.09947e-35,9.93679e-01,9.97310e-01
2.570401858e+00,9.90216e-277,2.42564e-230,1.23600e-48,9.93803e-01,9.97090e-01
2.583253867e+00,0.00000e+00,0.00000e+00,1.28621e-48,9.93925e-01,9.96819e-01
2.596170137e+00,0.00000e+00,0.00000e+00,1.16747e-40,9.94045e-01,9.96771e-01
2.609150988e+00,0.00000e+00,0.00000e+00,2.48680e-29,9.94162e-01,9.96552e-01
2.622196742e+00,0.00000e+00,0.00000e+00,1.00689e-24,9.94277e-01,9.96457e-01
2.635307726e+00,0.00000e+00,0.00000e+00,1.13786e-11,9.94390e-01,9.96297e-01
2.648484265e+00,0.00000e+00,0.00000e+00,5.98926e-14,9.94500e-01,9.95771e-01
2.661726686e+00,0.00000e+00,0.00000e+00,3.49111e-24,9.94609e-01,9.95291e-01
2.675035320e+00,0.00000e+00,0.00000e+00,3.51672e-85,9.94715e-01,9.95529e-01
2.688410496e+00,0.00000e+00,0.00000e+00,6.17150e-42,9.94819e-01,9.95782e-01
2.701852549e+00,0.00000e+00,0.00000e+00,1.20270e-36,9.94921e-01,9.96185e-01
2.715361811e+00,0.00000e+00,0.00000e+00,2.14023e-36,9.95021e-01,9.96448e-01
2.728938620e+00,0.00000e+00,0.00000e+00,4.85730e-26,9.95119e-01,9.96852e-01
2.742583314e+00,0.00000e+00,0.00000e+00,7.41921e-28,9.95215e-01,9.96969e-01
2.756296230e+00,0.00000e+00,0.00000e+00,4.65816e-29,9.95309e-01,9.97090e-01
2.770077711e+00,0.00000e+00,0.00000e+00,2.19969e-39,9.95402e-01,9.97499e-01
2.783928100e+00,0.00000e+00,0.00000e+00,2.14047e-39,9.95492e-01,9.97714e-01
2.797847740e+00,0.00000e+00,0.00000e+00,4.30257e-30,9.95581e-01,9.98035e-01
2.811836979e+00,0.00000e+00,0.00000e+00,5.60534e-32,9.95668e-01,9.98435e-01
2.825896164e+00,0.00000e+00,0.00000e+00,1.01304e-27,9.95754e-01,9.98792e-01
2.840025645e+00,0.00000e+00,0.00000e+00,1.69944e-21,9.95837e-01,9.99047e-01
2.854225773e+00,0.00000e+00,0.00000e+00,4.18740e-19,9.95919e-01,9.99243e-01
2.868496902e+00,0.00000e+00,0.00000e+00,5.09260e-18,9.96000e-01,9.99455e-01
2.882839386e+00,0.00000e+00,0.00000e+00,1.99242e-14,9.96079e-01,9.99600e-01
2.897253583e+00,0.00000e+00,0.00000e+00,2.60203e-12,9.96156e-01,9.99679e-01
2.911739851e+00,0.00000e+00,0.00000e+00,1.49367e-08,9.96232e-01,9.99743e-01
2.926298550e+00,0.00000e+00,0.00000e+00,1.40436e-06,9.96306e-01,9.99806e-01
2.940930043e+00,0.00000e+00,0.00000e+00,2.05358e-06,9.96379e-01,9.99845e-01
2.955634693e+00,0.00000e+00,0.00000e+00,4.51836e-06,9.96450e-01,9.99871e-01
2.970412867e+00,0.00000e+00,0.00000e+00,7.42038e-06,9.96520e-01,9.99899e-01
2.985264931e+00,0.00000e+00,0.00000e+00,2.28880e-04,9.96589e-01,9.99921e-01
3.000191256e+00,1.38646e-274,2.21133e-272,4.29806e-04,9.96656e-01,9.99933e-01
3.015192212e+00,1.48797e-292,2.23190e-290,2.12433e-03,9.96722e-01,9.99944e-01
3.030268173e+00,1.76580e-236,1.27454e-234,6.19434e-03,9.96787e-01,9.99952e-01
3.045419514e+00,3.28596e-145,3.74524e-143,1.46744e-03,9.96850e-01,9.99956e-01
3.060646612e+00,2.12706e-67,4.44553e-66,2.17738e-02,9.96912e-01,9.99961e-01
3.075949845e+00,2.45609e-54,1.70356e-52,2.50695e-02,9.96973e-01,2.76126e-01
3.091329594e+00,2.32267e-52,6.81462e-50,1.70849e-02,9.97033e-01,4.26405e-02
3.106786242e+00,2.48426e-54,1.36989e-49,4.70867e-02,9.97091e-01,2.05130e-04
3.122320173e+00,1.12454e-45,8.63907e-35,7.01002e-02,9.97148e-01,9.06220e-11
3.137931774e+00,2.07087e-39,7.65500e-34,7.92355e-02,9.97205e-01,2.18009e-05
3.153621433e+00,6.05612e-37,2.79456e-35,1.85702e-01,9.97260e-01,5.79760e-02
3.169389540e+00,1.95014e-52,5.55778e-47,2.13327e-01,9.97314e-01,9.34714e-06
3.185236488e+00,1.12115e-46,6.49111e-38,1.50458e-01,9.97367e-01,5.81682e-09
3.201162670e+00,8.29358e-46,2.69104e-30,2.20653e-02,9.97419e-01,4.10726e-15
3.217168483e+00,1.63838e-50,8.62295e-29,6.74163e-02,9.97470e-01,1.92908e-21
3.233254326e+00,7.59650e-57,7.93049e-25,1.56890e-01,9.97520e-01,3.43778e-32
3.249420598e+00,1.02186e-66,1.13476e-14,2.73578e-01,9.97568e-01,2.04600e-52
3.265667701e+00,4.50312e-96,2.15519e-12,1.56078e-01,9.97616e-01,8.56444e-84
3.281996039e+00,1.26579e-140,1.24180e-09,2.28569e-01,9.97663e-01,3.25654e-131
3.298406019e+00,2.18324e-197,4.76876e-08,7.98486e-02,9.97710e-01,3.57016e-189
3.314898049e+00,4.29494e-273,8.88770e-08,6.66927e-02,9.97755e-01,5.52034e-265
3.331472540e+00,3.61222e-223,1.63026e-07,1.32076e-01,9.97799e-01,1.26709e-215
3.348129902e+00,3.11515e-162,4.31001e-06,1.19193e-01,9.97842e-01,4.39561e-156
3.364870552e+00,8.38750e-112,8.94298e-06,1.80214e-01,9.97885e-01,4.56794e-106
3.381694905e+00,1.38238e-70,3.31785e-05,2.14434e-01,9.97927e-01,1.31016e-65
3.398603379e+00,2.94801e-43,5.17332e-04,3.28959e-01,9.97968e-01,1.53571e-39
3.415596396e+00,1.28392e-26,8.97185e-04,4.41332e-01,9.98008e-01,3.04095e-23
3.432674378e+00,3.07378e-18,1.94647e-04,4.66464e-01,9.98047e-01,2.98347e-14
3.449837750e+00,1.78371e-12,2.78392e-06,5.93926e-01,9.98085e-01,9.25564e-07
3.467086939e+00,2.70830e-11,3.99321e-10,6.98956e-01,9.98123e-01,8.92131e-02
3.484422373e+00,7.53474e-14,1.38698e-13,7.14692e-01,9.98160e-01,6.72066e-01
3.501844485e+00,2.01472e-19,6.66454e-19,8.24267e-01,9.98197e-01,3.49013e-01
3.519353708e+00,7.50013e-23,8.32660e-23,8.51252e-01,9.98232e-01,9.99365e-01
3.536950476e+00,1.44405e-27,1.63644e-27,8.63836e-01,9.98267e-01,9.98198e-01
3.554635228e+00,1.38994e-27,1.49812e-27,9.14518e-01,9.98301e-01,9.95934e-01
3.572408405e+00,1.43825e-22,1.53931e-22,9.17222e-01,9.98335e-01,9.93160e-01
3.590270447e+00,1.80831e-21,1.89473e-21,9.41659e-01,9.98367e-01,9.96118e-01
3.608221799e+00,1.57323e-15,1.63336e-15,9.54432e-01,9.98400e-01,9.98068e-01
3.626262908e+00,4.23800e-09,4.35787e-09,9.60994e-01,9.98431e-01,9.99599e-01
3.644394222e+00,3.20842e-07,3.28113e-07,9.76380e-01,9.98462e-01,9.99841e-01
3.662616193e+00,3.74933e-04,3.86043e-04,9.60809e-01,9.98493e-01,9.99070e-01
3.680929274e+00,2.53051e-02,2.67975e-02,9.37953e-01,9.98522e-01,9.95472e-01
3.699333921e+00,1.86863e-01,1.94493e-01,9.70467e-01,9.98551e-01,9.89913e-01
3.717830590e+00,1.16394e-01,1.21403e-01,9.76742e-01,9.98580e-01,9.80019e-01
3.736419743e+00,3.63676e-03,3.83772e-03,9.72937e-01,9.98608e-01,9.69356e-01
3.755101842e+00,4.13744e-08,4.34532e-08,9.70902e-01,9.98635e-01,9.73049e-01
3.773877351e+00,1.68346e-17,1.74435e-17,9.75941e-01,9.98662e-01,9.84480e-01
3.792746738e+00,1.19551e-42,1.22810e-42,9.71128e-01,9.98689e-01,9.93840e-01
3.811710472e+00,3.84922e-28,3.94173e-28,9.64571e-01,9.98715e-01,9.97223e-01
3.830769024e+00,7.81070e-28,8.02009e-28,9.61784e-01,9.98740e-01,9.98941e-01
3.849922869e+00,2.54772e-38,2.63047e-38,9.43983e-01,9.98765e-01,9.99717e-01
3.869172484e+00,3.68315e-24,3.82110e-24,9.36078e-01,9.98789e-01,9.97609e-01
3.888518346e+00,5.76667e-11,5.97106e-11,9.63717e-01,9.98813e-01,9.94248e-01
3.907960938e+00,2.90129e-08,3.03179e-08,9.59375e-01,9.98836e-01,9.90100e-01
3.927500742e+00,1.50944e-08,1.65974e-08,7.67573e-01,9.98859e-01,9.88149e-01
3.947138246e+00,1.88245e-12,2.13812e-12,8.50534e-01,9.98882e-01,9.93449e-01
3.966873937e+00,1.34855e-18,1.46567e-18,6.60063e-01,9.98904e-01,9.98648e-01
3.986708307e+00,2.63571e-28,2.74466e-28,9.31055e-01,9.98926e-01,9.99997e-01
4.006641849e+00,8.66041e-51,8.80796e-51,9.74749e-01,9.98947e-01,9.99997e-01
4.026675058e+00,1.09661e-251,1.11801e-251,9.70803e-01,9.98968e-01,9.99997e-01
4.046808433e+00,0.00000e+00,0.00000e+00,9.64490e-01,9.98988e-01,9.99997e-01
4.067042475e+00,0.00000e+00,0.00000e+00,9.59354e-01,9.99008e-01,9.99997e-01
4.087377688e+00,0.00000e+00,0.00000e+00,9.56369e-01,9.99027e-01,9.99997e-01
4.107814576e+00,0.00000e+00,0.00000e+00,9.40327e-01,9.99047e-01,9.99997e-01
4.128353649e+00,0.00000e+00,0.00000e+00,9.07707e-01,9.99065e-01,9.99997e-01
4.148995417e+00,0.00000e+00,0.00000e+00,8.85954e-01,9.99084e-01,9.99997e-01
4.169740394e+00,0.00000e+00,0.00000e+00,8.24591e-01,9.99102e-01,9.99997e-01
4.190589096e+00,0.00000e+00,0.00000e+00,7.91565e-01,9.99120e-01,9.99997e-01
4.211542042e+00,0.00000e+00,0.00000e+00,6.91309e-01,9.99137e-01,9.99997e-01
4.232599752e+00,0.00000e+00,0.00000e+00,6.64148e-01,9.99154e-01,9.99997e-01
4.253762751e+00,0.00000e+00,0.00000e+00,5.97220e-01,9.99171e-01,9.99996e-01
4.275031564e+00,0.00000e+00,0.00000e+00,4.90607e-01,9.99187e-01,9.99996e-01
4.296406722e+00,0.00000e+00,0.00000e+00,3.92757e-01,9.99203e-01,9.99996e-01
4.317888756e+00,0.00000e+00,0.00000e+00,4.42862e-01,9.99219e-01,9.99996e-01
4.339478200e+00,0.00000e+00,0.00000e+00,3.58958e-01,9.99234e-01,9.99995e-01
4.361175591e+00,0.00000e+00,0.00000e+00,3.02640e-01,9.99249e-01,9.99995e-01
4.382981469e+00,0.00000e+00,0.00000e+00,3.03111e-01,9.99264e-01,9.99995e-01
4.404896376e+00,0.00000e+00,0.00000e+00,2.91110e-01,9.99279e-01,9.99994e-01
4.426920858e+00,0.00000e+00,0.00000e+00,1.83771e-01,9.99293e-01,9.99994e-01
4.449055462e+00,0.00000e+00,0.00000e+00,2.98443e-01,9.99307e-01,9.99994e-01
4.471300739e+00,0.00000e+00,0.00000e+00,2.11002e-01,9.99320e-01,9.99993e-01
4.493657243e+00,0.00000e+00,0.00000e+00,2.92960e-01,9.99334e-01,9.99992e-01
4.516125529e+00,0.00000e+00,0.00000e+00,1.45907e-01,9.99347e-01,9.99992e-01
4.538706157e+00,0.00000e+00,0.00000e+00,2.31854e-01,9.99360e-01,9.99991e-01
4.561399688e+00,0.00000e+00,0.00000e+00,2.04521e-01,9.99372e-01,9.99990e-01
4.584206686e+00,0.00000e+00,0.00000e+00,2.94072e-01,9.99385e-01,9.99989e-01
4.607127720e+00,0.00000e+00,0.00000e+00,1.95665e-01,9.99397e-01,9.99987e-01
4.630163358e+00,0.00000e+00,0.00000e+00,7.85438e-02,9.99409e-01,9.99985e-01
4.653314175e+00,0.00000e+00,0.00000e+00,7.34357e-02,9.99421e-01,9.99983e-01
4.676580746e+00,0.00000e+00,0.00000e+00,1.66834e-02,9.99432e-01,9.99981e-01
4.699963650e+00,0.00000e+00,0.00000e+00,6.10499e-02,9.99443e-01,9.99978e-01
4.723463468e+00,0.00000e+00,0.00000e+00,1.73898e-02,9.99454e-01,9.99974e-01
4.747080785e+00,0.00000e+00,0.00000e+00,9.55993e-02,9.99465e-01,9.99969e-01
4.770816189e+00,0.00000e+00,0.00000e+00,2.20332e-02,9.99475e-01,9.99963e-01
4.794670270e+00,0.00000e+00,0.00000e+00,1.02321e-02,9.99486e-01,9.99957e-01
4.818643622e+00,0.00000e+00,0.00000e+00,8.61263e-03,9.99496e-01,9.99949e-01
4.842736840e+00,0.00000e+00,0.00000e+00,2.02029e-03,9.99506e-01,9.99940e-01
4.866950524e+00,0.00000e+00,0.00000e+00,1.81498e-02,9.99516e-01,9.99929e-01
4.891285276e+00,0.00000e+00,0.00000e+00,1.00687e-03,9.99525e-01,9.99915e-01
4.915741703e+00,0.00000e+00,0.00000e+00,5.89250e-03,9.99534e-01,9.99901e-01
4.940320411e+00,0.00000e+00,0.00000e+00,5.77707e-04,9.99544e-01,9.99881e-01
4.965022013e+00,0.00000e+00,0.00000e+00,1.97882e-04,9.99553e-01,9.99863e-01
4.989847123e+00,0.00000e+00,0.00000e+00,7.88187e-04,9.99561e-01,9.99845e-01
5.014796359e+00,0.00000e+00,0.00000e+00,2.94364e-06,9.99570e-01,9.99821e-01
5.039870341e+00,0.00000e+00,0.00000e+00,1.85902e-04,9.99579e-01,9.99792e-01
5.065069693e+00,0.00000e+00,0.00000e+00,1.96506e-04,9.99587e-01,9.99752e-01
5.090395041e+00,0.00000e+00,0.00000e+00,6.53177e-06,9.99595e-01,9.99714e-01
5.115847016e+00,0.00000e+00,0.00000e+00,1.48007e-06,9.99603e-01,9.99667e-01
5.141426251e+00,0.00000e+00,0.00000e+00,2.45880e-08,9.99611e-01,9.99616e-01
5.167133383e+00,0.00000e+00,0.00000e+00,5.22364e-09,9.99618e-01,9.99565e-01
5.192969049e+00,0.00000e+00,0.00000e+00,4.30555e-09,9.99626e-01,9.99506e-01
5.218933895e+00,0.00000e+00,0.00000e+00,1.05720e-13,9.99633e-01,9.99451e-01
5.245028564e+00,0.00000e+00,0.00000e+00,1.94753e-10,9.99641e-01,9.99397e-01
5.271253707e+00,0.00000e+00,0.00000e+00,2.15072e-11,9.99648e-01,9.99322e-01
5.297609976e+00,0.00000e+00,0.00000e+00,5.48674e-13,9.99655e-01,9.99251e-01
5.324098025e+00,0.00000e+00,0.00000e+00,1.72152e-13,9.99661e-01,9.99183e-01
5.350718516e+00,0.00000e+00,0.00000e+00,2.73734e-16,9.99668e-01,9.99066e-01
5.377472108e+00,0.00000e+00,0.00000e+00,1.55913e-16,9.99675e-01,9.99005e-01
5.404359469e+00,0.00000e+00,0.00000e+00,1.31356e-16,9.99681e-01,9.98873e-01
5.431381266e+00,0.00000e+00,0.00000e+00,1.08437e-29,9.99687e-01,9.98787e-01
5.458538172e+00,1.78444e-314,9.78212e-287,6.72236e-30,9.99693e-01,9.98657e-01
5.485830863e+00,1.00704e-213,7.95834e-184,1.41876e-31,9.99699e-01,9.98501e-01
5.513260018e+00,3.91361e-167,1.52984e-135,2.49395e-33,9.99705e-01,9.98349e-01
5.540826318e+00,2.61786e-123,2.85113e-90,3.24757e-35,9.99711e-01,9.98163e-01
5.568530449e+00,9.70225e-121,1.78388e-68,1.91853e-54,9.99717e-01,9.78851e-01
5.596373101e+00,1.01891e-100,7.22202e-51,4.62428e-52,9.99722e-01,9.69430e-01
5.624354967e+00,5.60690e-90,7.33446e-45,7.10600e-47,9.99728e-01,9.59618e-01
5.652476742e+00,1.87425e-87,2.72488e-38,2.69731e-51,9.99733e-01,9.46733e-01
5.680739126e+00,1.74929e-91,2.25274e-34,6.25588e-59,9.99739e-01,9.30839e-01
5.709142821e+00,2.90461e-95,2.38687e-32,3.60024e-64,9.99744e-01,9.10209e-01
5.737688535e+00,4.49069e-94,2.86566e-33,4.92882e-62,9.99749e-01,8.81958e-01
5.766376978e+00,2.65991e-75,7.73191e-30,1.28290e-47,9.99754e-01,8.48033e-01
5.795208863e+00,1.71882e-63,6.83897e-22,3.01970e-43,9.99758e-01,8.04904e-01
5.824184907e+00,3.03694e-67,8.51400e-16,9.56849e-53,9.99763e-01,7.47976e-01
5.853305832e+00,2.12952e-66,3.54447e-16,1.16541e-51,9.99768e-01,6.82317e-01
5.882572361e+00,1.35950e-80,5.67938e-19,1.53766e-63,9.99772e-01,6.03944e-01
5.911985223e+00,7.93023e-76,1.97613e-16,8.80588e-61,9.99777e-01,5.14485e-01
5.941545149e+00,2.56520e-70,2.90129e-09,7.85492e-63,9.99781e-01,4.22037e-01
5.971252874e+00,4.85407e-59,7.58471e-06,2.86019e-54,9.99786e-01,3.19971e-01
6.001109139e+00,4.06885e-41,1.45255e-04,9.14781e-37,9.99790e-01,2.22391e-01
6.031114685e+00,3.00350e-45,3.71689e-05,1.36616e-40,9.99794e-01,1.41879e-01
6.061270258e+00,1.52444e-46,7.00645e-07,1.91264e-40,9.99798e-01,7.56850e-02
6.091576609e+00,2.24928e-43,2.68885e-09,3.84868e-34,9.99802e-01,3.31327e-02
6.122034492e+00,4.41770e-34,4.71535e-12,5.08781e-22,9.99806e-01,1.19441e-02
6.152644665e+00,4.34911e-39,9.04552e-16,1.24228e-22,9.99810e-01,3.17063e-03
6.183407888e+00,5.46856e-35,3.94374e-18,1.55501e-15,9.99813e-01,5.66040e-04
6.214324928e+00,1.61070e-32,5.22840e-19,1.38983e-10,9.99817e-01,6.05052e-05
6.245396552e+00,1.22249e-26,4.38233e-15,2.11791e-07,9.99821e-01,3.33707e-06
6.276623535e+00,3.59618e-27,2.70138e-13,8.47789e-08,9.99824e-01,7.89057e-08
6.308006653e+00,1.08044e-29,2.48459e-14,9.99898e-08,9.99828e-01,6.36622e-10
6.339546686e+00,1.13906e-44,5.98277e-19,6.42814e-16,9.99831e-01,1.34542e-12
6.371244419e+00,1.99732e-67,1.95325e-21,6.99084e-33,9.99834e-01,5.54866e-16
6.403100641e+00,6.39628e-79,8.53010e-16,5.91861e-46,9.99838e-01,6.65283e-20
6.435116145e+00,1.70581e-129,5.39466e-08,1.02585e-99,9.99841e-01,1.06147e-24
6.467291725e+00,9.67650e-136,2.01132e-04,2.87021e-100,9.99844e-01,1.93038e-33
6.499628184e+00,1.42789e-157,2.25620e-02,2.24875e-114,9.99847e-01,7.29679e-43
6.532126325e+00,6.56962e-154,1.14948e-01,6.81814e-101,9.99850e-01,5.45402e-53
6.564786956e+00,6.30301e-188,2.20631e-01,2.59173e-121,9.99853e-01,8.68347e-67
6.597610891e+00,1.56178e-244,2.88732e-01,2.85038e-163,9.99856e-01,1.69374e-81
6.630598946e+00,1.16249e-209,3.38750e-01,1.24036e-107,9.99859e-01,2.61047e-102
6.663751940e+00,2.52393e-224,3.37771e-01,2.77576e-100,9.99861e-01,2.52779e-124
6.697070700e+00,6.63865e-232,2.48564e-01,1.65008e-79,9.99864e-01,1.18363e-152
6.730556054e+00,6.40683e-237,1.41443e-01,1.22799e-54,9.99867e-01,2.48989e-182
6.764208834e+00,6.86177e-276,4.91590e-02,8.53938e-55,9.99869e-01,6.48192e-221
6.798029878e+00,0.00000e+00,1.07028e-02,7.38122e-67,9.99872e-01,1.70543e-270
6.832020027e+00,0.00000e+00,8.36236e-04,5.57888e-67,9.99874e-01,1.97626e-323
6.866180128e+00,0.00000e+00,2.08704e-05,7.73008e-77,9.99877e-01,0.00000e+00
6.900511028e+00,0.00000e+00,9.95875e-08,1.99252e-44,9.99879e-01,0.00000e+00
6.935013583e+00,0.00000e+00,6.08882e-12,3.48599e-44,9.99882e-01,0.00000e+00
6.969688651e+00,0.00000e+00,8.92565e-17,1.55494e-55,9.99884e-01,0.00000e+00
7.004537095e+00,0.00000e+00,1.03789e-25,1.63160e-54,9.99886e-01,0.00000e+00
7.039559780e+00,0.00000e+00,5.53330e-33,2.29302e-59,9.99889e-01,0.00000e+00
7.074757579e+00,0.00000e+00,7.84481e-45,1.05652e-46,9.99891e-01,0.00000e+00
7.110131367e+00,0.00000e+00,3.85197e-52,2.72885e-46,9.99893e-01,0.00000e+00
7.145682024e+00,0.00000e+00,6.40271e-62,6.65991e-52,9.99895e-01,0.00000e+00
7.181410434e+00,0.00000e+00,1.31988e-67,1.72188e-65,9.99897e-01,0.00000e+00
7.217317486e+00,0.00000e+00,7.89135e-71,1.20710e-48,9.99899e-01,0.00000e+00
7.253404073e+00,0.00000e+00,4.98986e-70,6.55281e-49,9.99901e-01,0.00000e+00
7.289671094e+00,0.00000e+00,9.31023e-56,5.68449e-43,9.99903e-01,0.00000e+00
7.326119449e+00,0.00000e+00,2.20717e-52,8.07272e-43,9.99905e-01,0.00000e+00
7.362750046e+00,0.00000e+00,4.02713e-57,1.35167e-31,9.99907e-01,0.00000e+00
7.399563797e+00,0.00000e+00,8.43823e-57,1.21330e-25,9.99909e-01,0.00000e+00
7.436561616e+00,0.00000e+00,1.80679e-47,3.08891e-28,9.99910e-01,0.00000e+00
7.473744424e+00,0.00000e+00,1.10555e-31,9.93033e-27,9.99912e-01,0.00000e+00
7.511113146e+00,0.00000e+00,1.57488e-22,8.05260e-23,9.99914e-01,0.00000e+00
7.548668712e+00,0.00000e+00,2.96989e-14,2.64834e-24,9.99915e-01,0.00000e+00
7.586412055e+00,0.00000e+00,1.31869e-11,8.35655e-43,9.99917e-01,0.00000e+00
7.624344115e+00,0.00000e+00,3.16603e-11,1.05875e-21,9.99919e-01,0.00000e+00
7.662465836e+00,0.00000e+00,3.76978e-13,1.81473e-13,9.99920e-01,0.00000e+00
7.700778165e+00,0.00000e+00,1.26993e-17,8.32266e-14,9.99922e-01,0.00000e+00
7.739282056e+00,0.00000e+00,2.90652e-28,7.74075e-22,9.99923e-01,0.00000e+00
7.777978466e+00,0.00000e+00,1.60262e-37,4.48947e-15,9.99925e-01,0.00000e+00
7.816868359e+00,0.00000e+00,3.82317e-50,1.72427e-12,9.99926e-01,0.00000e+00
7.855952700e+00,0.00000e+00,2.25366e-51,4.73205e-13,9.99928e-01,0.00000e+00
7.895232464e+00,0.00000e+00,2.39086e-43,5.01035e-13,9.99929e-01,0.00000e+00
7.934708626e+00,0.00000e+00,1.19865e-39,1.37999e-08,9.99931e-01,0.00000e+00
7.974382169e+00,0.00000e+00,6.70452e-44,4.37009e-06,9.99932e-01,0.00000e+00
8.014254080e+00,0.00000e+00,8.06834e-53,7.59315e-07,9.99933e-01,0.00000e+00
8.054325351e+00,0.00000e+00,1.08377e-53,1.54944e-06,9.99935e-01,0.00000e+00
8.094596977e+00,0.00000e+00,1.03614e-51,6.16920e-05,9.99936e-01,0.00000e+00
8.135069962e+00,0.00000e+00,7.76157e-47,5.46712e-05,9.99937e-01,9.92659e-288
8.175745312e+00,8.20778e-267,4.22309e-39,8.85524e-06,9.99938e-01,9.73606e-225
8.216624039e+00,2.16286e-211,8.53365e-34,3.48577e-04,9.99939e-01,3.40996e-175
8.257707159e+00,6.29545e-165,3.93056e-27,1.45977e-03,9.99941e-01,9.97130e-137
8.298995695e+00,4.39344e-130,2.71213e-24,1.13000e-02,9.99942e-01,9.62846e-105
8.340490673e+00,3.57672e-103,2.15211e-22,3.83525e-03,9.99943e-01,2.58178e-79
8.382193126e+00,1.01370e-81,6.13191e-21,2.11168e-02,9.99944e-01,5.36595e-60
8.424104092e+00,8.61848e-64,2.08717e-17,6.61706e-03,9.99945e-01,1.28267e-45
8.466224613e+00,2.18190e-49,1.05235e-13,1.74207e-02,9.99946e-01,8.17274e-35
8.508555736e+00,3.07113e-34,1.20630e-08,6.44425e-03,9.99947e-01,4.07336e-25
8.551098514e+00,8.91479e-25,4.03774e-06,8.16658e-02,9.99948e-01,1.85982e-18
8.593854007e+00,2.84199e-20,9.27879e-06,2.05429e-01,9.99949e-01,1.31961e-14
8.636823277e+00,4.24370e-18,1.09846e-06,2.39018e-01,9.99950e-01,1.47562e-11
8.680007393e+00,1.13863e-16,1.45484e-07,9.94713e-02,9.99951e-01,6.00473e-09
8.723407430e+00,5.22359e-15,4.96289e-08,1.61027e-01,9.99952e-01,6.08694e-07
8.767024467e+00,2.96257e-15,1.15845e-09,1.13892e-01,9.99953e-01,1.60394e-05
8.810859590e+00,1.89896e-33,2.83458e-29,1.23929e-01,9.99954e-01,1.99893e-04
8.854913888e+00,3.74946e-101,4.97856e-98,4.04527e-01,9.99955e-01,1.65854e-03
8.899188457e+00,0.00000e+00,0.00000e+00,3.46178e-01,9.99956e-01,7.31664e-03
8.943684399e+00,0.00000e+00,0.00000e+00,2.59047e-01,9.99957e-01,2.27497e-02
8.988402821e+00,0.00000e+00,0.00000e+00,2.35585e-01,9.99957e-01,5.48788e-02
9.033344836e+00,0.00000e+00,0.00000e+00,1.67158e-01,9.99958e-01,1.07371e-01
9.078511560e+00,0.00000e+00,0.00000e+00,2.63804e-01,9.99959e-01,1.80575e-01
9.123904118e+00,0.00000e+00,0.00000e+00,3.90284e-01,9.99960e-01,2.68408e-01
9.169523638e+00,0.00000e+00,0.00000e+00,3.09205e-01,9.99961e-01,3.64751e-01
9.215371256e+00,0.00000e+00,0.00000e+00,5.43316e-01,9.99961e-01,4.60719e-01
9.261448113e+00,0.00000e+00,0.00000e+00,5.12769e-01,9.99962e-01,5.51997e-01
9.307755353e+00,0.00000e+00,0.00000e+00,3.75581e-01,9.99963e-01,6.26756e-01
9.354294130e+00,0.00000e+00,0.00000e+00,3.00468e-01,9.99964e-01,6.98376e-01
9.401065601e+00,0.00000e+00,0.00000e+00,1.69920e-01,9.99964e-01,7.59360e-01
9.448070929e+00,0.00000e+00,0.00000e+00,2.40057e-01,9.99965e-01,8.05355e-01
9.495311283e+00,0.00000e+00,0.00000e+00,4.87769e-01,9.99966e-01,8.43481e-01
9.542787840e+00,0.00000e+00,0.00000e+00,5.87620e-01,9.99966e-01,8.77413e-01
9.590501779e+00,0.00000e+00,0.00000e+00,4.16495e-01,9.99967e-01,9.04586e-01
9.638454288e+00,0.00000e+00,0.00000e+00,4.27224e-01,9.99968e-01,9.24177e-01
9.686646559e+00,0.00000e+00,0.00000e+00,4.47608e-01,9.99968e-01,9.39882e-01
9.735079792e+00,0.00000e+00,0.00000e+00,5.54372e-01,9.99969e-01,9.52411e-01
9.783755191e+00,0.00000e+00,0.00000e+00,4.44808e-01,9.99969e-01,9.62377e-01
9.832673967e+00,0.00000e+00,0.00000e+00,1.92615e-01,9.99970e-01,9.70290e-01
9.881837337e+00,0.00000e+00,0.00000e+00,7.87775e-02,9.99971e-01,9.77079e-01
9.931246523e+00,0.00000e+00,0.00000e+00,3.36970e-01,9.99971e-01,9.82371e-01
9.980902756e+00,0.00000e+00,0.00000e+00,4.93507e-01,9.99972e-01,9.99953e-01
1.003080727e+01,0.00000e+00,0.00000e+00,4.96057e-01,9.99972e-01,9.99953e-01
1.008096131e+01,0.00000e+00,0.00000e+00,5.42686e-01,9.99973e-01,9.99952e-01
1.013136611e+01,0.00000e+00,0.00000e+00,6.26768e-01,9.99973e-01,9.99952e-01
1.018202294e+01,0.00000e+00,0.00000e+00,6.59459e-01,9.99974e-01,9.99951e-01
1.023293306e+01,0.00000e+00,0.00000e+00,4.74004e-01,9.99974e-01,9.99951e-01
1.028409772e+01,0.00000e+00,0.00000e+00,2.68959e-01,9.99975e-01,9.99950e-01
1.033551821e+01,0.00000e+00,0.00000e+00,2.38386e-01,9.99975e-01,9.99950e-01
1.038719580e+01,0.00000e+00,0.00000e+00,9.88107e-02,9.99976e-01,9.99949e-01
1.043913178e+01,0.00000e+00,0.00000e+00,1.11643e-01,9.99976e-01,9.99948e-01
1.049132744e+01,0.00000e+00,0.00000e+00,2.70859e-01,9.99977e-01,9.99948e-01
1.054378408e+01,0.00000e+00,0.00000e+00,3.72338e-01,9.99977e-01,9.99947e-01
1.059650300e+01,0.00000e+00,0.00000e+00,3.54357e-01,9.99977e-01,9.99946e-01
1.064948551e+01,0.00000e+00,0.00000e+00,3.15790e-01,9.99978e-01,9.99945e-01
1.070273294e+01,0.00000e+00,0.00000e+00,1.94082e-01,9.99978e-01,9.99944e-01
1.075624661e+01,0.00000e+00,0.00000e+00,2.15683e-01,9.99979e-01,9.99943e-01
1.081002784e+01,0.00000e+00,0.00000e+00,2.19964e-01,9.99979e-01,9.99942e-01
1.086407798e+01,0.00000e+00,0.00000e+00,8.12525e-02,9.99980e-01,9.99941e-01
1.091839837e+01,0.00000e+00,0.00000e+00,2.55491e-02,9.99980e-01,9.99940e-01
1.097299036e+01,0.00000e+00,0.00000e+00,3.76487e-03,9.99980e-01,9.99939e-01
1.102785531e+01,0.00000e+00,0.00000e+00,2.22194e-03,9.99981e-01,9.99939e-01
1.108299459e+01,0.00000e+00,0.00000e+00,4.70591e-02,9.99981e-01,9.99938e-01
1.113840956e+01,0.00000e+00,0.00000e+00,1.88524e-01,9.99981e-01,9.99937e-01
1.119410161e+01,0.00000e+00,0.00000e+00,2.70727e-01,9.99982e-01,9.99936e-01
1.125007212e+01,0.00000e+00,0.00000e+00,1.67648e-01,9.99982e-01,9.99935e-01
1.130632248e+01,0.00000e+00,0.00000e+00,1.34824e-01,9.99982e-01,9.99934e-01
1.136285409e+01,0.00000e+00,0.00000e+00,2.23634e-01,9.99983e-01,9.99934e-01
1.141966836e+01,0.00000e+00,0.00000e+00,2.56040e-01,9.99983e-01,9.99933e-01
1.147676670e+01,0.00000e+00,0.00000e+00,1.89875e-01,9.99983e-01,9.99932e-01
1.153415054e+01,0.00000e+00,0.00000e+00,5.16374e-02,9.99984e-01,9.99931e-01
1.159182129e+01,0.00000e+00,0.00000e+00,2.39852e-02,9.99984e-01,9.99930e-01
1.164978039e+01,0.00000e+00,0.00000e+00,2.76660e-03,9.99984e-01,9.99929e-01
1.170802930e+01,0.00000e+00,0.00000e+00,4.83835e-04,9.99985e-01,9.99928e-01
1.176656944e+01,0.00000e+00,0.00000e+00,9.72581e-03,9.99985e-01,9.99927e-01
1.182540229e+01,0.00000e+00,0.00000e+00,5.31042e-02,9.99985e-01,9.99926e-01
1.188452930e+01,0.00000e+00,0.00000e+00,5.38863e-02,9.99985e-01,9.99925e-01
1.194395195e+01,0.00000e+00,0.00000e+00,8.14275e-02,9.99986e-01,9.99924e-01
1.200367171e+01,0.00000e+00,0.00000e+00,1.38916e-01,9.99986e-01,9.99922e-01
1.206369007e+01,0.00000e+00,0.00000e+00,6.06676e-02,9.99986e-01,9.99921e-01
1.212400852e+01,0.00000e+00,0.00000e+00,1.31003e-01,9.99986e-01,9.99920e-01
1.218462856e+01,0.00000e+00,0.00000e+00,1.25468e-01,9.99987e-01,9.99918e-01
1.224555170e+01,0.00000e+00,0.00000e+00,1.40701e-02,9.99987e-01,9.99917e-01
1.230677946e+01,0.00000e+00,0.00000e+00,5.78029e-03,9.99987e-01,9.99915e-01
1.236831336e+01,0.00000e+00,0.00000e+00,2.94769e-04,9.99987e-01,9.99914e-01
1.243015492e+01,0.00000e+00,0.00000e+00,1.74301e-05,9.99988e-01,9.99912e-01
1.249230570e+01,0.00000e+00,0.00000e+00,2.69837e-05,9.99988e-01,9.99910e-01
1.255476723e+01,0.00000e+00,0.00000e+00,1.20541e-04,9.99988e-01,9.99908e-01
1.261754106e+01,0.00000e+00,0.00000e+00,7.36607e-03,9.99988e-01,9.99906e-01
1.268062877e+01,0.00000e+00,0.00000e+00,3.07165e-02,9.99989e-01,9.99904e-01
1.274403191e+01,0.00000e+00,0.00000e+00,1.94605e-02,9.99989e-01,9.99901e-01
1.280775207e+01,0.00000e+00,0.00000e+00,4.57405e-02,9.99989e-01,9.99899e-01
1.287179083e+01,0.00000e+00,0.00000e+00,1.63334e-02,9.99989e-01,9.99897e-01
1.293614979e+01,0.00000e+00,0.00000e+00,2.61011e-02,9.99989e-01,9.99894e-01
1.300083054e+01,0.00000e+00,0.00000e+00,2.07409e-03,9.99990e-01,9.99891e-01
1.306583469e+01,0.00000e+00,0.00000e+00,2.44635e-03,9.99990e-01,9.99889e-01
1.313116386e+01,0.00000e+00,0.00000e+00,1.69550e-03,9.99990e-01,9.99886e-01
1.319681968e+01,0.00000e+00,0.00000e+00,8.36472e-04,9.99990e-01,9.99883e-01
1.326280378e+01,0.00000e+00,0.00000e+00,6.35670e-06,9.99990e-01,9.99880e-01
1.332911780e+01,0.00000e+00,0.00000e+00,1.30956e-05,9.99990e-01,9.99877e-01
1.339576339e+01,0.00000e+00,0.00000e+00,3.45632e-06,9.99991e-01,9.95083e-01
1.346274221e+01,0.00000e+00,0.00000e+00,1.02104e-08,9.99991e-01,9.94588e-01
1.353005592e+01,0.00000e+00,0.00000e+00,8.27046e-05,9.99991e-01,9.94042e-01
1.359770620e+01,0.00000e+00,0.00000e+00,2.38537e-04,9.99991e-01,9.93520e-01
1.366569473e+01,0.00000e+00,0.00000e+00,1.68703e-04,9.99991e-01,9.92949e-01
1.373402320e+01,0.00000e+00,0.00000e+00,2.08883e-03,9.99991e-01,9.92237e-01
1.380269332e+01,0.00000e+00,0.00000e+00,3.99309e-03,9.99992e-01,9.91556e-01
1.387170678e+01,0.00000e+00,0.00000e+00,5.39421e-04,9.99992e-01,9.90811e-01
1.394106532e+01,0.00000e+00,0.00000e+00,1.92007e-04,9.99992e-01,9.90004e-01
1.401077064e+01,0.00000e+00,0.00000e+00,2.17436e-05,9.99992e-01,9.89123e-01
1.408082450e+01,0.00000e+00,0.00000e+00,2.79306e-05,9.99992e-01,9.88168e-01
1.415122862e+01,0.00000e+00,0.00000e+00,1.41698e-07,9.99992e-01,9.87124e-01
1.422198476e+01,0.00000e+00,0.00000e+00,9.60825e-10,9.99992e-01,9.85996e-01
1.429309469e+01,0.00000e+00,0.00000e+00,3.87774e-09,9.99992e-01,9.84761e-01
1.436456016e+01,0.00000e+00,0.00000e+00,2.52352e-11,9.99993e-01,9.83424e-01
1.443638296e+01,0.00000e+00,0.00000e+00,8.92611e-13,9.99993e-01,9.81966e-01
1.450856487e+01,0.00000e+00,0.00000e+00,1.45415e-09,9.99993e-01,9.80383e-01
1.458110770e+01,0.00000e+00,0.00000e+00,1.05317e-06,9.99993e-01,9.78658e-01
1.465401324e+01,0.00000e+00,0.00000e+00,6.96735e-06,9.99993e-01,9.76790e-01
1.472728330e+01,0.00000e+00,0.00000e+00,7.33095e-06,9.99993e-01,9.74751e-01
1.480091972e+01,0.00000e+00,0.00000e+00,4.39893e-07,9.99993e-01,9.72546e-01
1.487492432e+01,0.00000e+00,0.00000e+00,3.90519e-11,9.99993e-01,9.70499e-01
1.494929894e+01,0.00000e+00,0.00000e+00,3.34933e-09,9.99994e-01,9.67918e-01
1.502404544e+01,0.00000e+00,0.00000e+00,2.72564e-07,9.99994e-01,9.65128e-01
1.509916566e+01,0.00000e+00,0.00000e+00,5.82485e-07,9.99994e-01,9.62536e-01
1.517466149e+01,0.00000e+00,0.00000e+00,6.09289e-08,9.99994e-01,9.59761e-01
1.525053480e+01,0.00000e+00,0.00000e+00,7.44649e-07,9.99994e-01,9.56256e-01
1.532678747e+01,0.00000e+00,0.00000e+00,1.66404e-08,9.99994e-01,9.52475e-01
1.540342141e+01,0.00000e+00,0.00000e+00,4.56107e-10,9.99994e-01,9.48972e-01
1.548043852e+01,0.00000e+00,0.00000e+00,3.18679e-11,9.99994e-01,9.45216e-01
1.555784071e+01,0.00000e+00,0.00000e+00,1.67807e-14,9.99994e-01,9.40491e-01
1.563562991e+01,0.00000e+00,0.00000e+00,2.26174e-20,9.99994e-01,9.35392e-01
1.571380806e+01,0.00000e+00,0.00000e+00,7.08812e-21,9.99995e-01,9.30682e-01
1.579237710e+01,0.00000e+00,0.00000e+00,1.48090e-15,9.99995e-01,9.25633e-01
1.587133899e+01,0.00000e+00,0.00000e+00,5.22635e-13,9.99995e-01,9.20238e-01
1.595069568e+01,0.00000e+00,0.00000e+00,1.03114e-14,9.99995e-01,9.14473e-01
1.603044916e+01,0.00000e+00,0.00000e+00,2.31802e-19,9.99995e-01,9.07232e-01
1.611060141e+01,0.00000e+00,0.00000e+00,3.75502e-19,9.99995e-01,8.99444e-01
1.619115441e+01,0.00000e+00,0.00000e+00,2.96152e-18,9.99995e-01,8.92263e-01
1.627211019e+01,0.00000e+00,0.00000e+00,1.65727e-20,9.99995e-01,8.84610e-01
1.635347074e+01,0.00000e+00,0.00000e+00,1.16422e-18,9.99995e-01,8.76452e-01
1.643523809e+01,0.00000e+00,0.00000e+00,5.63124e-19,9.99995e-01,8.67760e-01
1.651741428e+01,0.00000e+00,0.00000e+00,1.05878e-20,9.99995e-01,8.58503e-01
1.660000135e+01,0.00000e+00,0.00000e+00,9.05975e-26,9.99995e-01,8.48702e-01
1.668300136e+01,0.00000e+00,0.00000e+00,1.55073e-26,9.99995e-01,8.38240e-01
1.676641637e+01,0.00000e+00,0.00000e+00,4.43213e-23,9.99996e-01,8.27146e-01
1.685024845e+01,0.00000e+00,0.00000e+00,5.70486e-24,9.99996e-01,8.15372e-01
1.693449969e+01,0.00000e+00,0.00000e+00,2.15152e-29,9.99996e-01,8.02912e-01
1.701917219e+01,0.00000e+00,0.00000e+00,1.03115e-31,9.99996e-01,7.89724e-01
1.710426805e+01,0.00000e+00,0.00000e+00,1.87176e-40,9.99996e-01,7.75789e-01
1.718978939e+01,0.00000e+00,0.00000e+00,7.14601e-44,9.99996e-01,7.63596e-01
1.727573834e+01,0.00000e+00,0.00000e+00,1.13676e-44,9.99996e-01,7.50831e-01
1.736211703e+01,0.00000e+00,0.00000e+00,3.26000e-48,9.99996e-01,7.34803e-01
1.744892761e+01,0.00000e+00,0.00000e+00,1.57959e-41,9.99996e-01,7.17913e-01
1.753617225e+01,0.00000e+00,0.00000e+00,1.61616e-33,9.99996e-01,7.00214e-01
1.762385311e+01,0.00000e+00,0.00000e+00,1.78010e-32,9.99996e-01,6.81679e-01
1.771197238e+01,0.00000e+00,0.00000e+00,4.35200e-35,9.99996e-01,6.62290e-01
1.780053224e+01,0.00000e+00,0.00000e+00,1.55829e-37,9.99996e-01,6.45514e-01
1.788953490e+01,0.00000e+00,0.00000e+00,6.15662e-41,9.99996e-01,6.28136e-01
1.797898258e+01,0.00000e+00,0.00000e+00,3.42759e-46,9.99996e-01,6.06526e-01
1.806887749e+01,0.00000e+00,0.00000e+00,1.69959e-47,9.99996e-01,5.84136e-01
1.815922188e+01,0.00000e+00,0.00000e+00,4.75085e-63,9.99997e-01,5.64922e-01
1.825001799e+01,0.00000e+00,0.00000e+00,1.63701e-47,9.99997e-01,5.45170e-01
1.834126808e+01,0.00000e+00,0.00000e+00,1.04818e-45,9.99997e-01,5.20878e-01
1.843297442e+01,0.00000e+00,0.00000e+00,4.18171e-46,9.99997e-01,4.95988e-01
1.852513929e+01,0.00000e+00,0.00000e+00,1.23654e-61,9.99997e-01,4.74864e-01
1.861776499e+01,0.00000e+00,0.00000e+00,3.97933e-74,9.99997e-01,4.53337e-01
1.871085381e+01,0.00000e+00,0.00000e+00,9.68270e-59,9.99997e-01,4.27206e-01
1.880440808e+01,0.00000e+00,0.00000e+00,1.56416e-49,9.99997e-01,4.05259e-01
1.889843012e+01,0.00000e+00,0.00000e+00,5.00942e-51,9.99997e-01,3.83110e-01
1.899292227e+01,0.00000e+00,0.00000e+00,5.21147e-69,9.99997e-01,3.56542e-01
1.908788688e+01,0.00000e+00,0.00000e+00,1.10195e-66,9.99997e-01,3.34486e-01
1.918332632e+01,0.00000e+00,0.00000e+00,2.27118e-67,9.99997e-01,3.12469e-01
1.927924295e+01,0.00000e+00,0.00000e+00,2.84275e-104,9.99997e-01,2.90775e-01
1.937563916e+01,0.00000e+00,0.00000e+00,2.74854e-127,9.99997e-01,2.69287e-01
1.947251736e+01,0.00000e+00,0.00000e+00,1.01482e-130,9.99997e-01,2.48308e-01
1.956987994e+01,0.00000e+00,0.00000e+00,2.82364e-125,9.99997e-01,2.27762e-01
1.966772934e+01,0.00000e+00,0.00000e+00,3.38364e-103,9.99997e-01,2.03894e-01
1.976606799e+01,0.00000e+00,0.00000e+00,6.19827e-101,9.99997e-01,1.84830e-01
1.986489833e+01,0.00000e+00,0.00000e+00,1.00306e-107,9.99997e-01,1.66482e-01
1.996422282e+01,0.00000e+00,0.00000e+00,9.83720e-101,9.99997e-01,1.49098e-01
