#,Wave/freq,Total,CO2,H2O,Rayleigh,CIA
4.000000000e-01,4.02237e-125,9.99999e-01,9.99438e-01,4.02462e-125,9.99999e-01
4.020000000e-01,1.15945e-122,9.99999e-01,9.99650e-01,1.15985e-122,9.99999e-01
4.040100000e-01,2.97077e-120,9.99999e-01,9.99851e-01,2.97121e-120,9.99999e-01
4.060300500e-01,6.82141e-118,9.99999e-01,9.99965e-01,6.82165e-118,9.99999e-01
4.080602003e-01,1.40671e-115,9.99999e-01,9.99988e-01,1.40673e-115,9.99999e-01
4.101005013e-01,2.61106e-113,9.99999e-01,9.99998e-01,2.61107e-113,9.99999e-01
4.121510038e-01,4.37125e-111,9.99999e-01,9.99979e-01,4.37134e-111,9.99999e-01
4.142117588e-01,6.61332e-109,9.99999e-01,9.99846e-01,6.61433e-109,9.99999e-01
4.162828176e-01,9.05728e-107,9.99999e-01,9.99304e-01,9.06357e-107,9.99999e-01
4.183642317e-01,1.12649e-104,9.99999e-01,9.99586e-01,1.12695e-104,9.99999e-01
4.204560528e-01,1.27358e-102,9.99999e-01,9.99745e-01,1.27391e-102,9.99999e-01
4.225583331e-01,1.31151e-100,9.99999e-01,9.99904e-01,1.31164e-100,9.99999e-01
4.246711247e-01,1.23226e-98,9.99999e-01,9.99924e-01,1.23235e-98,9.99999e-01
4.267944804e-01,1.05837e-96,9.99999e-01,9.99888e-01,1.05849e-96,9.99999e-01
4.289284528e-01,8.32527e-95,9.99999e-01,9.99913e-01,8.32599e-95,9.99999e-01
4.310730950e-01,6.00792e-93,9.99999e-01,9.99962e-01,6.00814e-93,9.99999e-01
4.332284605e-01,3.98414e-91,9.99999e-01,9.99990e-01,3.98418e-91,9.99999e-01
4.353946028e-01,2.43195e-89,9.99999e-01,9.99995e-01,2.43196e-89,9.99999e-01
4.375715758e-01,1.36859e-87,9.99999e-01,9.99932e-01,1.36868e-87,9.99999e-01
4.397594337e-01,7.10909e-86,9.99999e-01,9.99395e-01,7.11338e-86,9.99999e-01
4.419582309e-01,3.40900e-84,9.99999e-01,9.96938e-01,3.41947e-84,9.99999e-01
4.441680220e-01,1.51903e-82,9.99999e-01,9.97574e-01,1.52272e-82,9.99999e-01
4.463888621e-01,6.27514e-81,9.99999e-01,9.97486e-01,6.29095e-81,9.99999e-01
4.486208064e-01,2.41107e-79,9.99999e-01,9.98433e-01,2.41485e-79,9.99999e-01
4.508639105e-01,8.61895e-78,9.99999e-01,9.99266e-01,8.62527e-78,9.99999e-01
4.531182300e-01,2.86983e-76,9.99999e-01,9.99709e-01,2.87066e-76,9.99999e-01
4.553838212e-01,8.91331e-75,9.99999e-01,9.99803e-01,8.91506e-75,9.99999e-01
4.576607403e-01,2.58675e-73,9.99999e-01,9.99909e-01,2.58698e-73,9.99999e-01
4.599490440e-01,7.02332e-72,9.99999e-01,9.99935e-01,7.02377e-72,9.99999e-01
4.622487892e-01,1.78658e-70,9.99999e-01,9.99988e-01,1.78660e-70,9.99999e-01
4.645600332e-01,4.26288e-69,9.99999e-01,9.99956e-01,4.26307e-69,9.99999e-01
4.668828333e-01,9.54739e-68,9.99999e-01,9.99263e-01,9.55442e-68,9.99999e-01
4.692172475e-01,2.01060e-66,9.99999e-01,9.98421e-01,2.01378e-66,9.99999e-01
4.715633337e-01,3.99229e-65,9.99999e-01,9.98969e-01,3.99641e-65,9.99999e-01
4.739211504e-01,7.46908e-64,9.99999e-01,9.99011e-01,7.47647e-64,9.99999e-01
4.762907561e-01,1.31939e-62,9.99999e-01,9.99486e-01,1.32007e-62,9.99999e-01
4.786722099e-01,2.20180e-61,9.99999e-01,9.99790e-01,2.20226e-61,9.99999e-01
4.810655710e-01,3.47513e-60,9.99999e-01,9.99936e-01,3.47534e-60,9.99999e-01
4.834708988e-01,5.19041e-59,9.99999e-01,9.99404e-01,5.19350e-59,9.99999e-01
4.858882533e-01,7.34917e-58,9.99999e-01,9.98880e-01,7.35740e-58,9.99999e-01
4.883176946e-01,9.88196e-57,9.99999e-01,9.99067e-01,9.89118e-57,9.99999e-01
4.907592831e-01,1.26216e-55,9.99999e-01,9.99153e-01,1.26323e-55,9.99999e-01
4.932130795e-01,1.53321e-54,9.99999e-01,9.99399e-01,1.53413e-54,9.99999e-01
4.956791449e-01,1.77291e-53,9.99999e-01,9.99682e-01,1.77348e-53,9.99999e-01
4.981575406e-01,1.95032e-52,9.99999e-01,9.98420e-01,1.95340e-52,9.99999e-01
5.006483283e-01,2.04364e-51,9.99999e-01,9.95927e-01,2.05200e-51,9.99999e-01
5.031515699e-01,2.01550e-50,9.99999e-01,9.79480e-01,2.05772e-50,9.99999e-01
5.056673278e-01,1.95005e-49,9.99999e-01,9.89064e-01,1.97161e-49,9.99999e-01
5.081956644e-01,1.78171e-48,9.99999e-01,9.86208e-01,1.80663e-48,9.99999e-01
5.107366428e-01,1.56979e-47,9.99999e-01,9.90669e-01,1.58458e-47,9.99999e-01
5.132903260e-01,1.32435e-46,9.99999e-01,9.94651e-01,1.33147e-46,9.99999e-01
5.158567776e-01,1.07030e-45,9.99999e-01,9.97736e-01,1.07273e-45,9.99999e-01
5.184360615e-01,8.28620e-45,9.99999e-01,9.99094e-01,8.29371e-45,9.99999e-01
5.210282418e-01,6.15625e-44,9.99999e-01,9.99662e-01,6.15833e-44,9.99999e-01
5.236333830e-01,4.38923e-43,9.99999e-01,9.98643e-01,4.39519e-43,9.99999e-01
5.262515499e-01,3.01484e-42,9.99999e-01,9.99149e-01,3.01741e-42,9.99999e-01
5.288828077e-01,1.99263e-41,9.99999e-01,9.99222e-01,1.99418e-41,9.99999e-01
5.315272217e-01,1.26881e-40,9.99999e-01,9.99313e-01,1.26968e-40,9.99999e-01
5.341848578e-01,7.79026e-40,9.99999e-01,9.99553e-01,7.79374e-40,9.99999e-01
5.368557821e-01,4.60837e-39,9.99999e-01,9.98426e-01,4.61563e-39,9.99999e-01
5.395400610e-01,2.62420e-38,9.99999e-01,9.94352e-01,2.63911e-38,9.99999e-01
5.422377613e-01,1.44716e-37,9.99999e-01,9.92636e-01,1.45790e-37,9.99999e-01
5.449489501e-01,7.73326e-37,9.99999e-01,9.93180e-01,7.78635e-37,9.99999e-01
5.476736949e-01,3.99876e-36,9.99999e-01,9.93928e-01,4.02318e-36,9.99999e-01
5.504120634e-01,2.00355e-35,9.99999e-01,9.95592e-01,2.01241e-35,9.99999e-01
5.531641237e-01,9.72949e-35,9.99999e-01,9.97780e-01,9.75112e-35,9.99999e-01
5.559299443e-01,4.57499e-34,9.99999e-01,9.98928e-01,4.57989e-34,9.99999e-01
5.587095940e-01,2.08495e-33,9.99999e-01,9.99329e-01,2.08634e-33,9.99999e-01
5.615031420e-01,9.21690e-33,9.99999e-01,9.99253e-01,9.22378e-33,9.99999e-01
5.643106577e-01,3.95655e-32,9.99999e-01,9.99160e-01,3.95987e-32,9.99999e-01
5.671322110e-01,1.63514e-31,9.99999e-01,9.89921e-01,1.65179e-31,9.99999e-01
5.699678720e-01,6.62529e-31,9.99999e-01,9.89073e-01,6.69849e-31,9.99999e-01
5.728177114e-01,2.61240e-30,9.99999e-01,9.88669e-01,2.64234e-30,9.99999e-01
5.756818000e-01,1.00387e-29,9.99999e-01,9.89582e-01,1.01444e-29,9.99999e-01
5.785602090e-01,3.75803e-29,9.99999e-01,9.90909e-01,3.79251e-29,9.99999e-01
5.814530100e-01,1.36878e-28,9.99999e-01,9.90880e-01,1.38138e-28,9.99999e-01
5.843602750e-01,4.85176e-28,9.99999e-01,9.89209e-01,4.90468e-28,9.99999e-01
5.872820764e-01,1.54923e-27,9.99999e-01,9.12174e-01,1.69840e-27,9.99998e-01
5.902184868e-01,5.12144e-27,9.99999e-01,8.92443e-01,5.73868e-27,9.99997e-01
5.931695792e-01,1.74836e-26,9.99999e-01,9.23617e-01,1.89296e-26,9.99997e-01
5.961354271e-01,5.58585e-26,9.99999e-01,9.15923e-01,6.09861e-26,9.99997e-01
5.991161043e-01,1.80023e-25,9.99999e-01,9.37655e-01,1.91993e-25,9.99998e-01
6.021116848e-01,5.69662e-25,9.99999e-01,9.64087e-01,5.90883e-25,9.99999e-01
6.051222432e-01,1.74595e-24,9.99999e-01,9.81650e-01,1.77858e-24,9.99999e-01
6.081478544e-01,5.19669e-24,9.99999e-01,9.92048e-01,5.23834e-24,9.99999e-01
6.111885937e-01,1.50515e-23,9.99999e-01,9.96623e-01,1.51025e-23,9.99999e-01
6.142445367e-01,4.25758e-23,9.99999e-01,9.98492e-01,4.26401e-23,9.99999e-01
6.173157594e-01,1.17848e-22,9.99999e-01,9.99169e-01,1.17946e-22,9.99999e-01
6.204023382e-01,3.19535e-22,9.99999e-01,9.99299e-01,3.19759e-22,9.99999e-01
6.235043498e-01,8.47376e-22,9.99999e-01,9.96941e-01,8.49975e-22,9.99999e-01
6.266218716e-01,2.18015e-21,9.99999e-01,9.83745e-01,2.21617e-21,9.99999e-01
6.297549810e-01,5.63598e-21,9.99999e-01,9.94010e-01,5.66993e-21,9.99999e-01
6.329037559e-01,1.40708e-20,9.99999e-01,9.88154e-01,1.42395e-20,9.99999e-01
6.360682746e-01,3.47633e-20,9.99999e-01,9.89937e-01,3.51166e-20,9.99999e-01
6.392486160e-01,8.39622e-20,9.99999e-01,9.86953e-01,8.50721e-20,9.99999e-01
6.424448591e-01,1.99017e-19,9.99999e-01,9.82696e-01,2.02521e-19,9.99999e-01
6.456570834e-01,4.37254e-19,9.99999e-01,9.22613e-01,4.73930e-19,9.99998e-01
6.488853688e-01,1.02793e-18,9.99999e-01,9.42538e-01,1.09060e-18,9.99998e-01
6.521297956e-01,2.32476e-18,9.99999e-01,9.41701e-01,2.46868e-18,9.99998e-01
6.553904446e-01,5.17794e-18,9.99999e-01,9.41671e-01,5.49867e-18,9.99998e-01
6.586673968e-01,1.14484e-17,9.99999e-01,9.49655e-01,1.20554e-17,9.99998e-01
6.619607338e-01,2.52550e-17,9.99999e-01,9.70462e-01,2.60237e-17,9.99999e-01
6.652705375e-01,5.43747e-17,9.99999e-01,9.82743e-01,5.53295e-17,9.99999e-01
6.685968902e-01,1.14964e-16,9.99999e-01,9.91950e-01,1.15897e-16,9.99999e-01
6.719398746e-01,2.38353e-16,9.99999e-01,9.96259e-01,2.39247e-16,9.99999e-01
6.752995740e-01,4.85876e-16,9.99999e-01,9.97978e-01,4.86860e-16,9.99999e-01
6.786760719e-01,9.74094e-16,9.99999e-01,9.97091e-01,9.76935e-16,9.99999e-01
6.820694522e-01,1.92390e-15,9.99999e-01,9.95012e-01,1.93354e-15,9.99999e-01
6.854797995e-01,3.75132e-15,9.99999e-01,9.93572e-01,3.77558e-15,9.99999e-01
6.889071985e-01,7.16470e-15,9.99999e-01,9.84745e-01,7.27569e-15,9.99998e-01
6.923517345e-01,1.08098e-14,9.99999e-01,7.81056e-01,1.38400e-14,9.99996e-01
6.958134932e-01,2.28351e-14,9.99999e-01,8.78457e-01,2.59947e-14,9.99996e-01
6.992925606e-01,4.25996e-14,9.99999e-01,8.83452e-01,4.82196e-14,9.99996e-01
7.027890234e-01,7.57550e-14,9.99999e-01,8.57332e-01,8.83615e-14,9.99996e-01
7.063029686e-01,1.40452e-13,9.99999e-01,8.77851e-01,1.59995e-13,9.99996e-01
7.098344834e-01,2.52598e-13,9.99999e-01,8.82212e-01,2.86324e-13,9.99996e-01
7.133836558e-01,4.30635e-13,9.99999e-01,8.50152e-01,5.06542e-13,9.99992e-01
7.169505741e-01,2.88941e-13,9.99999e-01,3.26088e-01,8.86094e-13,9.99984e-01
7.205353270e-01,8.43734e-13,9.99999e-01,5.50384e-01,1.53302e-12,9.99982e-01
7.241380036e-01,1.22405e-12,9.99999e-01,4.66546e-01,2.62368e-12,9.99980e-01
7.277586936e-01,2.23779e-12,9.99999e-01,5.03683e-01,4.44290e-12,9.99984e-01
7.313974871e-01,3.49210e-12,9.99999e-01,4.69016e-01,7.44567e-12,9.99988e-01
7.350544745e-01,8.09039e-12,9.99999e-01,6.55029e-01,1.23513e-11,9.99993e-01
7.387297469e-01,1.47692e-11,9.99999e-01,7.28083e-01,2.02851e-11,9.99996e-01
7.424233956e-01,2.81930e-11,9.99999e-01,8.54585e-01,3.29903e-11,9.99998e-01
7.461355126e-01,4.83011e-11,9.99999e-01,9.08934e-01,5.31403e-11,9.99999e-01
7.498661902e-01,8.10953e-11,9.99999e-01,9.56363e-01,8.47955e-11,9.99999e-01
7.536155211e-01,1.31164e-10,9.99999e-01,9.78364e-01,1.34064e-10,9.99999e-01
7.573835987e-01,2.07697e-10,9.99999e-01,9.88798e-01,2.10050e-10,9.99999e-01
7.611705167e-01,3.23923e-10,9.99999e-01,9.93027e-01,3.26197e-10,9.99999e-01
7.649763693e-01,4.99989e-10,9.99999e-01,9.95629e-01,5.02184e-10,9.99999e-01
7.688012511e-01,7.64223e-10,9.99999e-01,9.96956e-01,7.66556e-10,9.99999e-01
7.726452574e-01,1.15747e-09,9.99999e-01,9.97496e-01,1.16037e-09,9.99999e-01
7.765084837e-01,1.73601e-09,9.99999e-01,9.96459e-01,1.74218e-09,9.99999e-01
7.803910261e-01,1.80395e-09,7.03408e-01,9.84811e-01,2.59479e-09,9.99999e-01
7.842929812e-01,1.66325e-10,4.48429e-02,9.48187e-01,3.83439e-09,9.99998e-01
7.882144461e-01,2.44573e-10,4.68551e-02,8.95540e-01,5.62262e-09,9.99998e-01
7.921555184e-01,8.18452e-10,1.04447e-01,9.41240e-01,8.18272e-09,9.99997e-01
7.961162960e-01,2.07357e-09,1.91289e-01,8.99535e-01,1.18206e-08,9.99997e-01
8.000968774e-01,6.10069e-09,4.04464e-01,8.83407e-01,1.69521e-08,9.99997e-01
8.040973618e-01,1.32901e-08,6.19273e-01,8.83808e-01,2.41388e-08,9.99996e-01
8.081178486e-01,2.10729e-08,8.00667e-01,7.63721e-01,3.41331e-08,9.99993e-01
8.121584379e-01,1.59301e-08,9.33185e-01,3.51098e-01,4.79362e-08,9.99985e-01
8.162192301e-01,1.93862e-08,9.84771e-01,2.92819e-01,6.68711e-08,9.99981e-01
8.203003262e-01,5.25809e-08,9.99755e-01,5.67406e-01,9.26740e-08,9.99979e-01
8.244018279e-01,6.14409e-08,9.99999e-01,4.81491e-01,1.27608e-07,9.99979e-01
8.285238370e-01,8.08662e-08,9.99999e-01,4.63147e-01,1.74604e-07,9.99984e-01
8.326664562e-01,1.09929e-07,9.99999e-01,4.62996e-01,2.37433e-07,9.99987e-01
8.368297885e-01,1.80408e-07,9.99999e-01,5.62172e-01,3.20915e-07,9.99993e-01
8.410139374e-01,3.04577e-07,9.99999e-01,7.06387e-01,4.31176e-07,9.99997e-01
8.452190071e-01,4.84561e-07,9.99999e-01,8.41322e-01,5.75951e-07,9.99998e-01
8.494451021e-01,6.91680e-07,9.99999e-01,9.04214e-01,7.64951e-07,9.99998e-01
8.536923276e-01,9.51771e-07,9.99999e-01,9.42074e-01,1.01029e-06,9.99999e-01
8.579607893e-01,1.27918e-06,9.99999e-01,9.63958e-01,1.32701e-06,9.99999e-01
8.622505932e-01,1.69362e-06,9.99999e-01,9.76909e-01,1.73365e-06,9.99999e-01
8.665618462e-01,1.61774e-06,7.27225e-01,9.85684e-01,2.25298e-06,9.99999e-01
8.708946554e-01,3.94253e-08,1.36816e-02,9.83645e-01,2.91275e-06,9.99999e-01
8.752491287e-01,3.98797e-09,1.08238e-03,9.78161e-01,3.74669e-06,9.99999e-01
8.796253743e-01,1.01064e-07,2.15425e-02,9.69970e-01,4.79547e-06,9.99998e-01
8.840235012e-01,6.96843e-07,1.17035e-01,9.65796e-01,6.10799e-06,9.99997e-01
8.884436187e-01,2.83433e-06,4.02693e-01,8.86730e-01,7.74265e-06,9.99993e-01
8.928858368e-01,2.33998e-06,6.83528e-01,3.24052e-01,9.76892e-06,9.99981e-01
8.973502660e-01,1.57939e-06,9.10669e-01,1.37050e-01,1.22690e-05,9.99970e-01
9.018370173e-01,5.49971e-06,9.89674e-01,3.60391e-01,1.53397e-05,9.99966e-01
9.063462024e-01,6.99235e-06,8.13106e-01,4.01631e-01,1.90946e-05,9.99961e-01
9.108779334e-01,3.48516e-06,5.55523e-01,2.40725e-01,2.36659e-05,9.99956e-01
9.154323231e-01,4.97171e-06,8.69499e-01,1.87001e-01,2.92076e-05,9.99952e-01
9.200094847e-01,6.58377e-06,4.72588e-01,2.78071e-01,3.58975e-05,9.99938e-01
9.246095321e-01,6.52664e-07,6.49798e-02,1.64055e-01,4.39402e-05,9.99895e-01
9.292325798e-01,1.98868e-08,1.39111e-01,1.57956e-03,5.35706e-05,9.99780e-01
9.338787427e-01,1.41049e-10,1.33437e-01,7.45190e-06,6.50565e-05,9.99714e-01
9.385481364e-01,1.67641e-07,2.14338e-01,6.81616e-03,7.87025e-05,9.99706e-01
9.432408771e-01,1.10115e-07,3.69374e-01,2.17198e-03,9.48534e-05,9.99671e-01
9.479570815e-01,3.22364e-09,5.96487e-01,3.85495e-05,1.13898e-04,9.99714e-01
9.526968669e-01,3.57008e-08,7.81012e-01,3.06950e-04,1.36273e-04,9.99784e-01
9.574603512e-01,8.43321e-08,8.98355e-01,5.48242e-04,1.62467e-04,9.99838e-01
9.622476530e-01,3.94870e-07,9.66937e-01,2.08230e-03,1.93024e-04,9.99892e-01
9.670588912e-01,5.80760e-06,9.89948e-01,2.55255e-02,2.28549e-04,9.99931e-01
9.718941857e-01,1.69018e-05,9.99278e-01,6.26766e-02,2.69711e-04,9.99958e-01
9.767536566e-01,3.17358e-05,9.99999e-01,1.00038e-01,3.17247e-04,9.99971e-01
9.816374249e-01,6.16207e-05,9.99999e-01,1.65665e-01,3.71966e-04,9.99980e-01
9.865456120e-01,1.36426e-04,9.99999e-01,3.13801e-01,4.34755e-04,9.99990e-01
9.914783401e-01,2.43550e-04,9.99999e-01,4.80775e-01,5.06580e-04,9.99996e-01
9.964357318e-01,3.94204e-04,9.99999e-01,6.69857e-01,5.88490e-04,9.99998e-01
1.001417910e+00,5.35121e-04,9.99999e-01,7.85068e-01,6.81624e-04,9.99998e-01
1.006425000e+00,6.85433e-04,9.99999e-01,8.70713e-01,7.87209e-04,9.99998e-01
1.011457125e+00,8.31818e-04,9.99999e-01,9.17547e-01,9.06567e-04,9.99999e-01
1.016514411e+00,9.82015e-04,9.99999e-01,9.43233e-01,1.04112e-03,9.99999e-01
1.021596983e+00,1.13674e-03,9.98715e-01,9.54520e-01,1.19237e-03,9.99999e-01
1.026704968e+00,1.19595e-03,9.09619e-01,9.64340e-01,1.36194e-03,9.99999e-01
1.031838492e+00,1.04510e-03,6.89404e-01,9.73929e-01,1.55155e-03,9.99999e-01
1.036997685e+00,3.41293e-07,1.95829e-04,9.84450e-01,1.76301e-03,9.99999e-01
1.042182673e+00,4.80406e-16,2.43576e-13,9.81527e-01,1.99825e-03,9.99999e-01
1.047393587e+00,5.72422e-16,2.58050e-13,9.75546e-01,2.25927e-03,9.99999e-01
1.052630555e+00,7.10864e-45,2.84799e-42,9.66639e-01,2.54820e-03,9.99999e-01
1.057893707e+00,2.70305e-43,9.65181e-41,9.45074e-01,2.86726e-03,9.99999e-01
1.063183176e+00,1.32947e-29,4.32867e-27,9.11497e-01,3.21876e-03,9.99998e-01
1.068499092e+00,1.88990e-23,5.56392e-21,8.56720e-01,3.60510e-03,9.99997e-01
1.073841587e+00,5.66498e-17,1.52485e-14,8.36490e-01,4.02879e-03,9.99996e-01
1.079210795e+00,5.80556e-12,1.47023e-09,7.93827e-01,4.49240e-03,9.99993e-01
1.084606849e+00,4.33414e-08,1.01597e-05,7.08105e-01,4.99859e-03,9.99988e-01
1.090029883e+00,5.70790e-06,1.41062e-03,6.16403e-01,5.55010e-03,9.99981e-01
1.095480033e+00,7.87355e-05,3.53695e-02,2.72970e-01,6.14974e-03,9.99966e-01
1.100957433e+00,8.88852e-05,1.84986e-01,5.20460e-02,6.80036e-03,9.99938e-01
1.106462220e+00,9.51452e-06,4.90811e-01,2.01211e-03,7.50490e-03,9.99869e-01
1.111994531e+00,1.28469e-08,7.64948e-01,1.77905e-06,8.26632e-03,9.99736e-01
1.117554504e+00,1.16354e-10,9.36372e-01,1.28733e-08,9.08762e-03,9.99627e-01
1.123142276e+00,7.73918e-08,9.95658e-01,7.76445e-06,9.97185e-03,9.99559e-01
1.128757988e+00,4.70775e-07,9.99997e-01,4.31238e-05,1.09221e-02,9.99519e-01
1.134401778e+00,1.06692e-06,9.99999e-01,8.93947e-05,1.19413e-02,9.99462e-01
1.140073787e+00,1.44465e-05,9.99999e-01,1.10895e-03,1.30328e-02,9.99566e-01
1.145774156e+00,8.05194e-07,9.99999e-01,5.67271e-05,1.41994e-02,9.99632e-01
1.151503026e+00,6.70319e-08,9.99999e-01,4.34162e-06,1.54442e-02,9.99683e-01
1.157260541e+00,3.48690e-08,9.99999e-01,2.07970e-06,1.67704e-02,9.99760e-01
1.163046844e+00,1.18636e-06,9.99999e-01,6.52636e-05,1.81808e-02,9.99847e-01
1.168862078e+00,2.08611e-05,9.99999e-01,1.06018e-03,1.96784e-02,9.99922e-01
1.174706389e+00,2.30057e-04,9.99999e-01,1.08184e-02,2.12661e-02,9.99960e-01
1.180579921e+00,1.29529e-03,9.99999e-01,5.64494e-02,2.29467e-02,9.99974e-01
1.186482820e+00,4.34820e-03,9.99847e-01,1.75885e-01,2.47229e-02,9.99978e-01
1.192415234e+00,7.72199e-03,7.78548e-01,3.53138e-01,2.65974e-02,9.99981e-01
1.198377311e+00,3.62834e-03,2.58449e-01,4.17941e-01,2.85728e-02,9.99984e-01
1.204369197e+00,4.31660e-250,2.29428e-248,4.48518e-01,3.06515e-02,9.99986e-01
1.210391043e+00,0.00000e+00,0.00000e+00,4.57930e-01,3.28358e-02,9.99989e-01
1.216442998e+00,0.00000e+00,0.00000e+00,5.14211e-01,3.51280e-02,9.99993e-01
1.222525213e+00,0.00000e+00,0.00000e+00,5.90338e-01,3.75302e-02,9.99995e-01
1.228637839e+00,0.00000e+00,0.00000e+00,6.92224e-01,4.00443e-02,9.99997e-01
1.234781029e+00,0.00000e+00,0.00000e+00,7.61004e-01,4.26721e-02,9.99998e-01
1.240954934e+00,4.74472e-277,1.15952e-275,8.41091e-01,4.54152e-02,9.99998e-01
1.247159708e+00,6.30572e-124,1.41496e-122,8.73451e-01,4.82753e-02,9.99998e-01
1.253395507e+00,6.79136e-83,1.43509e-81,8.86861e-01,5.12537e-02,9.99997e-01
1.259662485e+00,2.43006e-43,4.83108e-42,8.92310e-01,5.43514e-02,9.99997e-01
1.265960797e+00,2.09151e-22,4.01247e-21,8.34096e-01,5.75697e-02,9.99995e-01
1.272290601e+00,2.53476e-13,4.74841e-12,7.67349e-01,6.09092e-02,9.99993e-01
1.278652054e+00,2.94571e-12,5.95333e-11,5.80609e-01,6.43707e-02,9.99989e-01
1.285045314e+00,6.59450e-30,1.46545e-28,4.34231e-01,6.79547e-02,9.99980e-01
1.291470541e+00,4.37537e-113,1.48880e-111,1.94373e-01,7.16616e-02,9.99965e-01
1.297927893e+00,1.06477e-39,4.02262e-38,1.33151e-01,7.54914e-02,9.99937e-01
1.304417533e+00,1.46590e-23,1.09559e-21,7.37740e-02,7.94441e-02,9.99886e-01
1.310939621e+00,8.99832e-24,6.78510e-22,5.26848e-02,8.35195e-02,9.99805e-01
1.317494319e+00,0.00000e+00,0.00000e+00,4.37952e-02,8.77173e-02,9.99671e-01
1.324081790e+00,2.09721e-225,2.77737e-223,1.36291e-02,9.20369e-02,9.99465e-01
1.330702199e+00,1.87776e-133,1.20428e-130,6.62486e-04,9.64776e-02,9.99105e-01
1.337355710e+00,7.14356e-131,3.48848e-115,6.87886e-17,1.01038e-01,9.98286e-01
1.344042489e+00,2.88180e-139,1.51807e-115,5.40713e-25,1.05718e-01,9.96333e-01
1.350762701e+00,1.25030e-225,5.97010e-132,5.75121e-95,1.10516e-01,9.94148e-01
1.357516515e+00,3.39740e-217,4.07429e-72,2.18313e-146,1.15430e-01,9.92758e-01
1.364304097e+00,1.38306e-137,7.15443e-53,4.88662e-86,1.20460e-01,9.92242e-01
1.371125618e+00,5.71301e-75,2.87242e-27,9.54782e-49,1.25602e-01,9.92175e-01
1.377981246e+00,4.70696e-69,9.23637e-23,1.28382e-47,1.30856e-01,9.91598e-01
1.384871152e+00,3.09177e-83,2.56450e-14,7.91254e-70,1.36220e-01,9.91683e-01
1.391795508e+00,1.84855e-98,4.81155e-12,1.20221e-87,1.41691e-01,9.92874e-01
1.398754485e+00,1.98949e-73,3.69491e-09,3.67884e-65,1.47267e-01,9.94045e-01
1.405748258e+00,3.68544e-71,1.42770e-06,3.67885e-65,1.52945e-01,9.94658e-01
1.412776999e+00,9.03038e-67,1.91346e-04,3.51405e-63,1.58724e-01,9.95706e-01
1.419840884e+00,2.46499e-66,5.06518e-04,9.00575e-63,1.64601e-01,9.96792e-01
1.426940089e+00,1.76870e-44,1.11455e-06,2.79679e-39,1.70573e-01,9.98012e-01
1.434074789e+00,0.00000e+00,0.00000e+00,5.19689e-35,1.76637e-01,9.98760e-01
1.441245163e+00,0.00000e+00,0.00000e+00,2.53501e-28,1.82791e-01,9.99036e-01
1.448451389e+00,0.00000e+00,0.00000e+00,2.23666e-17,1.89031e-01,9.99200e-01
1.455693646e+00,0.00000e+00,0.00000e+00,6.98273e-12,1.95354e-01,9.99338e-01
1.462972114e+00,0.00000e+00,0.00000e+00,7.57294e-12,2.01758e-01,9.99435e-01
1.470286975e+00,0.00000e+00,0.00000e+00,1.05332e-12,2.08239e-01,9.99493e-01
1.477638409e+00,0.00000e+00,0.00000e+00,1.51751e-12,2.14794e-01,9.99564e-01
1.485026601e+00,0.00000e+00,0.00000e+00,3.06474e-11,2.21420e-01,9.99669e-01
1.492451734e+00,0.00000e+00,0.00000e+00,2.02246e-08,2.28113e-01,9.99774e-01
1.499913993e+00,1.65863e-213,4.80902e-209,7.43418e-06,2.34870e-01,9.99877e-01
1.507413563e+00,3.15509e-209,1.88269e-205,1.13412e-04,2.41688e-01,9.99934e-01
1.514950631e+00,1.83261e-214,7.28892e-212,2.22480e-03,2.48564e-01,9.99960e-01
1.522525384e+00,0.00000e+00,0.00000e+00,1.64337e-02,2.55493e-01,9.99978e-01
1.530138011e+00,0.00000e+00,0.00000e+00,4.64231e-02,2.62473e-01,9.99988e-01
1.537788701e+00,0.00000e+00,0.00000e+00,1.57512e-01,2.69500e-01,9.99993e-01
1.545477645e+00,7.32690e-277,6.01135e-276,3.16866e-01,2.76571e-01,9.99995e-01
1.553205033e+00,1.47162e-201,9.93304e-201,3.82871e-01,2.83683e-01,9.99997e-01
1.560971058e+00,5.25104e-200,2.51963e-199,5.44606e-01,2.90831e-01,9.99998e-01
1.568775913e+00,0.00000e+00,0.00000e+00,6.68327e-01,2.98013e-01,9.99998e-01
1.576619793e+00,0.00000e+00,0.00000e+00,7.30213e-01,3.05225e-01,9.99998e-01
1.584502892e+00,0.00000e+00,0.00000e+00,8.26068e-01,3.12464e-01,9.99998e-01
1.592425406e+00,0.00000e+00,0.00000e+00,8.37646e-01,3.19727e-01,9.99998e-01
1.600387533e+00,0.00000e+00,0.00000e+00,8.85095e-01,3.27010e-01,9.99998e-01
1.608389471e+00,0.00000e+00,0.00000e+00,8.81156e-01,3.34310e-01,9.99998e-01
1.616431418e+00,0.00000e+00,0.00000e+00,8.78988e-01,3.41625e-01,9.99998e-01
1.624513575e+00,0.00000e+00,0.00000e+00,8.72001e-01,3.48950e-01,9.99998e-01
1.632636143e+00,0.00000e+00,0.00000e+00,8.06288e-01,3.56282e-01,9.99997e-01
1.640799324e+00,0.00000e+00,0.00000e+00,7.53100e-01,3.63620e-01,9.99997e-01
1.649003321e+00,0.00000e+00,0.00000e+00,6.93453e-01,3.70959e-01,9.99997e-01
1.657248337e+00,0.00000e+00,0.00000e+00,6.20649e-01,3.78297e-01,9.99996e-01
1.665534579e+00,0.00000e+00,0.00000e+00,5.28461e-01,3.85630e-01,9.99995e-01
1.673862252e+00,0.00000e+00,0.00000e+00,4.10220e-01,3.92957e-01,9.99993e-01
1.682231563e+00,0.00000e+00,0.00000e+00,4.79268e-01,4.00275e-01,9.99990e-01
1.690642721e+00,1.24868e-294,5.74311e-294,2.71128e-01,4.07580e-01,9.99985e-01
1.699095934e+00,2.36796e-181,1.24357e-180,2.37104e-01,4.14870e-01,9.99978e-01
1.707591414e+00,1.00680e-82,5.19633e-82,2.13605e-01,4.22142e-01,9.99966e-01
1.716129371e+00,9.79923e-49,7.52405e-48,1.45430e-01,4.29395e-01,9.99950e-01
1.724710018e+00,8.46880e-27,7.97835e-26,7.03209e-02,4.36625e-01,9.99925e-01
1.733333568e+00,3.54438e-19,6.02431e-18,3.55872e-02,4.43831e-01,9.99882e-01
1.742000236e+00,5.43192e-14,8.26161e-12,4.24205e-03,4.51010e-01,9.99814e-01
1.750710237e+00,1.12018e-28,4.04831e-25,9.16042e-05,4.58160e-01,9.99706e-01
1.759463788e+00,0.00000e+00,0.00000e+00,9.77926e-07,4.65278e-01,9.99537e-01
1.768261107e+00,0.00000e+00,0.00000e+00,9.24922e-12,4.72363e-01,9.99251e-01
1.777102413e+00,0.00000e+00,0.00000e+00,5.96449e-18,4.79413e-01,9.98823e-01
1.785987925e+00,0.00000e+00,0.00000e+00,2.80098e-33,4.86426e-01,9.98113e-01
1.794917864e+00,0.00000e+00,0.00000e+00,1.49871e-40,4.93400e-01,9.96727e-01
1.803892454e+00,0.00000e+00,0.00000e+00,1.80384e-79,5.00333e-01,9.95045e-01
1.812911916e+00,0.00000e+00,0.00000e+00,2.16140e-109,5.07223e-01,9.93526e-01
1.821976476e+00,0.00000e+00,0.00000e+00,1.17829e-109,5.14070e-01,9.92267e-01
1.831086358e+00,0.00000e+00,0.00000e+00,2.78952e-119,5.20871e-01,9.91055e-01
1.840241790e+00,0.00000e+00,0.00000e+00,1.25527e-95,5.27625e-01,9.90117e-01
1.849442999e+00,0.00000e+00,6.71458e-296,2.48584e-91,5.34331e-01,9.89350e-01
1.858690214e+00,0.00000e+00,2.14119e-279,3.43830e-146,5.40987e-01,9.87697e-01
1.867983665e+00,0.00000e+00,8.59366e-281,2.00493e-151,5.47592e-01,9.86307e-01
1.877323583e+00,0.00000e+00,0.00000e+00,6.35309e-56,5.54145e-01,9.86967e-01
1.886710201e+00,0.00000e+00,0.00000e+00,4.35256e-45,5.60644e-01,9.88946e-01
1.896143752e+00,0.00000e+00,0.00000e+00,2.64004e-42,5.67089e-01,9.90023e-01
1.905624471e+00,0.00000e+00,0.00000e+00,1.83186e-88,5.73479e-01,9.90712e-01
1.915152593e+00,0.00000e+00,0.00000e+00,1.36554e-104,5.79812e-01,9.91332e-01
1.924728356e+00,0.00000e+00,0.00000e+00,2.92579e-117,5.86088e-01,9.92352e-01
1.934351998e+00,0.00000e+00,0.00000e+00,2.66595e-135,5.92306e-01,9.93692e-01
1.944023758e+00,0.00000e+00,0.00000e+00,2.15132e-68,5.98465e-01,9.95453e-01
1.953743877e+00,0.00000e+00,0.00000e+00,4.15901e-67,6.04565e-01,9.97018e-01
1.963512596e+00,0.00000e+00,0.00000e+00,6.77744e-43,6.10604e-01,9.98141e-01
1.973330159e+00,0.00000e+00,0.00000e+00,7.24609e-30,6.16583e-01,9.98879e-01
1.983196810e+00,0.00000e+00,0.00000e+00,3.80791e-17,6.22501e-01,9.99279e-01
1.993112794e+00,0.00000e+00,0.00000e+00,1.16814e-13,6.28356e-01,9.99529e-01
2.003078358e+00,0.00000e+00,0.00000e+00,2.99372e-07,6.34150e-01,9.99691e-01
2.013093750e+00,0.00000e+00,0.00000e+00,3.01469e-06,6.39881e-01,9.99801e-01
2.023159218e+00,0.00000e+00,0.00000e+00,3.47923e-04,6.45549e-01,9.99872e-01
2.033275015e+00,0.00000e+00,0.00000e+00,5.47003e-03,6.51154e-01,9.99918e-01
2.043441390e+00,0.00000e+00,0.00000e+00,3.66014e-02,6.56695e-01,9.99946e-01
2.053658597e+00,0.00000e+00,0.00000e+00,4.99465e-02,6.62173e-01,9.99964e-01
2.063926890e+00,0.00000e+00,0.00000e+00,1.04311e-01,6.67586e-01,9.99973e-01
2.074246524e+00,0.00000e+00,0.00000e+00,1.42688e-01,6.72936e-01,9.99980e-01
2.084617757e+00,0.00000e+00,0.00000e+00,2.67974e-01,6.78222e-01,9.99985e-01
2.095040845e+00,0.00000e+00,0.00000e+00,3.53579e-01,6.83444e-01,9.99987e-01
2.105516050e+00,0.00000e+00,0.00000e+00,4.12703e-01,6.88601e-01,9.99989e-01
2.116043630e+00,0.00000e+00,0.00000e+00,4.27104e-01,6.93694e-01,9.99989e-01
2.126623848e+00,0.00000e+00,0.00000e+00,5.91649e-01,6.98724e-01,9.99990e-01
2.137256967e+00,0.00000e+00,0.00000e+00,6.06804e-01,7.03689e-01,9.99990e-01
2.147943252e+00,0.00000e+00,0.00000e+00,6.18371e-01,7.08591e-01,9.99990e-01
2.158682968e+00,0.00000e+00,0.00000e+00,6.42735e-01,7.13429e-01,9.99989e-01
2.169476383e+00,0.00000e+00,0.00000e+00,6.25503e-01,7.18203e-01,9.99988e-01
2.180323765e+00,0.00000e+00,0.00000e+00,5.89589e-01,7.22914e-01,9.99987e-01
2.191225384e+00,0.00000e+00,0.00000e+00,5.33535e-01,7.27562e-01,9.99986e-01
2.202181511e+00,2.69842e-306,5.99711e-306,4.50460e-01,7.32147e-01,9.99985e-01
2.213192418e+00,5.50992e-148,1.15159e-147,4.58732e-01,7.36670e-01,9.99983e-01
2.224258381e+00,3.31861e-93,7.41849e-93,3.86094e-01,7.41130e-01,9.99982e-01
2.235379672e+00,1.48337e-60,3.29641e-60,4.51261e-01,7.45529e-01,9.99979e-01
2.246556571e+00,3.48032e-40,1.05237e-39,2.49970e-01,7.49866e-01,9.99974e-01
2.257789354e+00,3.64968e-29,1.09941e-28,3.36879e-01,7.54142e-01,9.99968e-01
2.269078300e+00,6.63848e-29,5.61763e-28,7.57669e-02,7.58357e-01,9.99960e-01
2.280423692e+00,8.29566e-21,5.44532e-20,1.07866e-01,7.62512e-01,9.99950e-01
2.291825810e+00,1.69817e-18,2.98526e-17,1.95727e-02,7.66606e-01,9.99936e-01
2.303284939e+00,8.38560e-16,2.15554e-14,2.68230e-02,7.70641e-01,9.99910e-01
2.314801364e+00,4.98959e-14,6.67056e-12,2.35611e-03,7.74617e-01,9.99873e-01
2.326375371e+00,4.28142e-11,1.05516e-08,2.84989e-03,7.78535e-01,9.99829e-01
2.338007248e+00,3.24011e-11,1.85175e-09,7.23750e-03,7.82394e-01,9.99766e-01
2.349697284e+00,1.51100e-11,1.03337e-07,2.89012e-05,7.86196e-01,9.99681e-01
2.361445770e+00,1.07013e-10,7.04395e-07,9.26262e-05,7.89940e-01,9.99559e-01
2.373252999e+00,8.89808e-09,3.90737e-05,2.39255e-05,7.93628e-01,9.99388e-01
2.385119264e+00,2.94435e-10,9.12827e-03,7.37396e-09,7.97260e-01,9.99159e-01
2.397044861e+00,4.23054e-07,9.97854e-02,4.15046e-06,8.00836e-01,9.98727e-01
2.409030085e+00,4.08467e-13,2.14392e-02,9.53372e-12,8.04357e-01,9.98134e-01
2.421075235e+00,7.68394e-12,7.27522e-03,3.88809e-10,8.07823e-01,9.97446e-01
2.433180612e+00,1.16132e-20,1.48542e-10,4.63528e-12,8.11236e-01,9.96540e-01
2.445346515e+00,5.40654e-22,2.18830e-06,7.98589e-17,8.14595e-01,9.95371e-01
2.457573247e+00,9.69043e-46,3.63481e-20,2.09743e-27,8.17901e-01,9.93771e-01
2.469861113e+00,6.05759e-224,1.48736e-183,1.50087e-42,8.21155e-01,9.91581e-01
2.482210419e+00,0.00000e+00,0.00000e+00,3.11648e-89,8.24357e-01,9.88177e-01
2.494621471e+00,0.00000e+00,0.00000e+00,4.48341e-154,8.27508e-01,9.83275e-01
2.507094578e+00,0.00000e+00,0.00000e+00,1.26186e-256,8.30609e-01,9.75671e-01
2.519630051e+00,0.00000e+00,0.00000e+00,0.00000e+00,8.33659e-01,9.64651e-01
2.532228202e+00,0.00000e+00,0.00000e+00,0.00000e+00,8.36660e-01,9.52963e-01
2.544889343e+00,0.00000e+00,0.00000e+00,0.00000e+00,8.39613e-01,9.40259e-01
2.557613789e+00,0.00000e+00,0.00000e+00,0.00000e+00,8.42517e-01,9.30046e-01
2.570401858e+00,0.00000e+00,0.00000e+00,0.00000e+00,8.45374e-01,9.24533e-01
2.583253867e+00,0.00000e+00,0.00000e+00,0.00000e+00,8.48183e-01,9.17780e-01
2.596170137e+00,0.00000e+00,0.00000e+00,0.00000e+00,8.50946e-01,9.16558e-01
2.609150988e+00,0.00000e+00,0.00000e+00,0.00000e+00,8.53664e-01,9.11168e-01
2.622196742e+00,0.00000e+00,0.00000e+00,0.00000e+00,8.56336e-01,9.08838e-01
2.635307726e+00,0.00000e+00,0.00000e+00,3.73346e-270,8.58963e-01,9.04910e-01
2.648484265e+00,0.00000e+00,0.00000e+00,0.00000e+00,8.61546e-01,8.92140e-01
2.661726686e+00,0.00000e+00,0.00000e+00,0.00000e+00,8.64086e-01,8.80616e-01
2.675035320e+00,0.00000e+00,0.00000e+00,0.00000e+00,8.66583e-01,8.86306e-01
2.688410496e+00,0.00000e+00,0.00000e+00,0.00000e+00,8.69038e-01,8.92412e-01
2.701852549e+00,0.00000e+00,0.00000e+00,0.00000e+00,8.71450e-01,9.02030e-01
2.715361811e+00,0.00000e+00,0.00000e+00,0.00000e+00,8.73822e-01,9.08626e-01
2.728938620e+00,0.00000e+00,0.00000e+00,0.00000e+00,8.76153e-01,9.18599e-01
2.742583314e+00,0.00000e+00,0.00000e+00,0.00000e+00,8.78444e-01,9.21498e-01
2.756296230e+00,0.00000e+00,0.00000e+00,0.00000e+00,8.80696e-01,9.24516e-01
2.770077711e+00,0.00000e+00,0.00000e+00,0.00000e+00,8.82909e-01,9.34786e-01
2.783928100e+00,0.00000e+00,0.00000e+00,0.00000e+00,8.85083e-01,9.40152e-01
2.797847740e+00,0.00000e+00,0.00000e+00,0.00000e+00,8.87220e-01,9.48407e-01
2.811836979e+00,0.00000e+00,0.00000e+00,0.00000e+00,8.89319e-01,9.58704e-01
2.825896164e+00,0.00000e+00,0.00000e+00,0.00000e+00,8.91382e-01,9.67999e-01
2.840025645e+00,0.00000e+00,0.00000e+00,0.00000e+00,8.93409e-01,9.74572e-01
2.854225773e+00,0.00000e+00,0.00000e+00,0.00000e+00,8.95400e-01,9.79843e-01
2.868496902e+00,0.00000e+00,0.00000e+00,0.00000e+00,8.97356e-01,9.85457e-01
2.882839386e+00,0.00000e+00,0.00000e+00,0.00000e+00,8.99278e-01,9.89316e-01
2.897253583e+00,0.00000e+00,0.00000e+00,1.06898e-289,9.01166e-01,9.91390e-01
2.911739851e+00,0.00000e+00,0.00000e+00,4.71603e-192,9.03020e-01,9.93139e-01
2.926298550e+00,0.00000e+00,0.00000e+00,4.17900e-128,9.04842e-01,9.94815e-01
2.940930043e+00,0.00000e+00,0.00000e+00,5.81887e-126,9.06630e-01,9.95856e-01
2.955634693e+00,0.00000e+00,0.00000e+00,2.51868e-127,9.08388e-01,9.96561e-01
2.970412867e+00,0.00000e+00,0.00000e+00,1.31613e-106,9.10113e-01,9.97308e-01
2.985264931e+00,0.00000e+00,0.00000e+00,1.42139e-83,9.11808e-01,9.97829e-01
3.000191256e+00,0.00000e+00,0.00000e+00,3.15103e-61,9.13472e-01,9.98135e-01
3.015192212e+00,0.00000e+00,0.00000e+00,8.25326e-61,9.15107e-01,9.98511e-01
3.030268173e+00,0.00000e+00,0.00000e+00,4.14809e-52,9.16712e-01,9.98718e-01
3.045419514e+00,0.00000e+00,0.00000e+00,1.21094e-57,9.18288e-01,9.98837e-01
3.060646612e+00,0.00000e+00,0.00000e+00,1.26399e-37,9.19835e-01,9.98966e-01
3.075949845e+00,0.00000e+00,0.00000e+00,2.99269e-36,9.21355e-01,1.03532e-15
3.091329594e+00,0.00000e+00,0.00000e+00,8.49753e-31,9.22846e-01,4.37336e-36
3.106786242e+00,0.00000e+00,0.00000e+00,2.01304e-30,9.24311e-01,5.34332e-98
3.122320173e+00,0.00000e+00,0.00000e+00,8.76655e-25,9.25749e-01,6.13284e-270
3.137931774e+00,0.00000e+00,0.00000e+00,7.01220e-25,9.27161e-01,1.64815e-130
3.153621433e+00,0.00000e+00,0.00000e+00,1.15285e-13,9.28547e-01,1.20233e-33
3.169389540e+00,0.00000e+00,0.00000e+00,1.92315e-13,9.29908e-01,9.66641e-134
3.185236488e+00,0.00000e+00,0.00000e+00,4.67554e-16,9.31244e-01,1.84225e-219
3.201162670e+00,0.00000e+00,0.00000e+00,2.06747e-31,9.32555e-01,0.00000e+00
3.217168483e+00,0.00000e+00,0.00000e+00,1.26835e-25,9.33842e-01,0.00000e+00
3.233254326e+00,0.00000e+00,0.00000e+00,1.45380e-16,9.35105e-01,0.00000e+00
3.249420598e+00,0.00000e+00,0.00000e+00,4.95765e-11,9.36345e-01,0.00000e+00
3.265667701e+00,0.00000e+00,5.63280e-295,3.21676e-14,9.37563e-01,0.00000e+00
3.281996039e+00,0.00000e+00,5.51961e-211,8.07881e-15,9.38757e-01,0.00000e+00
3.298406019e+00,0.00000e+00,5.52370e-188,1.89835e-17,9.39930e-01,0.00000e+00
3.314898049e+00,0.00000e+00,7.90963e-184,3.46501e-21,9.41081e-01,0.00000e+00
3.331472540e+00,0.00000e+00,5.67984e-171,6.53116e-19,9.42210e-01,0.00000e+00
3.348129902e+00,0.00000e+00,8.80384e-132,4.73440e-20,9.43319e-01,0.00000e+00
3.364870552e+00,0.00000e+00,1.45481e-131,4.21195e-17,9.44407e-01,0.00000e+00
3.381694905e+00,0.00000e+00,1.82262e-99,3.31786e-12,9.45474e-01,0.00000e+00
3.398603379e+00,0.00000e+00,3.18322e-81,7.79160e-12,9.46522e-01,0.00000e+00
3.415596396e+00,0.00000e+00,3.25642e-80,3.50056e-08,9.47550e-01,0.00000e+00
3.432674378e+00,0.00000e+00,3.15658e-88,6.60063e-08,9.48559e-01,0.00000e+00
3.449837750e+00,1.63396e-282,3.41297e-113,9.25161e-06,9.49549e-01,8.06552e-166
3.467086939e+00,4.57206e-258,2.04500e-225,2.31547e-04,9.50520e-01,3.08941e-30
3.484422373e+00,7.66102e-316,1.02016e-308,3.99316e-04,9.51473e-01,2.06127e-05
3.501844485e+00,0.00000e+00,0.00000e+00,9.42138e-03,9.52409e-01,3.89764e-13
3.519353708e+00,0.00000e+00,0.00000e+00,2.21213e-02,9.53327e-01,9.83002e-01
3.536950476e+00,0.00000e+00,0.00000e+00,2.81917e-02,9.54227e-01,9.51597e-01
3.554635228e+00,0.00000e+00,0.00000e+00,1.03179e-01,9.55111e-01,8.94009e-01
3.572408405e+00,0.00000e+00,0.00000e+00,1.11059e-01,9.55977e-01,8.26659e-01
3.590270447e+00,0.00000e+00,0.00000e+00,2.05499e-01,9.56828e-01,8.96331e-01
3.608221799e+00,0.00000e+00,0.00000e+00,2.91573e-01,9.57662e-01,9.46264e-01
3.626262908e+00,2.52332e-195,4.57644e-195,3.46544e-01,9.58481e-01,9.88773e-01
3.644394222e+00,4.23636e-152,7.58443e-152,5.27452e-01,9.59284e-01,9.95548e-01
3.662616193e+00,1.22711e-61,2.43054e-61,3.61017e-01,9.60072e-01,9.75652e-01
3.680929274e+00,1.01902e-28,3.51075e-28,1.87067e-01,9.60845e-01,8.83451e-01
3.699333921e+00,1.68932e-18,4.45429e-18,4.49506e-01,9.61603e-01,7.57683e-01
3.717830590e+00,2.80955e-19,8.25351e-19,5.37617e-01,9.62347e-01,5.73196e-01
3.736419743e+00,1.84987e-34,7.79335e-34,4.80887e-01,9.63077e-01,4.23236e-01
3.755101842e+00,4.31112e-165,1.65738e-164,4.57931e-01,9.63793e-01,4.64350e-01
3.773877351e+00,0.00000e+00,0.00000e+00,5.24271e-01,9.64495e-01,6.43659e-01
3.792746738e+00,0.00000e+00,0.00000e+00,4.60794e-01,9.65184e-01,8.39735e-01
3.811710472e+00,0.00000e+00,0.00000e+00,3.90292e-01,9.65860e-01,9.24738e-01
3.830769024e+00,0.00000e+00,0.00000e+00,3.63214e-01,9.66523e-01,9.70419e-01
3.849922869e+00,0.00000e+00,0.00000e+00,2.54138e-01,9.67173e-01,9.92468e-01
3.869172484e+00,0.00000e+00,0.00000e+00,2.22500e-01,9.67811e-01,9.36585e-01
3.888518346e+00,2.95476e-237,7.56931e-237,3.75348e-01,9.68437e-01,8.53988e-01
3.907960938e+00,3.90671e-190,1.22925e-189,3.44049e-01,9.69050e-01,7.60303e-01
3.927500742e+00,1.02957e-190,4.40620e-190,4.10377e-02,9.69652e-01,7.16052e-01
3.947138246e+00,4.98224e-284,1.51922e-282,2.18703e-02,9.70243e-01,8.31205e-01
3.966873937e+00,0.00000e+00,0.00000e+00,5.33020e-03,9.70822e-01,9.61327e-01
3.986708307e+00,0.00000e+00,0.00000e+00,1.89019e-01,9.71390e-01,9.99958e-01
4.006641849e+00,0.00000e+00,0.00000e+00,5.18797e-01,9.71947e-01,9.99957e-01
4.026675058e+00,0.00000e+00,0.00000e+00,4.58053e-01,9.72493e-01,9.99956e-01
4.046808433e+00,0.00000e+00,0.00000e+00,3.94527e-01,9.73029e-01,9.99955e-01
4.067042475e+00,0.00000e+00,0.00000e+00,3.34558e-01,9.73555e-01,9.99953e-01
4.087377688e+00,0.00000e+00,0.00000e+00,3.10972e-01,9.74070e-01,9.99951e-01
4.107814576e+00,0.00000e+00,0.00000e+00,1.97134e-01,9.74576e-01,9.99949e-01
4.128353649e+00,0.00000e+00,0.00000e+00,8.31982e-02,9.75072e-01,9.99947e-01
4.148995417e+00,0.00000e+00,0.00000e+00,5.37501e-02,9.75558e-01,9.99945e-01
4.169740394e+00,0.00000e+00,0.00000e+00,8.49930e-03,9.76035e-01,9.99942e-01
4.190589096e+00,0.00000e+00,0.00000e+00,3.40629e-03,9.76503e-01,9.99939e-01
4.211542042e+00,0.00000e+00,0.00000e+00,4.01798e-04,9.76962e-01,9.99936e-01
4.232599752e+00,0.00000e+00,0.00000e+00,4.76018e-05,9.77411e-01,9.99932e-01
4.253762751e+00,0.00000e+00,0.00000e+00,4.60325e-06,9.77853e-01,9.99928e-01
4.275031564e+00,0.00000e+00,0.00000e+00,1.68379e-07,9.78285e-01,9.99923e-01
4.296406722e+00,0.00000e+00,0.00000e+00,1.32641e-09,9.78710e-01,9.99917e-01
4.317888756e+00,0.00000e+00,0.00000e+00,2.83105e-09,9.79126e-01,9.99911e-01
4.339478200e+00,0.00000e+00,0.00000e+00,5.88618e-10,9.79534e-01,9.99904e-01
4.361175591e+00,0.00000e+00,0.00000e+00,1.68316e-11,9.79934e-01,9.99896e-01
4.382981469e+00,0.00000e+00,0.00000e+00,1.23811e-11,9.80326e-01,9.99887e-01
4.404896376e+00,0.00000e+00,0.00000e+00,4.95796e-12,9.80711e-01,9.99876e-01
4.426920858e+00,0.00000e+00,0.00000e+00,3.44649e-12,9.81088e-01,9.99865e-01
4.449055462e+00,0.00000e+00,0.00000e+00,1.17735e-13,9.81459e-01,9.99852e-01
4.471300739e+00,0.00000e+00,0.00000e+00,2.77763e-14,9.81821e-01,9.99837e-01
4.493657243e+00,0.00000e+00,0.00000e+00,2.77853e-14,9.82177e-01,9.99821e-01
4.516125529e+00,0.00000e+00,0.00000e+00,1.85086e-15,9.82526e-01,9.99801e-01
4.538706157e+00,0.00000e+00,0.00000e+00,1.08518e-11,9.82868e-01,9.99778e-01
4.561399688e+00,0.00000e+00,0.00000e+00,7.75650e-12,9.83204e-01,9.99750e-01
4.584206686e+00,0.00000e+00,0.00000e+00,1.73840e-12,9.83533e-01,9.99717e-01
4.607127720e+00,0.00000e+00,0.00000e+00,5.77659e-13,9.83855e-01,9.99677e-01
4.630163358e+00,0.00000e+00,0.00000e+00,7.12937e-24,9.84172e-01,9.99628e-01
4.653314175e+00,0.00000e+00,0.00000e+00,3.93721e-24,9.84482e-01,9.99573e-01
4.676580746e+00,0.00000e+00,0.00000e+00,4.35270e-28,9.84786e-01,9.99503e-01
4.699963650e+00,0.00000e+00,0.00000e+00,5.13804e-27,9.85084e-01,9.99423e-01
4.723463468e+00,0.00000e+00,0.00000e+00,1.81798e-32,9.85377e-01,9.99318e-01
4.747080785e+00,0.00000e+00,0.00000e+00,1.52344e-25,9.85664e-01,9.99195e-01
4.770816189e+00,0.00000e+00,0.00000e+00,3.00886e-29,9.85945e-01,9.99045e-01
4.794670270e+00,0.00000e+00,0.00000e+00,1.15857e-46,9.86220e-01,9.98870e-01
4.818643622e+00,0.00000e+00,0.00000e+00,7.92209e-51,9.86491e-01,9.98654e-01
4.842736840e+00,0.00000e+00,0.00000e+00,1.43124e-56,9.86756e-01,9.98413e-01
4.866950524e+00,0.00000e+00,0.00000e+00,1.87757e-41,9.87016e-01,9.98116e-01
4.891285276e+00,0.00000e+00,0.00000e+00,1.36613e-53,9.87270e-01,9.97736e-01
4.915741703e+00,0.00000e+00,0.00000e+00,3.51052e-54,9.87520e-01,9.97361e-01
4.940320411e+00,0.00000e+00,0.00000e+00,1.70429e-56,9.87765e-01,9.96847e-01
4.965022013e+00,0.00000e+00,0.00000e+00,1.66576e-80,9.88005e-01,9.96341e-01
4.989847123e+00,0.00000e+00,0.00000e+00,2.59577e-73,9.88241e-01,9.95871e-01
5.014796359e+00,0.00000e+00,0.00000e+00,6.46681e-84,9.88472e-01,9.95222e-01
5.039870341e+00,0.00000e+00,0.00000e+00,5.99151e-85,9.88698e-01,9.94453e-01
5.065069693e+00,0.00000e+00,0.00000e+00,1.33513e-84,9.88920e-01,9.93386e-01
5.090395041e+00,0.00000e+00,0.00000e+00,3.15416e-129,9.89138e-01,9.92361e-01
5.115847016e+00,0.00000e+00,0.00000e+00,2.12728e-128,9.89351e-01,9.91120e-01
5.141426251e+00,0.00000e+00,0.00000e+00,2.59199e-170,9.89560e-01,9.89760e-01
5.167133383e+00,0.00000e+00,0.00000e+00,2.30618e-198,9.89766e-01,9.88393e-01
5.192969049e+00,0.00000e+00,0.00000e+00,2.30699e-198,9.89967e-01,9.86834e-01
5.218933895e+00,0.00000e+00,0.00000e+00,8.26918e-320,9.90164e-01,9.85373e-01
5.245028564e+00,0.00000e+00,0.00000e+00,4.80203e-242,9.90357e-01,9.83933e-01
5.271253707e+00,0.00000e+00,0.00000e+00,7.50014e-249,9.90547e-01,9.81975e-01
5.297609976e+00,0.00000e+00,0.00000e+00,1.92918e-307,9.90733e-01,9.80053e-01
5.324098025e+00,0.00000e+00,0.00000e+00,1.90820e-307,9.90915e-01,9.78304e-01
5.350718516e+00,0.00000e+00,0.00000e+00,0.00000e+00,9.91093e-01,9.75185e-01
5.377472108e+00,0.00000e+00,0.00000e+00,0.00000e+00,9.91269e-01,9.73623e-01
5.404359469e+00,0.00000e+00,0.00000e+00,0.00000e+00,9.91440e-01,9.70139e-01
5.431381266e+00,0.00000e+00,0.00000e+00,0.00000e+00,9.91609e-01,9.67896e-01
5.458538172e+00,0.00000e+00,0.00000e+00,0.00000e+00,9.91774e-01,9.64524e-01
5.485830863e+00,0.00000e+00,0.00000e+00,0.00000e+00,9.91936e-01,9.60491e-01
5.513260018e+00,0.00000e+00,0.00000e+00,0.00000e+00,9.92094e-01,9.56561e-01
5.540826318e+00,0.00000e+00,0.00000e+00,0.00000e+00,9.92250e-01,9.51804e-01
5.568530449e+00,0.00000e+00,0.00000e+00,0.00000e+00,9.92402e-01,5.62392e-01
5.596373101e+00,0.00000e+00,0.00000e+00,0.00000e+00,9.92552e-01,4.33476e-01
5.624354967e+00,0.00000e+00,0.00000e+00,0.00000e+00,9.92698e-01,3.29588e-01
5.652476742e+00,0.00000e+00,0.00000e+00,0.00000e+00,9.92842e-01,2.34543e-01
5.680739126e+00,0.00000e+00,0.00000e+00,0.00000e+00,9.92983e-01,1.49396e-01
5.709142821e+00,0.00000e+00,0.00000e+00,0.00000e+00,9.93121e-01,7.93889e-02
5.737688535e+00,0.00000e+00,0.00000e+00,0.00000e+00,9.93256e-01,3.39656e-02
5.766376978e+00,0.00000e+00,0.00000e+00,0.00000e+00,9.93389e-01,1.18099e-02
5.795208863e+00,0.00000e+00,0.00000e+00,0.00000e+00,9.93519e-01,2.89623e-03
5.824184907e+00,0.00000e+00,0.00000e+00,0.00000e+00,9.93647e-01,4.58047e-04
5.853305832e+00,0.00000e+00,0.00000e+00,0.00000e+00,9.93772e-01,3.96300e-05
5.882572361e+00,0.00000e+00,0.00000e+00,0.00000e+00,9.93894e-01,1.59206e-06
5.911985223e+00,0.00000e+00,0.00000e+00,0.00000e+00,9.94015e-01,2.22491e-08
5.941545149e+00,0.00000e+00,1.08926e-193,0.00000e+00,9.94133e-01,8.14796e-11
5.971252874e+00,0.00000e+00,1.93530e-116,0.00000e+00,9.94248e-01,4.71129e-14
6.001109139e+00,0.00000e+00,4.71914e-101,0.00000e+00,9.94361e-01,2.62116e-18
6.031114685e+00,0.00000e+00,2.26199e-104,0.00000e+00,9.94472e-01,1.45212e-23
6.061270258e+00,0.00000e+00,3.22964e-136,0.00000e+00,9.94581e-01,2.11466e-30
6.091576609e+00,0.00000e+00,1.45392e-204,0.00000e+00,9.94688e-01,5.88804e-40
6.122034492e+00,0.00000e+00,8.18140e-268,0.00000e+00,9.94793e-01,1.65829e-52
6.152644665e+00,0.00000e+00,0.00000e+00,0.00000e+00,9.94895e-01,5.10936e-68
6.183407888e+00,0.00000e+00,0.00000e+00,0.00000e+00,9.94996e-01,3.60915e-88
6.214324928e+00,0.00000e+00,0.00000e+00,7.71615e-241,9.95094e-01,2.55801e-114
6.245396552e+00,0.00000e+00,0.00000e+00,1.62312e-165,9.95191e-01,3.30908e-148
6.276623535e+00,0.00000e+00,0.00000e+00,2.31879e-166,9.95286e-01,5.32435e-192
6.308006653e+00,0.00000e+00,0.00000e+00,1.26101e-165,9.95379e-01,2.27933e-248
6.339546686e+00,0.00000e+00,0.00000e+00,0.00000e+00,9.95470e-01,2.09830e-320
6.371244419e+00,0.00000e+00,0.00000e+00,0.00000e+00,9.95559e-01,0.00000e+00
6.403100641e+00,0.00000e+00,0.00000e+00,0.00000e+00,9.95646e-01,0.00000e+00
6.435116145e+00,0.00000e+00,2.06281e-158,0.00000e+00,9.95732e-01,0.00000e+00
6.467291725e+00,0.00000e+00,3.45807e-76,0.00000e+00,9.95816e-01,0.00000e+00
6.499628184e+00,0.00000e+00,8.86581e-31,0.00000e+00,9.95899e-01,0.00000e+00
6.532126325e+00,0.00000e+00,5.17491e-22,0.00000e+00,9.95980e-01,0.00000e+00
6.564786956e+00,0.00000e+00,5.52362e-17,0.00000e+00,9.96059e-01,0.00000e+00
6.597610891e+00,0.00000e+00,9.85630e-15,0.00000e+00,9.96137e-01,0.00000e+00
6.630598946e+00,0.00000e+00,3.14067e-13,0.00000e+00,9.96213e-01,0.00000e+00
6.663751940e+00,0.00000e+00,3.85105e-13,0.00000e+00,9.96287e-01,0.00000e+00
6.697070700e+00,0.00000e+00,9.39798e-15,0.00000e+00,9.96361e-01,0.00000e+00
6.730556054e+00,0.00000e+00,4.06107e-20,0.00000e+00,9.96432e-01,0.00000e+00
6.764208834e+00,0.00000e+00,1.17413e-26,0.00000e+00,9.96503e-01,0.00000e+00
6.798029878e+00,0.00000e+00,1.02861e-43,0.00000e+00,9.96572e-01,0.00000e+00
6.832020027e+00,0.00000e+00,3.19110e-62,0.00000e+00,9.96639e-01,0.00000e+00
6.866180128e+00,0.00000e+00,6.60829e-106,0.00000e+00,9.96705e-01,0.00000e+00
6.900511028e+00,0.00000e+00,2.21554e-153,0.00000e+00,9.96770e-01,0.00000e+00
6.935013583e+00,0.00000e+00,2.25036e-272,0.00000e+00,9.96834e-01,0.00000e+00
6.969688651e+00,0.00000e+00,0.00000e+00,0.00000e+00,9.96896e-01,0.00000e+00
7.004537095e+00,0.00000e+00,0.00000e+00,0.00000e+00,9.96958e-01,0.00000e+00
7.039559780e+00,0.00000e+00,0.00000e+00,0.00000e+00,9.97018e-01,0.00000e+00
7.074757579e+00,0.00000e+00,0.00000e+00,0.00000e+00,9.97076e-01,0.00000e+00
7.110131367e+00,0.00000e+00,0.00000e+00,0.00000e+00,9.97134e-01,0.00000e+00
7.145682024e+00,0.00000e+00,0.00000e+00,0.00000e+00,9.97191e-01,0.00000e+00
7.181410434e+00,0.00000e+00,0.00000e+00,0.00000e+00,9.97246e-01,0.00000e+00
7.217317486e+00,0.00000e+00,0.00000e+00,0.00000e+00,9.97300e-01,0.00000e+00
7.253404073e+00,0.00000e+00,0.00000e+00,0.00000e+00,9.97354e-01,0.00000e+00
7.289671094e+00,0.00000e+00,0.00000e+00,0.00000e+00,9.97406e-01,0.00000e+00
7.326119449e+00,0.00000e+00,0.00000e+00,0.00000e+00,9.97457e-01,0.00000e+00
7.362750046e+00,0.00000e+00,0.00000e+00,0.00000e+00,9.97507e-01,0.00000e+00
7.399563797e+00,0.00000e+00,0.00000e+00,0.00000e+00,9.97556e-01,0.00000e+00
7.436561616e+00,0.00000e+00,0.00000e+00,0.00000e+00,9.97604e-01,0.00000e+00
7.473744424e+00,0.00000e+00,0.00000e+00,0.00000e+00,9.97652e-01,0.00000e+00
7.511113146e+00,0.00000e+00,0.00000e+00,0.00000e+00,9.97698e-01,0.00000e+00
7.548668712e+00,0.00000e+00,0.00000e+00,0.00000e+00,9.97743e-01,0.00000e+00
7.586412055e+00,0.00000e+00,6.18505e-277,0.00000e+00,9.97788e-01,0.00000e+00
7.624344115e+00,0.00000e+00,1.87346e-275,0.00000e+00,9.97831e-01,0.00000e+00
7.662465836e+00,0.00000e+00,6.79344e-308,3.40905e-322,9.97874e-01,0.00000e+00
7.700778165e+00,0.00000e+00,0.00000e+00,3.35965e-322,9.97916e-01,0.00000e+00
7.739282056e+00,0.00000e+00,0.00000e+00,0.00000e+00,9.97957e-01,0.00000e+00
7.777978466e+00,0.00000e+00,0.00000e+00,0.00000e+00,9.97998e-01,0.00000e+00
7.816868359e+00,0.00000e+00,0.00000e+00,1.59187e-299,9.98037e-01,0.00000e+00
7.855952700e+00,0.00000e+00,0.00000e+00,1.55167e-299,9.98076e-01,0.00000e+00
7.895232464e+00,0.00000e+00,0.00000e+00,5.24655e-297,9.98114e-01,0.00000e+00
7.934708626e+00,0.00000e+00,0.00000e+00,6.14349e-173,9.98151e-01,0.00000e+00
7.974382169e+00,0.00000e+00,0.00000e+00,1.07082e-133,9.98187e-01,0.00000e+00
8.014254080e+00,0.00000e+00,0.00000e+00,8.89192e-134,9.98223e-01,0.00000e+00
8.054325351e+00,0.00000e+00,0.00000e+00,3.39867e-125,9.98258e-01,0.00000e+00
8.094596977e+00,0.00000e+00,0.00000e+00,2.15466e-101,9.98293e-01,0.00000e+00
8.135069962e+00,0.00000e+00,0.00000e+00,3.55600e-101,9.98326e-01,0.00000e+00
8.175745312e+00,0.00000e+00,0.00000e+00,8.35169e-102,9.98359e-01,0.00000e+00
8.216624039e+00,0.00000e+00,0.00000e+00,5.41624e-86,9.98392e-01,0.00000e+00
8.257707159e+00,0.00000e+00,0.00000e+00,4.61705e-50,9.98423e-01,0.00000e+00
8.298995695e+00,0.00000e+00,0.00000e+00,7.70742e-49,9.98454e-01,0.00000e+00
8.340490673e+00,0.00000e+00,0.00000e+00,6.37560e-52,9.98485e-01,0.00000e+00
8.382193126e+00,0.00000e+00,0.00000e+00,3.81151e-41,9.98515e-01,0.00000e+00
8.424104092e+00,0.00000e+00,0.00000e+00,1.49761e-41,9.98544e-01,0.00000e+00
8.466224613e+00,0.00000e+00,5.58207e-318,2.29554e-44,9.98573e-01,0.00000e+00
8.508555736e+00,0.00000e+00,6.91971e-176,1.59099e-33,9.98601e-01,0.00000e+00
8.551098514e+00,0.00000e+00,1.65734e-128,6.66272e-25,9.98629e-01,0.00000e+00
8.593854007e+00,0.00000e+00,1.36851e-127,7.95797e-17,9.98656e-01,0.00000e+00
8.636823277e+00,0.00000e+00,1.30419e-148,2.81496e-16,9.98682e-01,2.14471e-292
8.680007393e+00,0.00000e+00,1.62360e-168,1.32587e-20,9.98708e-01,4.00936e-222
8.723407430e+00,0.00000e+00,1.74894e-188,2.92968e-21,9.98734e-01,6.68827e-172
8.767024467e+00,0.00000e+00,2.20340e-205,2.58627e-23,9.98759e-01,4.63540e-133
8.810859590e+00,0.00000e+00,0.00000e+00,5.20208e-15,9.98783e-01,2.42202e-100
8.854913888e+00,0.00000e+00,0.00000e+00,1.53575e-10,9.98807e-01,2.53151e-77
8.899188457e+00,0.00000e+00,0.00000e+00,8.58493e-11,9.98831e-01,1.08125e-59
8.943684399e+00,0.00000e+00,0.00000e+00,1.22955e-15,9.98854e-01,5.68900e-45
8.988402821e+00,0.00000e+00,0.00000e+00,1.26885e-16,9.98876e-01,1.13093e-34
9.033344836e+00,0.00000e+00,0.00000e+00,3.43957e-16,9.98898e-01,7.99394e-27
9.078511560e+00,0.00000e+00,0.00000e+00,8.24879e-13,9.98920e-01,9.60590e-21
9.123904118e+00,0.00000e+00,0.00000e+00,8.49399e-11,9.98941e-01,4.14987e-16
9.169523638e+00,0.00000e+00,0.00000e+00,3.15421e-09,9.98962e-01,1.60332e-12
9.215371256e+00,0.00000e+00,0.00000e+00,1.06603e-07,9.98983e-01,5.32234e-10
9.261448113e+00,0.00000e+00,0.00000e+00,3.59600e-08,9.99003e-01,7.47815e-08
9.307755353e+00,0.00000e+00,0.00000e+00,2.59251e-10,9.99023e-01,3.43619e-06
9.354294130e+00,0.00000e+00,0.00000e+00,1.19063e-11,9.99042e-01,6.33121e-05
9.401065601e+00,0.00000e+00,0.00000e+00,3.96253e-19,9.99061e-01,6.03379e-04
9.448070929e+00,0.00000e+00,0.00000e+00,1.65517e-11,9.99079e-01,2.93998e-03
9.495311283e+00,0.00000e+00,0.00000e+00,1.28473e-08,9.99097e-01,1.02163e-02
9.542787840e+00,0.00000e+00,0.00000e+00,1.17292e-06,9.99115e-01,2.95494e-02
9.590501779e+00,0.00000e+00,0.00000e+00,4.79976e-08,9.99133e-01,6.71823e-02
9.638454288e+00,0.00000e+00,0.00000e+00,7.64403e-10,9.99150e-01,1.19627e-01
9.686646559e+00,0.00000e+00,0.00000e+00,1.76666e-09,9.99167e-01,1.88320e-01
9.735079792e+00,0.00000e+00,0.00000e+00,2.83397e-07,9.99183e-01,2.69010e-01
9.783755191e+00,0.00000e+00,0.00000e+00,8.01748e-08,9.99199e-01,3.56058e-01
9.832673967e+00,0.00000e+00,0.00000e+00,3.03555e-11,9.99215e-01,4.43902e-01
9.881837337e+00,0.00000e+00,0.00000e+00,2.46987e-24,9.99230e-01,5.27871e-01
9.931246523e+00,0.00000e+00,0.00000e+00,7.95801e-10,9.99246e-01,6.05016e-01
9.980902756e+00,0.00000e+00,0.00000e+00,1.48131e-08,9.99260e-01,9.98767e-01
1.003080727e+01,0.00000e+00,0.00000e+00,1.10027e-08,9.99275e-01,9.98753e-01
1.008096131e+01,0.00000e+00,0.00000e+00,1.55075e-07,9.99289e-01,9.98740e-01
1.013136611e+01,0.00000e+00,0.00000e+00,9.23951e-06,9.99303e-01,9.98726e-01
1.018202294e+01,0.00000e+00,0.00000e+00,1.66850e-05,9.99317e-01,9.98712e-01
1.023293306e+01,0.00000e+00,0.00000e+00,1.05600e-06,9.99330e-01,9.98698e-01
1.028409772e+01,0.00000e+00,0.00000e+00,2.63457e-12,9.99344e-01,9.98683e-01
1.033551821e+01,0.00000e+00,0.00000e+00,2.35527e-16,9.99357e-01,9.98668e-01
1.038719580e+01,0.00000e+00,0.00000e+00,2.45367e-19,9.99369e-01,9.98654e-01
1.043913178e+01,0.00000e+00,0.00000e+00,3.83278e-20,9.99382e-01,9.98638e-01
1.049132744e+01,0.00000e+00,0.00000e+00,3.22210e-12,9.99394e-01,9.98620e-01
1.054378408e+01,0.00000e+00,0.00000e+00,1.44671e-11,9.99406e-01,9.98601e-01
1.059650300e+01,0.00000e+00,0.00000e+00,3.60559e-12,9.99418e-01,9.98579e-01
1.064948551e+01,0.00000e+00,0.00000e+00,1.20165e-12,9.99429e-01,9.98555e-01
1.070273294e+01,0.00000e+00,0.00000e+00,1.27953e-15,9.99440e-01,9.98526e-01
1.075624661e+01,0.00000e+00,0.00000e+00,1.18201e-16,9.99451e-01,9.98498e-01
1.081002784e+01,0.00000e+00,0.00000e+00,2.67476e-16,9.99462e-01,9.98473e-01
1.086407798e+01,0.00000e+00,0.00000e+00,1.34425e-20,9.99473e-01,9.98447e-01
1.091839837e+01,0.00000e+00,0.00000e+00,4.32246e-32,9.99483e-01,9.98419e-01
1.097299036e+01,0.00000e+00,0.00000e+00,1.88356e-53,9.99493e-01,9.98390e-01
1.102785531e+01,0.00000e+00,0.00000e+00,8.69394e-65,9.99503e-01,9.98371e-01
1.108299459e+01,0.00000e+00,0.00000e+00,1.16032e-23,9.99513e-01,9.98354e-01
1.113840956e+01,0.00000e+00,0.00000e+00,3.73072e-17,9.99523e-01,9.98334e-01
1.119410161e+01,0.00000e+00,0.00000e+00,3.18447e-15,9.99532e-01,9.98310e-01
1.125007212e+01,0.00000e+00,0.00000e+00,1.95098e-18,9.99541e-01,9.98286e-01
1.130632248e+01,0.00000e+00,0.00000e+00,1.86634e-19,9.99550e-01,9.98262e-01
1.136285409e+01,0.00000e+00,0.00000e+00,1.24311e-16,9.99559e-01,9.98239e-01
1.141966836e+01,0.00000e+00,0.00000e+00,9.94650e-16,9.99568e-01,9.98216e-01
1.147676670e+01,0.00000e+00,0.00000e+00,8.44192e-19,9.99576e-01,9.98193e-01
1.153415054e+01,0.00000e+00,0.00000e+00,6.20723e-21,9.99585e-01,9.98167e-01
1.159182129e+01,0.00000e+00,0.00000e+00,2.58741e-39,9.99593e-01,9.98140e-01
1.164978039e+01,0.00000e+00,0.00000e+00,7.13834e-49,9.99601e-01,9.98113e-01
1.170802930e+01,0.00000e+00,0.00000e+00,3.04115e-69,9.99609e-01,9.98086e-01
1.176656944e+01,0.00000e+00,0.00000e+00,2.74772e-39,9.99617e-01,9.98059e-01
1.182540229e+01,0.00000e+00,0.00000e+00,5.43658e-30,9.99624e-01,9.98032e-01
1.188452930e+01,0.00000e+00,0.00000e+00,6.89655e-29,9.99632e-01,9.98004e-01
1.194395195e+01,0.00000e+00,0.00000e+00,8.76435e-28,9.99639e-01,9.97972e-01
1.200367171e+01,0.00000e+00,0.00000e+00,9.98206e-23,9.99646e-01,9.97938e-01
1.206369007e+01,0.00000e+00,0.00000e+00,5.33767e-25,9.99653e-01,9.97903e-01
1.212400852e+01,0.00000e+00,0.00000e+00,1.84075e-22,9.99660e-01,9.97867e-01
1.218462856e+01,0.00000e+00,0.00000e+00,1.48650e-22,9.99666e-01,9.97831e-01
1.224555170e+01,0.00000e+00,0.00000e+00,4.27866e-28,9.99673e-01,9.97788e-01
1.230677946e+01,0.00000e+00,0.00000e+00,3.05291e-56,9.99679e-01,9.97745e-01
1.236831336e+01,0.00000e+00,0.00000e+00,7.24753e-62,9.99686e-01,9.97699e-01
1.243015492e+01,0.00000e+00,0.00000e+00,3.00463e-117,9.99692e-01,9.97650e-01
1.249230570e+01,0.00000e+00,0.00000e+00,2.18237e-109,9.99698e-01,9.97601e-01
1.255476723e+01,0.00000e+00,0.00000e+00,1.94915e-94,9.99704e-01,9.97546e-01
1.261754106e+01,0.00000e+00,0.00000e+00,1.21889e-42,9.99710e-01,9.97491e-01
1.268062877e+01,0.00000e+00,0.00000e+00,6.93367e-40,9.99715e-01,9.97434e-01
1.274403191e+01,0.00000e+00,0.00000e+00,1.31532e-35,9.99721e-01,9.97372e-01
1.280775207e+01,0.00000e+00,0.00000e+00,1.69449e-34,9.99727e-01,9.97310e-01
1.287179083e+01,0.00000e+00,0.00000e+00,1.66102e-37,9.99732e-01,9.97243e-01
1.293614979e+01,0.00000e+00,0.00000e+00,6.31588e-40,9.99737e-01,9.97175e-01
1.300083054e+01,0.00000e+00,0.00000e+00,2.00859e-47,9.99742e-01,9.97104e-01
1.306583469e+01,0.00000e+00,0.00000e+00,2.80661e-65,9.99747e-01,9.97029e-01
1.313116386e+01,0.00000e+00,0.00000e+00,9.29003e-66,9.99752e-01,9.96954e-01
1.319681968e+01,0.00000e+00,0.00000e+00,2.06624e-72,9.99757e-01,9.96874e-01
1.326280378e+01,0.00000e+00,0.00000e+00,1.14647e-107,9.99762e-01,9.96792e-01
1.332911780e+01,0.00000e+00,0.00000e+00,9.49687e-124,9.99767e-01,9.96709e-01
1.339576339e+01,0.00000e+00,0.00000e+00,4.98029e-124,9.99771e-01,8.75675e-01
1.346274221e+01,0.00000e+00,0.00000e+00,3.21923e-188,9.99776e-01,8.64012e-01
1.353005592e+01,0.00000e+00,0.00000e+00,1.70347e-95,9.99780e-01,8.51334e-01
1.359770620e+01,0.00000e+00,0.00000e+00,5.86280e-91,9.99785e-01,8.39365e-01
1.366569473e+01,0.00000e+00,0.00000e+00,7.79897e-85,9.99789e-01,8.26476e-01
1.373402320e+01,0.00000e+00,0.00000e+00,2.39295e-63,9.99793e-01,8.12707e-01
1.380269332e+01,0.00000e+00,0.00000e+00,1.64386e-61,9.99797e-01,7.97931e-01
1.387170678e+01,0.00000e+00,0.00000e+00,4.16342e-75,9.99801e-01,7.79854e-01
1.394106532e+01,0.00000e+00,0.00000e+00,1.66871e-91,9.99805e-01,7.62923e-01
1.401077064e+01,0.00000e+00,0.00000e+00,6.65914e-108,9.99809e-01,7.44835e-01
1.408082450e+01,0.00000e+00,0.00000e+00,7.47384e-112,9.99812e-01,7.25700e-01
1.415122862e+01,0.00000e+00,0.00000e+00,8.30513e-157,9.99816e-01,7.05341e-01
1.422198476e+01,0.00000e+00,0.00000e+00,2.84137e-215,9.99820e-01,6.83946e-01
1.429309469e+01,0.00000e+00,0.00000e+00,4.76841e-215,9.99823e-01,6.61242e-01
1.436456016e+01,0.00000e+00,0.00000e+00,2.10769e-262,9.99827e-01,6.37481e-01
1.443638296e+01,0.00000e+00,0.00000e+00,4.61799e-308,9.99830e-01,6.12500e-01
1.450856487e+01,0.00000e+00,0.00000e+00,2.57465e-199,9.99834e-01,5.86452e-01
1.458110770e+01,0.00000e+00,0.00000e+00,5.51840e-144,9.99837e-01,5.59291e-01
1.465401324e+01,0.00000e+00,0.00000e+00,2.12932e-132,9.99840e-01,5.31238e-01
1.472728330e+01,0.00000e+00,0.00000e+00,2.99416e-132,9.99843e-01,5.06395e-01
1.480091972e+01,0.00000e+00,0.00000e+00,6.39082e-140,9.99846e-01,4.76669e-01
1.487492432e+01,0.00000e+00,0.00000e+00,1.59957e-248,9.99849e-01,4.46378e-01
1.494929894e+01,0.00000e+00,0.00000e+00,3.53823e-192,9.99852e-01,4.19984e-01
1.502404544e+01,0.00000e+00,0.00000e+00,1.49234e-163,9.99855e-01,3.88779e-01
1.509916566e+01,0.00000e+00,0.00000e+00,1.94701e-160,9.99858e-01,3.57548e-01
1.517466149e+01,0.00000e+00,0.00000e+00,5.39230e-169,9.99861e-01,3.30795e-01
1.525053480e+01,0.00000e+00,0.00000e+00,9.27137e-161,9.99863e-01,2.99755e-01
1.532678747e+01,0.00000e+00,0.00000e+00,5.77493e-182,9.99866e-01,2.69422e-01
1.540342141e+01,0.00000e+00,0.00000e+00,9.34457e-237,9.99869e-01,2.43964e-01
1.548043852e+01,0.00000e+00,0.00000e+00,1.45184e-264,9.99871e-01,2.19253e-01
1.555784071e+01,0.00000e+00,0.00000e+00,0.00000e+00,9.99874e-01,1.91570e-01
1.563562991e+01,0.00000e+00,0.00000e+00,0.00000e+00,9.99876e-01,1.65480e-01
1.571380806e+01,0.00000e+00,0.00000e+00,0.00000e+00,9.99879e-01,1.44441e-01
1.579237710e+01,0.00000e+00,0.00000e+00,0.00000e+00,9.99881e-01,1.24758e-01
1.587133899e+01,0.00000e+00,0.00000e+00,0.00000e+00,9.99883e-01,1.06586e-01
1.595069568e+01,0.00000e+00,0.00000e+00,0.00000e+00,9.99886e-01,8.99888e-02
1.603044916e+01,0.00000e+00,0.00000e+00,0.00000e+00,9.99888e-01,7.50104e-02
1.611060141e+01,0.00000e+00,0.00000e+00,0.00000e+00,9.99890e-01,5.95809e-02
1.619115441e+01,0.00000e+00,0.00000e+00,0.00000e+00,9.99892e-01,4.64111e-02
1.627211019e+01,0.00000e+00,0.00000e+00,0.00000e+00,9.99894e-01,3.68016e-02
1.635347074e+01,0.00000e+00,0.00000e+00,0.00000e+00,9.99896e-01,2.86754e-02
1.643523809e+01,0.00000e+00,0.00000e+00,0.00000e+00,9.99899e-01,2.19252e-02
1.651741428e+01,0.00000e+00,0.00000e+00,0.00000e+00,9.99900e-01,1.64247e-02
1.660000135e+01,0.00000e+00,0.00000e+00,0.00000e+00,9.99902e-01,1.20562e-02
1.668300136e+01,0.00000e+00,0.00000e+00,0.00000e+00,9.99904e-01,8.63249e-03
1.676641637e+01,0.00000e+00,0.00000e+00,0.00000e+00,9.99906e-01,6.02990e-03
1.685024845e+01,0.00000e+00,0.00000e+00,0.00000e+00,9.99908e-01,4.09868e-03
1.693449969e+01,0.00000e+00,0.00000e+00,0.00000e+00,9.99910e-01,2.70730e-03
1.701917219e+01,0.00000e+00,0.00000e+00,0.00000e+00,9.99912e-01,1.73317e-03
1.710426805e+01,0.00000e+00,0.00000e+00,0.00000e+00,9.99913e-01,1.07308e-03
1.718978939e+01,0.00000e+00,0.00000e+00,0.00000e+00,9.99915e-01,7.00431e-04
1.727573834e+01,0.00000e+00,0.00000e+00,0.00000e+00,9.99917e-01,4.44838e-04
1.736211703e+01,0.00000e+00,0.00000e+00,0.00000e+00,9.99918e-01,2.48797e-04
1.744892761e+01,0.00000e+00,0.00000e+00,0.00000e+00,9.99920e-01,1.33009e-04
1.753617225e+01,0.00000e+00,0.00000e+00,0.00000e+00,9.99921e-01,6.79125e-05
1.762385311e+01,0.00000e+00,0.00000e+00,0.00000e+00,9.99923e-01,3.29764e-05
1.771197238e+01,0.00000e+00,0.00000e+00,0.00000e+00,9.99924e-01,1.51613e-05
1.780053224e+01,0.00000e+00,0.00000e+00,0.00000e+00,9.99926e-01,7.59787e-06
1.788953490e+01,0.00000e+00,0.00000e+00,0.00000e+00,9.99927e-01,3.64369e-06
1.797898258e+01,0.00000e+00,0.00000e+00,0.00000e+00,9.99929e-01,1.41946e-06
1.806887749e+01,0.00000e+00,0.00000e+00,0.00000e+00,9.99930e-01,5.15514e-07
1.815922188e+01,0.00000e+00,0.00000e+00,0.00000e+00,9.99932e-01,2.09458e-07
1.825001799e+01,0.00000e+00,0.00000e+00,0.00000e+00,9.99933e-01,8.03326e-08
1.834126808e+01,0.00000e+00,0.00000e+00,0.00000e+00,9.99934e-01,2.35409e-08
1.843297442e+01,0.00000e+00,0.00000e+00,0.00000e+00,9.99935e-01,6.29822e-09
1.852513929e+01,0.00000e+00,0.00000e+00,0.00000e+00,9.99937e-01,1.95095e-09
1.861776499e+01,0.00000e+00,0.00000e+00,0.00000e+00,9.99938e-01,5.59390e-10
1.871085381e+01,0.00000e+00,0.00000e+00,0.00000e+00,9.99939e-01,1.13090e-10
1.880440808e+01,0.00000e+00,0.00000e+00,0.00000e+00,9.99940e-01,2.73318e-11
1.889843012e+01,0.00000e+00,0.00000e+00,0.00000e+00,9.99942e-01,6.01730e-12
1.899292227e+01,0.00000e+00,0.00000e+00,0.00000e+00,9.99943e-01,8.68880e-13
1.908788688e+01,0.00000e+00,0.00000e+00,0.00000e+00,9.99944e-01,1.55666e-13
1.918332632e+01,0.00000e+00,0.00000e+00,0.00000e+00,9.99945e-01,2.48870e-14
1.927924295e+01,0.00000e+00,0.00000e+00,0.00000e+00,9.99946e-01,3.58525e-15
1.937563916e+01,0.00000e+00,0.00000e+00,0.00000e+00,9.99947e-01,4.53684e-16
1.947251736e+01,0.00000e+00,0.00000e+00,0.00000e+00,9.99948e-01,5.10855e-17
1.956987994e+01,0.00000e+00,0.00000e+00,0.00000e+00,9.99949e-01,4.99238e-18
1.966772934e+01,0.00000e+00,0.00000e+00,0.00000e+00,9.99950e-01,2.53401e-19
1.976606799e+01,0.00000e+00,0.00000e+00,0.00000e+00,9.99951e-01,1.80255e-20
1.986489833e+01,0.00000e+00,0.00000e+00,0.00000e+00,9.99952e-01,1.07989e-21
1.996422282e+01,0.00000e+00,0.00000e+00,0.00000e+00,9.99953e-01,5.54311e-23
