#,Wave/freq,Total,CO2,H2O,Rayleigh,CIA
4.000000000e-01,1.24515e-07,9.99999e-01,9.99968e-01,1.24519e-07,9.99999e-01
4.020000000e-01,1.70510e-07,9.99999e-01,9.99980e-01,1.70514e-07,9.99999e-01
4.040100000e-01,2.31977e-07,9.99999e-01,9.99991e-01,2.31979e-07,9.99999e-01
4.060300500e-01,3.13687e-07,9.99999e-01,9.99997e-01,3.13687e-07,9.99999e-01
4.080602003e-01,4.21655e-07,9.99999e-01,9.99998e-01,4.21655e-07,9.99999e-01
4.101005013e-01,5.63482e-07,9.99999e-01,9.99999e-01,5.63482e-07,9.99999e-01
4.121510038e-01,7.48713e-07,9.99999e-01,9.99998e-01,7.48714e-07,9.99999e-01
4.142117588e-01,9.89258e-07,9.99999e-01,9.99990e-01,9.89267e-07,9.99999e-01
4.162828176e-01,1.29988e-06,9.99999e-01,9.99961e-01,1.29993e-06,9.99999e-01
4.183642317e-01,1.69893e-06,9.99999e-01,9.99976e-01,1.69897e-06,9.99999e-01
4.204560528e-01,2.20875e-06,9.99999e-01,9.99985e-01,2.20879e-06,9.99999e-01
4.225583331e-01,2.85672e-06,9.99999e-01,9.99994e-01,2.85674e-06,9.99999e-01
4.246711247e-01,3.67603e-06,9.99999e-01,9.99995e-01,3.67605e-06,9.99999e-01
4.267944804e-01,4.70680e-06,9.99999e-01,9.99993e-01,4.70682e-06,9.99999e-01
4.289284528e-01,5.99726e-06,9.99999e-01,9.99994e-01,5.99729e-06,9.99999e-01
4.310730950e-01,7.60505e-06,9.99999e-01,9.99997e-01,7.60507e-06,9.99999e-01
4.332284605e-01,9.59873e-06,9.99999e-01,9.99998e-01,9.59874e-06,9.99999e-01
4.353946028e-01,1.20595e-05,9.99999e-01,9.99999e-01,1.20595e-05,9.99999e-01
4.375715758e-01,1.50828e-05,9.99999e-01,9.99995e-01,1.50829e-05,9.99999e-01
4.397594337e-01,1.87804e-05,9.99999e-01,9.99965e-01,1.87811e-05,9.99999e-01
4.419582309e-01,2.32810e-05,9.99999e-01,9.99825e-01,2.32850e-05,9.99999e-01
4.441680220e-01,2.87429e-05,9.99999e-01,9.99866e-01,2.87467e-05,9.99999e-01
4.463888621e-01,3.53372e-05,9.99999e-01,9.99859e-01,3.53421e-05,9.99999e-01
4.486208064e-01,4.32700e-05,9.99999e-01,9.99913e-01,4.32737e-05,9.99999e-01
4.508639105e-01,5.27718e-05,9.99999e-01,9.99959e-01,5.27740e-05,9.99999e-01
4.531182300e-01,6.41070e-05,9.99999e-01,9.99983e-01,6.41081e-05,9.99999e-01
4.553838212e-01,7.75768e-05,9.99999e-01,9.99988e-01,7.75776e-05,9.99999e-01
4.576607403e-01,9.35238e-05,9.99999e-01,9.99994e-01,9.35243e-05,9.99999e-01
4.599490440e-01,1.12333e-04,9.99999e-01,9.99995e-01,1.12333e-04,9.99999e-01
4.622487892e-01,1.34438e-04,9.99999e-01,9.99998e-01,1.34438e-04,9.99999e-01
4.645600332e-01,1.60321e-04,9.99999e-01,9.99997e-01,1.60322e-04,9.99999e-01
4.668828333e-01,1.90518e-04,9.99999e-01,9.99958e-01,1.90525e-04,9.99999e-01
4.692172475e-01,2.25629e-04,9.99999e-01,9.99912e-01,2.25649e-04,9.99999e-01
4.715633337e-01,2.66340e-04,9.99999e-01,9.99942e-01,2.66356e-04,9.99999e-01
4.739211504e-01,3.13360e-04,9.99999e-01,9.99944e-01,3.13377e-04,9.99999e-01
4.762907561e-01,3.67508e-04,9.99999e-01,9.99971e-01,3.67518e-04,9.99999e-01
4.786722099e-01,4.29653e-04,9.99999e-01,9.99987e-01,4.29658e-04,9.99999e-01
4.810655710e-01,5.00756e-04,9.99999e-01,9.99996e-01,5.00758e-04,9.99999e-01
4.834708988e-01,5.81839e-04,9.99999e-01,9.99965e-01,5.81859e-04,9.99999e-01
4.858882533e-01,6.74053e-04,9.99999e-01,9.99937e-01,6.74095e-04,9.99999e-01
4.883176946e-01,7.78644e-04,9.99999e-01,9.99947e-01,7.78684e-04,9.99999e-01
4.907592831e-01,8.96901e-04,9.99999e-01,9.99952e-01,8.96943e-04,9.99999e-01
4.932130795e-01,1.03025e-03,9.99999e-01,9.99966e-01,1.03028e-03,9.99999e-01
4.956791449e-01,1.18018e-03,9.99999e-01,9.99981e-01,1.18020e-03,9.99999e-01
4.981575406e-01,1.34820e-03,9.99999e-01,9.99911e-01,1.34832e-03,9.99999e-01
5.006483283e-01,1.53598e-03,9.99999e-01,9.99769e-01,1.53634e-03,9.99999e-01
5.031515699e-01,1.74404e-03,9.99999e-01,9.98840e-01,1.74606e-03,9.99999e-01
5.056673278e-01,1.97821e-03,9.99999e-01,9.99389e-01,1.97941e-03,9.99999e-01
5.081956644e-01,2.23667e-03,9.99999e-01,9.99230e-01,2.23839e-03,9.99999e-01
5.107366428e-01,2.52381e-03,9.99999e-01,9.99480e-01,2.52512e-03,9.99999e-01
5.132903260e-01,2.84096e-03,9.99999e-01,9.99703e-01,2.84180e-03,9.99999e-01
5.158567776e-01,3.19034e-03,9.99999e-01,9.99874e-01,3.19074e-03,9.99999e-01
5.184360615e-01,3.57416e-03,9.99999e-01,9.99949e-01,3.57434e-03,9.99999e-01
5.210282418e-01,3.99501e-03,9.99999e-01,9.99980e-01,3.99508e-03,9.99999e-01
5.236333830e-01,4.45522e-03,9.99999e-01,9.99924e-01,4.45555e-03,9.99999e-01
5.262515499e-01,4.95817e-03,9.99999e-01,9.99952e-01,4.95840e-03,9.99999e-01
5.288828077e-01,5.50612e-03,9.99999e-01,9.99956e-01,5.50636e-03,9.99999e-01
5.315272217e-01,6.10199e-03,9.99999e-01,9.99961e-01,6.10222e-03,9.99999e-01
5.341848578e-01,6.74869e-03,9.99999e-01,9.99974e-01,6.74885e-03,9.99999e-01
5.368557821e-01,7.44852e-03,9.99999e-01,9.99911e-01,7.44917e-03,9.99999e-01
5.395400610e-01,8.20352e-03,9.99999e-01,9.99679e-01,8.20615e-03,9.99999e-01
5.422377613e-01,9.01909e-03,9.99999e-01,9.99591e-01,9.02278e-03,9.99999e-01
5.449489501e-01,9.89831e-03,9.99999e-01,9.99617e-01,9.90210e-03,9.99999e-01
5.476736949e-01,1.08435e-02,9.99999e-01,9.99663e-01,1.08472e-02,9.99999e-01
5.504120634e-01,1.18582e-02,9.99999e-01,9.99755e-01,1.18611e-02,9.99999e-01
5.531641237e-01,1.29453e-02,9.99999e-01,9.99876e-01,1.29469e-02,9.99999e-01
5.559299443e-01,1.41068e-02,9.99999e-01,9.99940e-01,1.41076e-02,9.99999e-01
5.587095940e-01,1.53458e-02,9.99999e-01,9.99962e-01,1.53464e-02,9.99999e-01
5.615031420e-01,1.66656e-02,9.99999e-01,9.99958e-01,1.66662e-02,9.99999e-01
5.643106577e-01,1.80693e-02,9.99999e-01,9.99951e-01,1.80701e-02,9.99999e-01
5.671322110e-01,1.95496e-02,9.99999e-01,9.99418e-01,1.95610e-02,9.99999e-01
5.699678720e-01,2.11289e-02,9.99999e-01,9.99395e-01,2.11417e-02,9.99999e-01
5.728177114e-01,2.28006e-02,9.99999e-01,9.99364e-01,2.28151e-02,9.99999e-01
5.756818000e-01,2.45696e-02,9.99999e-01,9.99418e-01,2.45839e-02,9.99999e-01
5.785602090e-01,2.64375e-02,9.99999e-01,9.99493e-01,2.64509e-02,9.99999e-01
5.814530100e-01,2.84040e-02,9.99999e-01,9.99490e-01,2.84185e-02,9.99999e-01
5.843602750e-01,3.04706e-02,9.99999e-01,9.99388e-01,3.04892e-02,9.99999e-01
5.872820764e-01,3.24938e-02,9.99999e-01,9.94747e-01,3.26654e-02,9.99999e-01
5.902184868e-01,3.47285e-02,9.99999e-01,9.93683e-01,3.49493e-02,9.99999e-01
5.931695792e-01,3.71759e-02,9.99999e-01,9.95524e-01,3.73430e-02,9.99999e-01
5.961354271e-01,3.96533e-02,9.99999e-01,9.95103e-01,3.98484e-02,9.99999e-01
5.991161043e-01,4.23159e-02,9.99999e-01,9.96429e-01,4.24675e-02,9.99999e-01
6.021116848e-01,4.51103e-02,9.99999e-01,9.97974e-01,4.52018e-02,9.99999e-01
6.051222432e-01,4.80037e-02,9.99999e-01,9.98975e-01,4.80529e-02,9.99999e-01
6.081478544e-01,5.09996e-02,9.99999e-01,9.99557e-01,5.10222e-02,9.99999e-01
6.111885937e-01,5.41007e-02,9.99999e-01,9.99812e-01,5.41108e-02,9.99999e-01
6.142445367e-01,5.73151e-02,9.99999e-01,9.99916e-01,5.73198e-02,9.99999e-01
6.173157594e-01,6.06473e-02,9.99999e-01,9.99953e-01,6.06501e-02,9.99999e-01
6.204023382e-01,6.40998e-02,9.99999e-01,9.99960e-01,6.41023e-02,9.99999e-01
6.235043498e-01,6.76651e-02,9.99999e-01,9.99824e-01,6.76769e-02,9.99999e-01
6.266218716e-01,7.13093e-02,9.99999e-01,9.99087e-01,7.13744e-02,9.99999e-01
6.297549810e-01,7.51697e-02,9.99999e-01,9.99665e-01,7.51948e-02,9.99999e-01
6.329037559e-01,7.90860e-02,9.99999e-01,9.99340e-01,7.91381e-02,9.99999e-01
6.360682746e-01,8.31573e-02,9.99999e-01,9.99435e-01,8.32042e-02,9.99999e-01
6.392486160e-01,8.73290e-02,9.99999e-01,9.99270e-01,8.73927e-02,9.99999e-01
6.424448591e-01,9.16129e-02,9.99999e-01,9.99016e-01,9.17030e-02,9.99999e-01
6.456570834e-01,9.56965e-02,9.99999e-01,9.95443e-01,9.61345e-02,9.99999e-01
6.488853688e-01,1.00353e-01,9.99999e-01,9.96692e-01,1.00686e-01,9.99999e-01
6.521297956e-01,1.05002e-01,9.99999e-01,9.96628e-01,1.05357e-01,9.99999e-01
6.553904446e-01,1.09775e-01,9.99999e-01,9.96631e-01,1.10146e-01,9.99999e-01
6.586673968e-01,1.14721e-01,9.99999e-01,9.97124e-01,1.15051e-01,9.99999e-01
6.619607338e-01,1.19880e-01,9.99999e-01,9.98397e-01,1.20072e-01,9.99999e-01
6.652705375e-01,1.25086e-01,9.99999e-01,9.99037e-01,1.25206e-01,9.99999e-01
6.685968902e-01,1.30398e-01,9.99999e-01,9.99591e-01,1.30452e-01,9.99999e-01
6.719398746e-01,1.35779e-01,9.99999e-01,9.99792e-01,1.35807e-01,9.99999e-01
6.752995740e-01,1.41254e-01,9.99999e-01,9.99890e-01,1.41269e-01,9.99999e-01
6.786760719e-01,1.46813e-01,9.99999e-01,9.99836e-01,1.46837e-01,9.99999e-01
6.820694522e-01,1.52466e-01,9.99999e-01,9.99721e-01,1.52508e-01,9.99999e-01
6.854797995e-01,1.58223e-01,9.99999e-01,9.99640e-01,1.58280e-01,9.99999e-01
6.889071985e-01,1.64005e-01,9.99999e-01,9.99119e-01,1.64149e-01,9.99999e-01
6.923517345e-01,1.67702e-01,9.99999e-01,9.85819e-01,1.70114e-01,9.99999e-01
6.958134932e-01,1.74890e-01,9.99999e-01,9.92727e-01,1.76171e-01,9.99999e-01
6.992925606e-01,1.81037e-01,9.99999e-01,9.92973e-01,1.82318e-01,9.99999e-01
7.027890234e-01,1.86927e-01,9.99999e-01,9.91385e-01,1.88551e-01,9.99999e-01
7.063029686e-01,1.93456e-01,9.99999e-01,9.92747e-01,1.94869e-01,9.99999e-01
7.098344834e-01,1.99866e-01,9.99999e-01,9.93040e-01,2.01266e-01,9.99999e-01
7.133836558e-01,2.05798e-01,9.99999e-01,9.90644e-01,2.07742e-01,9.99999e-01
7.169505741e-01,1.98771e-01,9.99999e-01,9.27574e-01,2.14291e-01,9.99998e-01
7.205353270e-01,2.13045e-01,9.99999e-01,9.64390e-01,2.20912e-01,9.99998e-01
7.241380036e-01,2.17223e-01,9.99999e-01,9.54408e-01,2.27600e-01,9.99998e-01
7.277586936e-01,2.24697e-01,9.99999e-01,9.58801e-01,2.34352e-01,9.99998e-01
7.313974871e-01,2.30662e-01,9.99999e-01,9.56447e-01,2.41166e-01,9.99998e-01
7.350544745e-01,2.42069e-01,9.99999e-01,9.75937e-01,2.48037e-01,9.99999e-01
7.387297469e-01,2.50436e-01,9.99999e-01,9.82246e-01,2.54963e-01,9.99999e-01
7.424233956e-01,2.59658e-01,9.99999e-01,9.91291e-01,2.61939e-01,9.99999e-01
7.461355126e-01,2.67539e-01,9.99999e-01,9.94707e-01,2.68963e-01,9.99999e-01
7.498661902e-01,2.75351e-01,9.99999e-01,9.97538e-01,2.76030e-01,9.99999e-01
7.536155211e-01,2.82796e-01,9.99999e-01,9.98789e-01,2.83139e-01,9.99999e-01
7.573835987e-01,2.90104e-01,9.99999e-01,9.99376e-01,2.90284e-01,9.99999e-01
7.611705167e-01,2.97349e-01,9.99999e-01,9.99612e-01,2.97464e-01,9.99999e-01
7.649763693e-01,3.04600e-01,9.99999e-01,9.99756e-01,3.04674e-01,9.99999e-01
7.688012511e-01,3.11858e-01,9.99999e-01,9.99830e-01,3.11911e-01,9.99999e-01
7.726452574e-01,3.19128e-01,9.99999e-01,9.99860e-01,3.19172e-01,9.99999e-01
7.765084837e-01,3.26389e-01,9.99999e-01,9.99800e-01,3.26454e-01,9.99999e-01
7.803910261e-01,3.16618e-01,9.49440e-01,9.99137e-01,3.33753e-01,9.99999e-01
7.842929812e-01,2.70973e-01,7.96720e-01,9.96990e-01,3.41066e-01,9.99999e-01
7.882144461e-01,2.71431e-01,7.83643e-01,9.93851e-01,3.48390e-01,9.99999e-01
7.921555184e-01,3.06902e-01,8.65564e-01,9.96638e-01,3.55723e-01,9.99999e-01
7.961162960e-01,3.27767e-01,9.08158e-01,9.94010e-01,3.63060e-01,9.99999e-01
8.000968774e-01,3.49108e-01,9.49022e-01,9.93115e-01,3.70399e-01,9.99999e-01
8.040973618e-01,3.65139e-01,9.73338e-01,9.93105e-01,3.77737e-01,9.99999e-01
8.081178486e-01,3.74405e-01,9.87629e-01,9.84446e-01,3.85071e-01,9.99999e-01
8.121584379e-01,3.66244e-01,9.96194e-01,9.36858e-01,3.92399e-01,9.99998e-01
8.162192301e-01,3.69866e-01,9.99158e-01,9.26078e-01,3.99717e-01,9.99998e-01
8.203003262e-01,3.91586e-01,9.99987e-01,9.62084e-01,4.07023e-01,9.99998e-01
8.244018279e-01,3.92973e-01,9.99999e-01,9.48491e-01,4.14314e-01,9.99998e-01
8.285238370e-01,4.02602e-01,9.99999e-01,9.54966e-01,4.21588e-01,9.99998e-01
8.326664562e-01,4.09392e-01,9.99999e-01,9.54643e-01,4.28842e-01,9.99998e-01
8.368297885e-01,4.21867e-01,9.99999e-01,9.67418e-01,4.36075e-01,9.99999e-01
8.410139374e-01,4.34648e-01,9.99999e-01,9.80520e-01,4.43282e-01,9.99999e-01
8.452190071e-01,4.46144e-01,9.99999e-01,9.90411e-01,4.50463e-01,9.99999e-01
8.494451021e-01,4.55058e-01,9.99999e-01,9.94411e-01,4.57615e-01,9.99999e-01
8.536923276e-01,4.63203e-01,9.99999e-01,9.96700e-01,4.64736e-01,9.99999e-01
8.579607893e-01,4.70863e-01,9.99999e-01,9.97962e-01,4.71824e-01,9.99999e-01
8.622505932e-01,4.78258e-01,9.99999e-01,9.98707e-01,4.78876e-01,9.99999e-01
8.665618462e-01,4.38312e-01,9.02763e-01,9.99197e-01,4.85892e-01,9.99999e-01
8.708946554e-01,2.77492e-01,5.63505e-01,9.99080e-01,4.92869e-01,9.99999e-01
8.752491287e-01,3.13497e-01,6.27978e-01,9.98770e-01,4.99805e-01,9.99999e-01
8.796253743e-01,3.91032e-01,7.72986e-01,9.98293e-01,5.06699e-01,9.99999e-01
8.840235012e-01,4.48200e-01,8.74415e-01,9.98052e-01,5.13549e-01,9.99999e-01
8.884436187e-01,4.90108e-01,9.48592e-01,9.92812e-01,5.20354e-01,9.99999e-01
8.928858368e-01,4.78694e-01,9.78796e-01,9.27553e-01,5.27112e-01,9.99998e-01
8.973502660e-01,4.65490e-01,9.94833e-01,8.76386e-01,5.33821e-01,9.99997e-01
9.018370173e-01,5.05224e-01,9.99430e-01,9.35276e-01,5.40481e-01,9.99997e-01
9.063462024e-01,5.08080e-01,9.85134e-01,9.42049e-01,5.47090e-01,9.99997e-01
9.108779334e-01,4.88123e-01,9.66700e-01,9.11455e-01,5.53646e-01,9.99997e-01
9.154323231e-01,5.00371e-01,9.92150e-01,9.00123e-01,5.60150e-01,9.99996e-01
9.200094847e-01,4.68935e-01,8.92956e-01,9.21095e-01,5.66599e-01,9.99996e-01
9.246095321e-01,4.28357e-01,8.47330e-01,8.78502e-01,5.72993e-01,9.99993e-01
9.292325798e-01,2.22646e-01,8.77838e-01,4.29614e-01,5.79331e-01,9.99986e-01
9.338787427e-01,1.78852e-01,8.82204e-01,3.40160e-01,5.85611e-01,9.99983e-01
9.385481364e-01,3.51491e-01,9.11796e-01,6.46487e-01,5.91833e-01,9.99983e-01
9.432408771e-01,3.10552e-01,9.45082e-01,5.47108e-01,5.97997e-01,9.99981e-01
9.479570815e-01,2.57595e-01,9.71384e-01,4.38010e-01,6.04101e-01,9.99983e-01
9.526968669e-01,3.22631e-01,9.86128e-01,5.35329e-01,6.10146e-01,9.99987e-01
9.574603512e-01,3.41461e-01,9.94048e-01,5.57204e-01,6.16129e-01,9.99990e-01
9.622476530e-01,3.85230e-01,9.98141e-01,6.20345e-01,6.22051e-01,9.99993e-01
9.670588912e-01,4.76054e-01,9.99443e-01,7.58546e-01,6.27912e-01,9.99995e-01
9.718941857e-01,5.32410e-01,9.99961e-01,8.40178e-01,6.33710e-01,9.99997e-01
9.767536566e-01,5.53327e-01,9.99999e-01,8.65323e-01,6.39446e-01,9.99997e-01
9.816374249e-01,5.79597e-01,9.99999e-01,8.98435e-01,6.45119e-01,9.99998e-01
9.865456120e-01,6.08595e-01,9.99999e-01,9.35252e-01,6.50728e-01,9.99998e-01
9.914783401e-01,6.29653e-01,9.99999e-01,9.59434e-01,6.56274e-01,9.99999e-01
9.964357318e-01,6.47005e-01,9.99999e-01,9.77707e-01,6.61757e-01,9.99999e-01
1.001417910e+00,6.58225e-01,9.99999e-01,9.86584e-01,6.67176e-01,9.99999e-01
1.006425000e+00,6.67364e-01,9.99999e-01,9.92318e-01,6.72530e-01,9.99999e-01
1.011457125e+00,6.74592e-01,9.99999e-01,9.95235e-01,6.77821e-01,9.99999e-01
1.016514411e+00,6.80834e-01,9.99999e-01,9.96759e-01,6.83047e-01,9.99999e-01
1.021596983e+00,6.86372e-01,9.99911e-01,9.97415e-01,6.88210e-01,9.99999e-01
1.026704968e+00,6.87860e-01,9.94141e-01,9.97983e-01,6.93308e-01,9.99999e-01
1.031838492e+00,6.53923e-01,9.37709e-01,9.98536e-01,6.98342e-01,9.99999e-01
1.036997685e+00,7.13643e-02,1.01537e-01,9.99128e-01,7.03313e-01,9.99999e-01
1.042182673e+00,3.15046e-02,4.45235e-02,9.98958e-01,7.08219e-01,9.99999e-01
1.047393587e+00,4.73264e-02,6.64500e-02,9.98621e-01,7.13062e-01,9.99999e-01
1.052630555e+00,2.85716e-04,3.98543e-04,9.98106e-01,7.17841e-01,9.99999e-01
1.057893707e+00,9.11359e-04,1.26375e-03,9.96836e-01,7.22557e-01,9.99999e-01
1.063183176e+00,5.05424e-03,6.97415e-03,9.94802e-01,7.27210e-01,9.99999e-01
1.068499092e+00,2.07093e-02,2.84933e-02,9.91320e-01,7.31800e-01,9.99999e-01
1.073841587e+00,7.66231e-02,1.04926e-01,9.89835e-01,7.36327e-01,9.99999e-01
1.079210795e+00,1.75735e-01,2.39946e-01,9.87024e-01,7.40792e-01,9.99999e-01
1.084606849e+00,3.31467e-01,4.53102e-01,9.80396e-01,7.45196e-01,9.99998e-01
1.090029883e+00,4.82803e-01,6.62023e-01,9.71832e-01,7.49537e-01,9.99998e-01
1.095480033e+00,5.69916e-01,8.16118e-01,9.25213e-01,7.53818e-01,9.99997e-01
1.100957433e+00,5.65221e-01,9.06588e-01,8.21190e-01,7.58037e-01,9.99996e-01
1.106462220e+00,4.46706e-01,9.60292e-01,6.09001e-01,7.62197e-01,9.99992e-01
1.111994531e+00,2.70314e-01,9.85089e-01,3.57544e-01,7.66296e-01,9.99984e-01
1.117554504e+00,1.48374e-01,9.96355e-01,1.93138e-01,7.70336e-01,9.99978e-01
1.123142276e+00,2.39998e-01,9.99761e-01,3.09980e-01,7.74316e-01,9.99974e-01
1.128757988e+00,3.58782e-01,9.99999e-01,4.61030e-01,7.78238e-01,9.99972e-01
1.134401778e+00,1.82215e-01,9.99999e-01,2.32987e-01,7.82102e-01,9.99969e-01
1.140073787e+00,4.90794e-01,9.99999e-01,6.24508e-01,7.85908e-01,9.99975e-01
1.145774156e+00,3.02654e-01,9.99999e-01,3.83281e-01,7.89656e-01,9.99979e-01
1.151503026e+00,2.74299e-01,9.99999e-01,3.45754e-01,7.93349e-01,9.99981e-01
1.157260541e+00,3.20912e-01,9.99999e-01,4.02662e-01,7.96984e-01,9.99986e-01
1.163046844e+00,4.07999e-01,9.99999e-01,5.09642e-01,8.00565e-01,9.99991e-01
1.168862078e+00,5.01207e-01,9.99999e-01,6.23324e-01,8.04090e-01,9.99995e-01
1.174706389e+00,6.03067e-01,9.99999e-01,7.46778e-01,8.07560e-01,9.99997e-01
1.180579921e+00,6.78725e-01,9.99999e-01,8.36922e-01,8.10977e-01,9.99998e-01
1.186482820e+00,7.36219e-01,9.99986e-01,9.04079e-01,8.14340e-01,9.99998e-01
1.192415234e+00,7.55210e-01,9.79344e-01,9.42779e-01,8.17650e-01,9.99998e-01
1.198377311e+00,4.31661e-01,5.48100e-01,9.51493e-01,8.20908e-01,9.99998e-01
1.204369197e+00,4.74612e-16,5.91761e-16,9.54105e-01,8.24114e-01,9.99998e-01
1.210391043e+00,1.68866e-61,2.09285e-61,9.56055e-01,8.27269e-01,9.99998e-01
1.216442998e+00,2.26372e-53,2.79142e-53,9.62556e-01,8.30374e-01,9.99999e-01
1.222525213e+00,1.38938e-52,1.69281e-52,9.70698e-01,8.33428e-01,9.99999e-01
1.228637839e+00,1.03946e-40,1.26037e-40,9.79550e-01,8.36433e-01,9.99999e-01
1.234781029e+00,7.99286e-26,9.58556e-26,9.84790e-01,8.39389e-01,9.99999e-01
1.240954934e+00,2.56975e-17,3.06974e-17,9.90350e-01,8.42297e-01,9.99999e-01
1.247159708e+00,5.07053e-09,6.02633e-09,9.92483e-01,8.45157e-01,9.99999e-01
1.253395507e+00,5.55484e-06,6.58265e-06,9.93316e-01,8.47970e-01,9.99999e-01
1.259662485e+00,9.02001e-04,1.06544e-03,9.93638e-01,8.50737e-01,9.99999e-01
1.265960797e+00,1.71040e-02,2.01901e-02,9.89870e-01,8.53458e-01,9.99999e-01
1.272290601e+00,1.52823e-01,1.81037e-01,9.84090e-01,8.56133e-01,9.99999e-01
1.278652054e+00,1.27659e-01,1.52202e-01,9.68633e-01,8.58764e-01,9.99998e-01
1.285045314e+00,1.10868e-03,1.31845e-03,9.43807e-01,8.61351e-01,9.99998e-01
1.291470541e+00,7.90054e-08,9.71953e-08,9.04156e-01,8.63894e-01,9.99997e-01
1.297927893e+00,1.51433e-03,1.86579e-03,8.66575e-01,8.66394e-01,9.99996e-01
1.304417533e+00,3.29303e-02,4.37601e-02,8.45106e-01,8.68852e-01,9.99993e-01
1.310939621e+00,5.51169e-03,7.06412e-03,8.08379e-01,8.71268e-01,9.99988e-01
1.317494319e+00,1.02296e-21,1.31836e-21,8.11753e-01,8.73643e-01,9.99981e-01
1.324081790e+00,1.53283e-14,2.02090e-14,7.32369e-01,8.75977e-01,9.99969e-01
1.330702199e+00,8.13829e-09,1.57378e-08,3.23444e-01,8.78271e-01,9.99949e-01
1.337355710e+00,5.03453e-09,4.27053e-08,4.96735e-02,8.80525e-01,9.99904e-01
1.344042489e+00,7.14496e-10,1.51301e-08,1.88313e-03,8.82741e-01,9.99795e-01
1.350762701e+00,1.85125e-14,9.00309e-09,4.05306e-07,8.84919e-01,9.99672e-01
1.357516515e+00,3.97325e-14,9.77451e-06,5.24209e-10,8.87058e-01,9.99594e-01
1.364304097e+00,1.69656e-09,4.07496e-04,1.56267e-06,8.89161e-01,9.99565e-01
1.371125618e+00,4.94266e-06,1.79148e-02,1.51026e-04,8.91226e-01,9.99562e-01
1.377981246e+00,2.16939e-05,3.41396e-02,4.46057e-04,8.93256e-01,9.99529e-01
1.384871152e+00,9.70049e-07,1.40145e-01,5.41944e-06,8.95250e-01,9.99542e-01
1.391795508e+00,4.09474e-07,1.62943e-01,1.87549e-06,8.97208e-01,9.99612e-01
1.398754485e+00,7.80967e-06,3.24081e-01,2.37414e-05,8.99133e-01,9.99667e-01
1.405748258e+00,9.90641e-06,4.37839e-01,2.16216e-05,9.01023e-01,9.99701e-01
1.412776999e+00,1.30754e-05,5.92838e-01,2.13067e-05,9.02880e-01,9.99759e-01
1.419840884e+00,2.68029e-05,5.26748e-01,4.28056e-05,9.04704e-01,9.99820e-01
1.426940089e+00,1.50070e-04,3.44345e-02,4.53159e-04,9.06495e-01,9.99888e-01
1.434074789e+00,0.00000e+00,0.00000e+00,2.54467e-03,9.08255e-01,9.99930e-01
1.441245163e+00,0.00000e+00,0.00000e+00,8.36297e-03,9.09983e-01,9.99945e-01
1.448451389e+00,0.00000e+00,0.00000e+00,3.53975e-02,9.11680e-01,9.99954e-01
1.455693646e+00,0.00000e+00,0.00000e+00,1.04037e-01,9.13346e-01,9.99962e-01
1.462972114e+00,3.07280e-243,1.16317e-242,1.36963e-01,9.14983e-01,9.99968e-01
1.470286975e+00,9.01349e-102,3.75834e-101,9.97121e-02,9.16590e-01,9.99971e-01
1.477638409e+00,1.80160e-64,7.49918e-64,1.24400e-01,9.18168e-01,9.99975e-01
1.485026601e+00,1.97801e-36,7.03595e-36,1.79762e-01,9.19718e-01,9.99981e-01
1.492451734e+00,5.48361e-31,1.42444e-30,2.79511e-01,9.21240e-01,9.99986e-01
1.499913993e+00,5.68658e-14,1.01520e-13,4.21218e-01,9.22734e-01,9.99992e-01
1.507413563e+00,9.42123e-13,1.67476e-12,5.34905e-01,9.24200e-01,9.99995e-01
1.514950631e+00,4.56805e-14,6.37316e-14,6.74193e-01,9.25640e-01,9.99997e-01
1.522525384e+00,1.02314e-45,1.31142e-45,7.74655e-01,9.27054e-01,9.99998e-01
1.530138011e+00,5.70301e-108,6.80692e-108,8.29156e-01,9.28442e-01,9.99998e-01
1.537788701e+00,4.55983e-80,5.26584e-80,8.99501e-01,9.29805e-01,9.99999e-01
1.545477645e+00,1.57354e-17,1.76882e-17,9.34548e-01,9.31143e-01,9.99999e-01
1.553205033e+00,1.31765e-12,1.47065e-12,9.46159e-01,9.32456e-01,9.99999e-01
1.560971058e+00,4.54908e-13,4.97658e-13,9.66485e-01,9.33745e-01,9.99999e-01
1.568775913e+00,2.20617e-272,2.39610e-272,9.77682e-01,9.35010e-01,9.99999e-01
1.576619793e+00,0.00000e+00,0.00000e+00,9.82647e-01,9.36252e-01,9.99999e-01
1.584502892e+00,0.00000e+00,0.00000e+00,9.89408e-01,9.37471e-01,9.99999e-01
1.592425406e+00,8.41052e-243,9.01258e-243,9.90182e-01,9.38667e-01,9.99999e-01
1.600387533e+00,0.00000e+00,0.00000e+00,9.93213e-01,9.39841e-01,9.99999e-01
1.608389471e+00,0.00000e+00,0.00000e+00,9.92982e-01,9.40994e-01,9.99999e-01
1.616431418e+00,0.00000e+00,0.00000e+00,9.92807e-01,9.42125e-01,9.99999e-01
1.624513575e+00,2.15658e-308,2.29766e-308,9.92309e-01,9.43235e-01,9.99999e-01
1.632636143e+00,4.50745e-229,4.80066e-229,9.87968e-01,9.44324e-01,9.99999e-01
1.640799324e+00,8.32235e-94,8.87796e-94,9.83986e-01,9.45393e-01,9.99999e-01
1.649003321e+00,8.28993e-94,8.88190e-94,9.79639e-01,9.46443e-01,9.99999e-01
1.657248337e+00,1.16004e-72,1.24205e-72,9.73092e-01,9.47472e-01,9.99999e-01
1.665534579e+00,3.78603e-73,4.09137e-73,9.63544e-01,9.48483e-01,9.99999e-01
1.673862252e+00,6.72466e-47,7.22650e-47,9.50748e-01,9.49474e-01,9.99999e-01
1.682231563e+00,1.03435e-32,1.10936e-32,9.56806e-01,9.50447e-01,9.99999e-01
1.690642721e+00,1.59795e-18,1.73992e-18,9.25372e-01,9.51401e-01,9.99998e-01
1.699095934e+00,5.87895e-12,6.45931e-12,9.14851e-01,9.52338e-01,9.99998e-01
1.707591414e+00,1.56642e-06,1.72701e-06,9.08518e-01,9.53257e-01,9.99997e-01
1.716129371e+00,4.43584e-04,5.04433e-04,8.87965e-01,9.54159e-01,9.99996e-01
1.724710018e+00,1.16509e-02,1.39737e-02,8.36660e-01,9.55044e-01,9.99995e-01
1.733333568e+00,4.71784e-02,6.02067e-02,7.92285e-01,9.55912e-01,9.99992e-01
1.742000236e+00,1.32215e-01,1.89942e-01,7.02224e-01,9.56764e-01,9.99989e-01
1.750710237e+00,1.47738e-03,2.35317e-03,5.18558e-01,9.57599e-01,9.99983e-01
1.759463788e+00,4.79334e-45,9.11827e-45,2.92807e-01,9.58419e-01,9.99973e-01
1.768261107e+00,2.01613e-47,7.30563e-47,1.04052e-01,9.59223e-01,9.99957e-01
1.777102413e+00,1.63314e-46,1.76938e-45,2.39960e-02,9.60012e-01,9.99933e-01
1.785987925e+00,1.46233e-44,8.20538e-43,2.54517e-03,9.60787e-01,9.99894e-01
1.794917864e+00,4.42669e-43,6.88951e-41,3.21635e-04,9.61546e-01,9.99816e-01
1.803892454e+00,1.11183e-43,2.29824e-39,1.65784e-06,9.62291e-01,9.99722e-01
1.812911916e+00,7.93580e-44,8.26588e-38,6.52079e-08,9.63022e-01,9.99622e-01
1.821976476e+00,6.85484e-44,6.80567e-38,1.10160e-07,9.63739e-01,9.99555e-01
1.831086358e+00,4.20160e-37,1.43124e-30,1.04414e-08,9.64442e-01,9.99499e-01
1.840241790e+00,2.31779e-31,4.80942e-26,3.13007e-07,9.65132e-01,9.99446e-01
1.849442999e+00,2.78094e-23,3.61007e-18,1.23079e-06,9.65809e-01,9.99403e-01
1.858690214e+00,1.69116e-25,5.46117e-17,6.43457e-10,9.66473e-01,9.99310e-01
1.867983665e+00,4.39319e-26,1.02337e-17,1.51910e-10,9.67124e-01,9.99232e-01
1.877323583e+00,5.43397e-88,5.45479e-85,1.20572e-04,9.67763e-01,9.99269e-01
1.886710201e+00,7.28781e-114,1.82116e-111,2.46354e-04,9.68389e-01,9.99380e-01
1.896143752e+00,1.87699e-129,3.34352e-127,8.80184e-04,9.69004e-01,9.99441e-01
1.905624471e+00,2.84275e-152,1.84837e-147,2.54841e-06,9.69607e-01,9.99480e-01
1.915152593e+00,3.79858e-120,2.25979e-114,1.09589e-07,9.70198e-01,9.99514e-01
1.924728356e+00,3.19448e-143,8.29832e-137,1.41985e-08,9.70778e-01,9.99572e-01
1.934351998e+00,0.00000e+00,0.00000e+00,3.39078e-09,9.71347e-01,9.99647e-01
1.944023758e+00,0.00000e+00,0.00000e+00,6.75039e-06,9.71905e-01,9.99745e-01
1.953743877e+00,0.00000e+00,0.00000e+00,2.95637e-05,9.72452e-01,9.99833e-01
1.963512596e+00,0.00000e+00,0.00000e+00,8.50156e-04,9.72989e-01,9.99895e-01
1.973330159e+00,0.00000e+00,0.00000e+00,4.61006e-03,9.73515e-01,9.99937e-01
1.983196810e+00,0.00000e+00,0.00000e+00,6.40663e-02,9.74031e-01,9.99959e-01
1.993112794e+00,0.00000e+00,0.00000e+00,1.15995e-01,9.74538e-01,9.99973e-01
2.003078358e+00,0.00000e+00,0.00000e+00,2.59214e-01,9.75034e-01,9.99982e-01
2.013093750e+00,0.00000e+00,0.00000e+00,4.15637e-01,9.75521e-01,9.99988e-01
2.023159218e+00,0.00000e+00,0.00000e+00,6.01393e-01,9.75999e-01,9.99992e-01
2.033275015e+00,0.00000e+00,0.00000e+00,6.76911e-01,9.76467e-01,9.99994e-01
2.043441390e+00,0.00000e+00,0.00000e+00,7.84660e-01,9.76927e-01,9.99996e-01
2.053658597e+00,0.00000e+00,0.00000e+00,8.20960e-01,9.77377e-01,9.99997e-01
2.063926890e+00,0.00000e+00,0.00000e+00,8.75354e-01,9.77819e-01,9.99998e-01
2.074246524e+00,0.00000e+00,0.00000e+00,8.91302e-01,9.78253e-01,9.99998e-01
2.084617757e+00,0.00000e+00,0.00000e+00,9.27602e-01,9.78677e-01,9.99998e-01
2.095040845e+00,0.00000e+00,0.00000e+00,9.42384e-01,9.79094e-01,9.99998e-01
2.105516050e+00,0.00000e+00,0.00000e+00,9.50436e-01,9.79503e-01,9.99998e-01
2.116043630e+00,0.00000e+00,0.00000e+00,9.52583e-01,9.79904e-01,9.99998e-01
2.126623848e+00,0.00000e+00,0.00000e+00,9.70857e-01,9.80297e-01,9.99998e-01
2.137256967e+00,0.00000e+00,0.00000e+00,9.72240e-01,9.80682e-01,9.99998e-01
2.147943252e+00,8.06762e-313,8.37669e-313,9.73283e-01,9.81060e-01,9.99998e-01
2.158682968e+00,5.29818e-188,5.50551e-188,9.75534e-01,9.81431e-01,9.99998e-01
2.169476383e+00,1.88437e-91,1.95681e-91,9.73971e-01,9.81794e-01,9.99998e-01
2.180323765e+00,3.24758e-57,3.37301e-57,9.70231e-01,9.82150e-01,9.99998e-01
2.191225384e+00,2.95213e-29,3.06398e-29,9.63795e-01,9.82500e-01,9.99998e-01
2.202181511e+00,3.86440e-19,4.04037e-19,9.55272e-01,9.82842e-01,9.99998e-01
2.213192418e+00,2.33701e-10,2.43492e-10,9.54824e-01,9.83178e-01,9.99998e-01
2.224258381e+00,7.85010e-07,8.24543e-07,9.46848e-01,9.83508e-01,9.99998e-01
2.235379672e+00,7.14907e-05,7.53146e-05,9.54570e-01,9.83831e-01,9.99998e-01
2.246556571e+00,1.47174e-03,1.58850e-03,9.21085e-01,9.84148e-01,9.99998e-01
2.257789354e+00,1.63663e-02,1.75989e-02,9.38531e-01,9.84459e-01,9.99997e-01
2.269078300e+00,2.26802e-02,2.67184e-02,8.55366e-01,9.84763e-01,9.99997e-01
2.280423692e+00,2.76586e-02,3.16152e-02,8.78607e-01,9.85062e-01,9.99996e-01
2.291825810e+00,7.85064e-02,1.01487e-01,7.75433e-01,9.85355e-01,9.99995e-01
2.303284939e+00,1.29814e-01,1.64139e-01,7.96512e-01,9.85642e-01,9.99994e-01
2.314801364e+00,1.35324e-01,2.00141e-01,6.77499e-01,9.85923e-01,9.99992e-01
2.326375371e+00,2.28425e-01,3.42919e-01,6.67181e-01,9.86200e-01,9.99990e-01
2.338007248e+00,1.96673e-01,3.11166e-01,6.30893e-01,9.86470e-01,9.99986e-01
2.349697284e+00,1.70929e-01,3.63974e-01,4.60561e-01,9.86736e-01,9.99981e-01
2.361445770e+00,2.33094e-01,4.44086e-01,5.26608e-01,9.86996e-01,9.99974e-01
2.373252999e+00,2.07472e-01,4.80874e-01,4.23179e-01,9.87251e-01,9.99965e-01
2.385119264e+00,1.71610e-01,7.25909e-01,2.31194e-01,9.87501e-01,9.99952e-01
2.397044861e+00,3.44408e-01,8.75559e-01,3.95450e-01,9.87747e-01,9.99928e-01
2.409030085e+00,1.47253e-01,7.94335e-01,1.84618e-01,9.87987e-01,9.99895e-01
2.421075235e+00,1.49810e-01,6.66727e-01,2.06359e-01,9.88223e-01,9.99857e-01
2.433180612e+00,2.03845e-02,1.28020e-01,1.02283e-01,9.88454e-01,9.99806e-01
2.445346515e+00,1.33182e-02,3.70789e-01,2.71532e-02,9.88681e-01,9.99741e-01
2.457573247e+00,2.98317e-04,8.52569e-03,1.11235e-02,9.88903e-01,9.99651e-01
2.469861113e+00,1.32583e-14,2.35589e-12,3.38118e-04,9.89121e-01,9.99528e-01
2.482210419e+00,7.08240e-60,6.03564e-54,1.70435e-07,9.89335e-01,9.99337e-01
2.494621471e+00,1.94141e-92,5.75196e-84,1.12296e-10,9.89545e-01,9.99060e-01
2.507094578e+00,1.01321e-98,1.20784e-81,3.63601e-19,9.89750e-01,9.98628e-01
2.519630051e+00,4.21266e-135,2.84575e-108,4.49585e-29,9.89952e-01,9.97997e-01
2.532228202e+00,6.57792e-183,5.08902e-146,4.60316e-39,9.90149e-01,9.97320e-01
2.544889343e+00,1.41884e-192,8.62072e-144,5.16984e-51,9.90343e-01,9.96575e-01
2.557613789e+00,6.26111e-265,7.04777e-216,2.83855e-51,9.90532e-01,9.95969e-01
2.570401858e+00,0.00000e+00,0.00000e+00,7.89926e-72,9.90719e-01,9.95639e-01
2.583253867e+00,0.00000e+00,0.00000e+00,7.70732e-72,9.90901e-01,9.95233e-01
2.596170137e+00,0.00000e+00,0.00000e+00,4.36434e-61,9.91080e-01,9.95160e-01
2.609150988e+00,0.00000e+00,0.00000e+00,4.61151e-43,9.91255e-01,9.94832e-01
2.622196742e+00,0.00000e+00,0.00000e+00,3.19098e-36,9.91427e-01,9.94690e-01
2.635307726e+00,0.00000e+00,0.00000e+00,9.25267e-17,9.91596e-01,9.94451e-01
2.648484265e+00,0.00000e+00,0.00000e+00,4.14489e-20,9.91761e-01,9.93664e-01
2.661726686e+00,0.00000e+00,0.00000e+00,3.75720e-35,9.91923e-01,9.92945e-01
2.675035320e+00,0.00000e+00,0.00000e+00,1.18459e-126,9.92082e-01,9.93301e-01
2.688410496e+00,0.00000e+00,0.00000e+00,8.81901e-62,9.92238e-01,9.93681e-01
2.701852549e+00,0.00000e+00,0.00000e+00,5.25335e-54,9.92391e-01,9.94281e-01
2.715361811e+00,0.00000e+00,0.00000e+00,1.40865e-53,9.92540e-01,9.94678e-01
2.728938620e+00,0.00000e+00,0.00000e+00,2.93852e-38,9.92687e-01,9.95282e-01
2.742583314e+00,0.00000e+00,0.00000e+00,6.47211e-41,9.92831e-01,9.95457e-01
2.756296230e+00,0.00000e+00,0.00000e+00,1.83096e-42,9.92972e-01,9.95638e-01
2.770077711e+00,0.00000e+00,0.00000e+00,4.87724e-58,9.93110e-01,9.96251e-01
2.783928100e+00,0.00000e+00,0.00000e+00,5.60279e-58,9.93246e-01,9.96572e-01
2.797847740e+00,0.00000e+00,0.00000e+00,3.43065e-44,9.93379e-01,9.97054e-01
2.811836979e+00,0.00000e+00,0.00000e+00,4.59365e-47,9.93509e-01,9.97653e-01
2.825896164e+00,0.00000e+00,0.00000e+00,9.80005e-41,9.93637e-01,9.98190e-01
2.840025645e+00,0.00000e+00,0.00000e+00,2.54549e-31,9.93762e-01,9.98570e-01
2.854225773e+00,0.00000e+00,0.00000e+00,1.46437e-27,9.93885e-01,9.98866e-01
2.868496902e+00,0.00000e+00,0.00000e+00,5.02067e-26,9.94006e-01,9.99184e-01
2.882839386e+00,0.00000e+00,0.00000e+00,8.35221e-21,9.94124e-01,9.99401e-01
2.897253583e+00,0.00000e+00,0.00000e+00,9.70035e-18,9.94239e-01,9.99519e-01
2.911739851e+00,0.00000e+00,0.00000e+00,3.55589e-12,9.94353e-01,9.99616e-01
2.926298550e+00,0.00000e+00,0.00000e+00,5.26321e-09,9.94464e-01,9.99710e-01
2.940930043e+00,0.00000e+00,0.00000e+00,8.69784e-09,9.94573e-01,9.99769e-01
2.955634693e+00,0.00000e+00,0.00000e+00,1.49938e-08,9.94680e-01,9.99807e-01
2.970412867e+00,0.00000e+00,0.00000e+00,5.65570e-08,9.94785e-01,9.99849e-01
2.985264931e+00,0.00000e+00,0.00000e+00,4.74177e-06,9.94887e-01,9.99882e-01
3.000191256e+00,0.00000e+00,0.00000e+00,2.16795e-05,9.94988e-01,9.99900e-01
3.015192212e+00,0.00000e+00,0.00000e+00,1.30157e-04,9.95087e-01,9.99916e-01
3.030268173e+00,0.00000e+00,0.00000e+00,5.66764e-04,9.95184e-01,9.99928e-01
3.045419514e+00,1.07406e-216,1.30718e-213,9.99304e-05,9.95279e-01,9.99934e-01
3.060646612e+00,5.63330e-100,5.38303e-98,3.65843e-03,9.95372e-01,9.99941e-01
3.075949845e+00,1.46224e-80,8.12851e-78,4.54378e-03,9.95463e-01,1.45910e-01
3.091329594e+00,1.83027e-77,7.66016e-74,3.46487e-03,9.95552e-01,9.64029e-03
3.106786242e+00,2.38341e-80,2.60444e-73,1.11535e-02,9.95640e-01,3.45171e-06
3.122320173e+00,2.07744e-67,4.59986e-51,2.05555e-02,9.95726e-01,8.29411e-16
3.137931774e+00,1.59617e-58,4.17830e-50,2.39510e-02,9.95810e-01,8.16709e-08
3.153621433e+00,2.65524e-54,8.16744e-52,8.52922e-02,9.95893e-01,1.41370e-02
3.169389540e+00,1.67991e-77,2.35097e-69,1.04999e-01,9.95974e-01,3.10499e-08
3.185236488e+00,6.60826e-69,8.34000e-56,6.63345e-02,9.96053e-01,4.87807e-13
3.201162670e+00,9.16937e-68,1.38307e-44,4.30336e-03,9.96131e-01,2.97750e-22
3.217168483e+00,3.26434e-75,1.04040e-42,1.93636e-02,9.96207e-01,8.75994e-32
3.233254326e+00,3.04172e-84,2.60615e-36,6.88291e-02,9.96282e-01,7.88914e-48
3.249420598e+00,6.04101e-99,5.25853e-21,1.60862e-01,9.96355e-01,3.92672e-78
3.265667701e+00,1.81415e-143,5.05721e-18,6.67956e-02,9.96427e-01,2.49032e-125
3.281996039e+00,6.99595e-210,1.07496e-13,1.15644e-01,9.96497e-01,3.61080e-196
3.298406019e+00,1.00894e-294,1.24288e-11,2.82782e-02,9.96566e-01,1.36014e-282
3.314898049e+00,0.00000e+00,2.76420e-11,2.31292e-02,9.96634e-01,0.00000e+00
3.331472540e+00,0.00000e+00,7.73926e-11,5.33839e-02,9.96700e-01,9.88131e-324
3.348129902e+00,4.19016e-243,1.13677e-08,4.43525e-02,9.96765e-01,4.83071e-234
3.364870552e+00,7.81845e-168,2.83804e-08,8.07840e-02,9.96829e-01,2.68136e-159
3.381694905e+00,1.84008e-105,2.81152e-07,1.07020e-01,9.96892e-01,2.95661e-98
3.398603379e+00,1.89676e-64,1.33507e-05,1.94132e-01,9.96953e-01,6.00008e-59
3.415596396e+00,1.56464e-39,2.76839e-05,3.00310e-01,9.97013e-01,1.67401e-34
3.432674378e+00,6.34977e-27,3.42597e-06,3.22680e-01,9.97072e-01,4.61121e-21
3.449837750e+00,8.96738e-18,2.07273e-08,4.60392e-01,9.97130e-01,7.45253e-10
3.467086939e+00,3.58053e-16,2.12106e-14,5.86402e-01,9.97186e-01,2.53700e-02
3.484422373e+00,1.04735e-19,2.61395e-19,6.05118e-01,9.97242e-01,5.48350e-01
3.501844485e+00,2.74996e-28,1.65251e-27,7.48892e-01,9.97296e-01,2.06181e-01
3.519353708e+00,3.37956e-33,3.94867e-33,7.85696e-01,9.97349e-01,9.99053e-01
3.536950476e+00,6.77109e-41,8.09594e-41,8.03494e-01,9.97402e-01,9.97304e-01
3.554635228e+00,2.89451e-40,3.23867e-40,8.74543e-01,9.97453e-01,9.93940e-01
3.572408405e+00,4.55232e-33,5.03488e-33,8.78459e-01,9.97503e-01,9.89779e-01
3.590270447e+00,3.42268e-31,3.66281e-31,9.13775e-01,9.97552e-01,9.94182e-01
3.608221799e+00,2.82952e-22,2.99283e-22,9.32403e-01,9.97601e-01,9.97086e-01
3.626262908e+00,7.26192e-13,7.53399e-13,9.42005e-01,9.97648e-01,9.99398e-01
3.644394222e+00,3.47399e-10,3.59061e-10,9.64796e-01,9.97694e-01,9.99762e-01
3.662616193e+00,1.88517e-05,1.96209e-05,9.42045e-01,9.97740e-01,9.98627e-01
3.680929274e+00,5.50097e-03,5.96432e-03,9.08309e-01,9.97784e-01,9.93263e-01
3.699333921e+00,8.27281e-02,8.77773e-02,9.55973e-01,9.97828e-01,9.85000e-01
3.717830590e+00,4.45920e-02,4.74508e-02,9.65350e-01,9.97871e-01,9.70250e-01
3.736419743e+00,6.73735e-04,7.29712e-04,9.59667e-01,9.97913e-01,9.54425e-01
3.755101842e+00,3.21650e-11,3.46170e-11,9.56702e-01,9.97954e-01,9.59753e-01
3.773877351e+00,3.98114e-25,4.19939e-25,9.64159e-01,9.97994e-01,9.76734e-01
3.792746738e+00,7.24561e-63,7.54414e-63,9.56984e-01,9.98034e-01,9.90728e-01
3.811710472e+00,4.02239e-41,4.16711e-41,9.47364e-01,9.98073e-01,9.95824e-01
3.830769024e+00,6.88275e-41,7.15818e-41,9.43276e-01,9.98111e-01,9.98402e-01
3.849922869e+00,2.33807e-56,2.45287e-56,9.17716e-01,9.98148e-01,9.99587e-01
3.869172484e+00,3.77302e-35,3.98666e-35,9.05818e-01,9.98185e-01,9.96443e-01
3.888518346e+00,2.50993e-15,2.64445e-15,9.46097e-01,9.98220e-01,9.91417e-01
3.907960938e+00,7.17722e-12,7.66049e-12,9.39829e-01,9.98256e-01,9.85186e-01
3.927500742e+00,3.53239e-12,3.99261e-12,6.80253e-01,9.98290e-01,9.82274e-01
3.947138246e+00,8.87878e-18,1.07429e-17,7.85274e-01,9.98324e-01,9.90189e-01
3.966873937e+00,8.88365e-27,1.00558e-26,5.46081e-01,9.98357e-01,9.97974e-01
3.986708307e+00,2.25683e-41,2.39796e-41,8.98523e-01,9.98389e-01,9.99997e-01
4.006641849e+00,4.63389e-75,4.75282e-75,9.62337e-01,9.98421e-01,9.99997e-01
4.026675058e+00,0.00000e+00,0.00000e+00,9.56496e-01,9.98452e-01,9.99997e-01
4.046808433e+00,0.00000e+00,0.00000e+00,9.47349e-01,9.98483e-01,9.99997e-01
4.067042475e+00,0.00000e+00,0.00000e+00,9.39708e-01,9.98513e-01,9.99996e-01
4.087377688e+00,0.00000e+00,0.00000e+00,9.35403e-01,9.98542e-01,9.99996e-01
4.107814576e+00,0.00000e+00,0.00000e+00,9.11875e-01,9.98571e-01,9.99996e-01
4.128353649e+00,0.00000e+00,0.00000e+00,8.64944e-01,9.98599e-01,9.99996e-01
4.148995417e+00,0.00000e+00,0.00000e+00,8.34516e-01,9.98626e-01,9.99996e-01
4.169740394e+00,0.00000e+00,0.00000e+00,7.49575e-01,9.98654e-01,9.99996e-01
4.190589096e+00,0.00000e+00,0.00000e+00,7.04861e-01,9.98680e-01,9.99996e-01
4.211542042e+00,0.00000e+00,0.00000e+00,5.76187e-01,9.98706e-01,9.99995e-01
4.232599752e+00,0.00000e+00,0.00000e+00,5.43325e-01,9.98732e-01,9.99995e-01
4.253762751e+00,0.00000e+00,0.00000e+00,4.62901e-01,9.98757e-01,9.99995e-01
4.275031564e+00,0.00000e+00,0.00000e+00,3.45035e-01,9.98781e-01,9.99995e-01
4.296406722e+00,0.00000e+00,0.00000e+00,2.49173e-01,9.98805e-01,9.99994e-01
4.317888756e+00,0.00000e+00,0.00000e+00,2.96119e-01,9.98829e-01,9.99994e-01
4.339478200e+00,0.00000e+00,0.00000e+00,2.16443e-01,9.98852e-01,9.99994e-01
4.361175591e+00,0.00000e+00,0.00000e+00,1.70291e-01,9.98875e-01,9.99993e-01
4.382981469e+00,0.00000e+00,0.00000e+00,1.70927e-01,9.98897e-01,9.99993e-01
4.404896376e+00,0.00000e+00,0.00000e+00,1.61698e-01,9.98919e-01,9.99992e-01
4.426920858e+00,0.00000e+00,0.00000e+00,8.64368e-02,9.98940e-01,9.99992e-01
4.449055462e+00,0.00000e+00,0.00000e+00,1.64599e-01,9.98961e-01,9.99991e-01
4.471300739e+00,0.00000e+00,0.00000e+00,9.92362e-02,9.98981e-01,9.99990e-01
4.493657243e+00,0.00000e+00,0.00000e+00,1.59511e-01,9.99001e-01,9.99989e-01
4.516125529e+00,0.00000e+00,0.00000e+00,6.21696e-02,9.99021e-01,9.99988e-01
4.538706157e+00,0.00000e+00,0.00000e+00,1.22725e-01,9.99040e-01,9.99987e-01
4.561399688e+00,0.00000e+00,0.00000e+00,1.08835e-01,9.99059e-01,9.99985e-01
4.584206686e+00,0.00000e+00,0.00000e+00,1.67261e-01,9.99078e-01,9.99983e-01
4.607127720e+00,0.00000e+00,0.00000e+00,9.91649e-02,9.99096e-01,9.99981e-01
4.630163358e+00,0.00000e+00,0.00000e+00,2.60302e-02,9.99114e-01,9.99978e-01
4.653314175e+00,0.00000e+00,0.00000e+00,2.18513e-02,9.99131e-01,9.99975e-01
4.676580746e+00,0.00000e+00,0.00000e+00,3.95282e-03,9.99148e-01,9.99971e-01
4.699963650e+00,0.00000e+00,0.00000e+00,1.68983e-02,9.99165e-01,9.99967e-01
4.723463468e+00,0.00000e+00,0.00000e+00,3.58004e-03,9.99182e-01,9.99961e-01
4.747080785e+00,0.00000e+00,0.00000e+00,3.08201e-02,9.99198e-01,9.99954e-01
4.770816189e+00,0.00000e+00,0.00000e+00,5.19131e-03,9.99214e-01,9.99946e-01
4.794670270e+00,0.00000e+00,0.00000e+00,1.28632e-03,9.99229e-01,9.99936e-01
4.818643622e+00,0.00000e+00,0.00000e+00,9.01070e-04,9.99244e-01,9.99924e-01
4.842736840e+00,0.00000e+00,0.00000e+00,2.49737e-04,9.99259e-01,9.99910e-01
4.866950524e+00,0.00000e+00,0.00000e+00,2.71086e-03,9.99274e-01,9.99894e-01
4.891285276e+00,0.00000e+00,0.00000e+00,8.62311e-05,9.99288e-01,9.99873e-01
4.915741703e+00,0.00000e+00,0.00000e+00,5.30022e-04,9.99302e-01,9.99852e-01
4.940320411e+00,0.00000e+00,0.00000e+00,4.48807e-05,9.99316e-01,9.99823e-01
4.965022013e+00,0.00000e+00,0.00000e+00,4.75197e-06,9.99329e-01,9.99795e-01
4.989847123e+00,0.00000e+00,0.00000e+00,2.94759e-05,9.99343e-01,9.99768e-01
5.014796359e+00,0.00000e+00,0.00000e+00,1.71358e-08,9.99356e-01,9.99732e-01
5.039870341e+00,0.00000e+00,0.00000e+00,2.67943e-06,9.99368e-01,9.99689e-01
5.065069693e+00,0.00000e+00,0.00000e+00,4.14377e-06,9.99381e-01,9.99629e-01
5.090395041e+00,0.00000e+00,0.00000e+00,1.60753e-08,9.99393e-01,9.99571e-01
5.115847016e+00,0.00000e+00,0.00000e+00,5.18200e-09,9.99405e-01,9.99501e-01
5.141426251e+00,0.00000e+00,0.00000e+00,1.56157e-11,9.99417e-01,9.99425e-01
5.167133383e+00,0.00000e+00,0.00000e+00,8.33007e-13,9.99428e-01,9.99348e-01
5.192969049e+00,0.00000e+00,0.00000e+00,8.52734e-13,9.99439e-01,9.99260e-01
5.218933895e+00,0.00000e+00,0.00000e+00,1.02787e-19,9.99451e-01,9.99178e-01
5.245028564e+00,0.00000e+00,0.00000e+00,5.34943e-15,9.99461e-01,9.99096e-01
5.271253707e+00,0.00000e+00,0.00000e+00,5.62237e-16,9.99472e-01,9.98985e-01
5.297609976e+00,0.00000e+00,0.00000e+00,9.70292e-19,9.99482e-01,9.98877e-01
5.324098025e+00,0.00000e+00,0.00000e+00,3.13801e-19,9.99493e-01,9.98776e-01
5.350718516e+00,0.00000e+00,0.00000e+00,2.59586e-23,9.99503e-01,9.98600e-01
5.377472108e+00,0.00000e+00,0.00000e+00,5.07463e-24,9.99512e-01,9.98509e-01
5.404359469e+00,0.00000e+00,0.00000e+00,5.07684e-24,9.99522e-01,9.98311e-01
5.431381266e+00,0.00000e+00,0.00000e+00,1.06296e-43,9.99531e-01,9.98182e-01
5.458538172e+00,0.00000e+00,0.00000e+00,7.99411e-44,9.99541e-01,9.97987e-01
5.485830863e+00,1.81312e-319,1.27706e-274,1.26875e-46,9.99550e-01,9.97754e-01
5.513260018e+00,1.39306e-249,3.41248e-202,3.09190e-49,9.99559e-01,9.97526e-01
5.540826318e+00,7.65649e-184,2.75869e-134,8.76143e-52,9.99567e-01,9.97248e-01
5.568530449e+00,5.44499e-180,1.26215e-101,1.37194e-80,9.99576e-01,9.68445e-01
5.596373101e+00,5.88561e-150,3.37278e-75,5.52016e-77,9.99584e-01,9.54498e-01
5.624354967e+00,5.58126e-134,2.12419e-66,1.86358e-69,9.99592e-01,9.40043e-01
5.652476742e+00,4.64929e-130,1.99952e-56,8.04916e-76,9.99600e-01,9.21173e-01
5.680739126e+00,3.89453e-136,9.25199e-51,2.43107e-87,9.99608e-01,8.98073e-01
5.709142821e+00,8.96265e-142,5.10639e-48,3.92036e-95,9.99616e-01,8.68382e-01
5.737688535e+00,3.49966e-140,2.04729e-49,3.69931e-92,9.99624e-01,8.28269e-01
5.766376978e+00,7.87054e-112,1.15193e-43,2.64214e-70,9.99631e-01,7.80940e-01
5.795208863e+00,3.10822e-94,6.56403e-32,4.46801e-64,9.99638e-01,7.22127e-01
5.824184907e+00,9.60460e-100,4.18033e-23,5.37728e-78,9.99645e-01,6.46886e-01
5.853305832e+00,1.10848e-98,1.54480e-23,1.23206e-76,9.99652e-01,5.63605e-01
5.882572361e+00,9.08397e-120,1.75536e-27,3.46020e-94,9.99659e-01,4.69341e-01
5.911985223e+00,8.54722e-113,7.83976e-24,2.32445e-90,9.99666e-01,3.69020e-01
5.941545149e+00,2.35678e-104,6.87664e-13,3.99554e-93,9.99672e-01,2.74165e-01
5.971252874e+00,1.56951e-87,4.03964e-08,2.09292e-80,9.99679e-01,1.80988e-01
6.001109139e+00,7.23012e-61,1.82159e-06,2.41401e-54,9.99685e-01,1.04870e-01
6.031114685e+00,7.89089e-67,3.18286e-07,7.40180e-60,9.99691e-01,5.34380e-02
6.061270258e+00,1.08213e-68,1.42990e-09,1.52144e-59,9.99698e-01,2.08198e-02
6.091576609e+00,3.64191e-64,3.19268e-13,1.96882e-50,9.99703e-01,6.03026e-03
6.122034492e+00,5.15623e-50,4.90056e-17,3.36183e-32,9.99709e-01,1.30517e-03
6.152644665e+00,1.63527e-57,6.56789e-23,7.81708e-33,9.99715e-01,1.78499e-04
6.183407888e+00,2.32792e-51,1.90691e-26,3.53359e-22,9.99721e-01,1.34636e-05
6.214324928e+00,6.08573e-48,5.34704e-28,4.14172e-15,9.99726e-01,4.70487e-07
6.245396552e+00,6.18026e-39,1.25534e-21,1.55102e-10,9.99732e-01,6.09346e-09
6.276623535e+00,5.01909e-40,1.68223e-19,5.13301e-11,9.99737e-01,2.21526e-11
6.308006653e+00,1.50251e-43,1.29364e-20,6.96922e-11,9.99742e-01,1.60515e-14
6.339546686e+00,6.88080e-66,1.81495e-27,8.63001e-23,9.99747e-01,1.55915e-18
6.371244419e+00,5.09800e-100,3.93351e-31,3.10135e-48,9.99752e-01,1.30548e-23
6.403100641e+00,2.93243e-117,8.34988e-23,8.27214e-68,9.99757e-01,1.71342e-29
6.435116145e+00,4.01919e-193,6.08248e-11,1.86294e-148,9.99762e-01,1.09157e-36
6.467291725e+00,1.62612e-202,5.99444e-06,2.56263e-149,9.99766e-01,8.45987e-50
6.499628184e+00,2.20584e-234,4.19125e-03,1.92407e-170,9.99771e-01,4.46588e-63
6.532126325e+00,8.02427e-229,4.02594e-02,1.89208e-150,9.99775e-01,5.65617e-78
6.564786956e+00,8.97357e-281,1.03997e-01,7.52087e-181,9.99780e-01,8.05039e-100
6.597610891e+00,0.00000e+00,1.55297e-01,7.88790e-244,9.99784e-01,6.92714e-122
6.630598946e+00,2.24797e-313,1.97162e-01,2.49725e-160,9.99788e-01,4.18467e-153
6.663751940e+00,0.00000e+00,1.96604e-01,2.61522e-149,9.99793e-01,3.98064e-186
6.697070700e+00,0.00000e+00,1.25255e-01,3.81763e-118,9.99797e-01,1.27266e-228
6.730556054e+00,0.00000e+00,5.45102e-02,5.32975e-81,9.99801e-01,3.87401e-273
6.764208834e+00,0.00000e+00,1.17981e-02,4.52269e-81,9.99805e-01,0.00000e+00
6.798029878e+00,0.00000e+00,1.27389e-03,2.66102e-99,9.99808e-01,0.00000e+00
6.832020027e+00,0.00000e+00,3.66658e-05,2.39158e-99,9.99812e-01,0.00000e+00
6.866180128e+00,0.00000e+00,1.64166e-07,3.89392e-114,9.99816e-01,0.00000e+00
6.900511028e+00,0.00000e+00,1.25969e-10,1.61792e-65,9.99820e-01,0.00000e+00
6.935013583e+00,0.00000e+00,4.47047e-17,2.26368e-65,9.99823e-01,0.00000e+00
6.969688651e+00,0.00000e+00,4.77978e-24,3.52052e-82,9.99827e-01,0.00000e+00
7.004537095e+00,0.00000e+00,1.35699e-37,5.90173e-81,9.99830e-01,0.00000e+00
7.039559780e+00,0.00000e+00,2.36295e-48,6.30635e-88,9.99833e-01,0.00000e+00
7.074757579e+00,0.00000e+00,2.94575e-66,3.88968e-69,9.99837e-01,0.00000e+00
7.110131367e+00,0.00000e+00,4.32074e-77,1.54886e-68,9.99840e-01,0.00000e+00
7.145682024e+00,0.00000e+00,6.10578e-92,7.98817e-77,9.99843e-01,0.00000e+00
7.181410434e+00,0.00000e+00,2.58375e-100,1.95541e-97,9.99846e-01,0.00000e+00
7.217317486e+00,0.00000e+00,2.79444e-105,4.32571e-72,9.99849e-01,0.00000e+00
7.253404073e+00,0.00000e+00,6.38138e-104,2.99578e-72,9.99852e-01,0.00000e+00
7.289671094e+00,0.00000e+00,1.52656e-82,2.37515e-63,9.99855e-01,0.00000e+00
7.326119449e+00,0.00000e+00,8.14570e-78,3.58904e-63,9.99858e-01,0.00000e+00
7.362750046e+00,0.00000e+00,1.09018e-84,2.84965e-46,9.99861e-01,0.00000e+00
7.399563797e+00,0.00000e+00,4.42820e-84,8.78399e-38,9.99863e-01,0.00000e+00
7.436561616e+00,0.00000e+00,3.86349e-70,2.63311e-41,9.99866e-01,0.00000e+00
7.473744424e+00,0.00000e+00,2.11504e-46,5.70189e-39,9.99869e-01,0.00000e+00
7.511113146e+00,0.00000e+00,8.86616e-33,1.43692e-33,9.99871e-01,0.00000e+00
7.548668712e+00,0.00000e+00,2.79069e-20,2.34952e-35,9.99874e-01,0.00000e+00
7.586412055e+00,0.00000e+00,7.59373e-17,4.36098e-63,9.99876e-01,0.00000e+00
7.624344115e+00,0.00000e+00,2.13149e-16,1.95502e-31,9.99879e-01,0.00000e+00
7.662465836e+00,0.00000e+00,5.99373e-19,1.70032e-19,9.99881e-01,0.00000e+00
7.700778165e+00,0.00000e+00,2.51728e-25,7.69245e-20,9.99883e-01,0.00000e+00
7.739282056e+00,0.00000e+00,2.21065e-41,6.32408e-32,9.99886e-01,0.00000e+00
7.777978466e+00,0.00000e+00,3.68027e-55,5.42040e-22,9.99888e-01,0.00000e+00
7.816868359e+00,0.00000e+00,3.13954e-74,3.92222e-18,9.99890e-01,0.00000e+00
7.855952700e+00,0.00000e+00,6.09477e-76,1.17623e-18,9.99892e-01,0.00000e+00
7.895232464e+00,0.00000e+00,5.93595e-64,1.38594e-18,9.99894e-01,0.00000e+00
7.934708626e+00,0.00000e+00,8.01028e-59,9.30733e-12,9.99896e-01,0.00000e+00
7.974382169e+00,0.00000e+00,8.49292e-65,1.22447e-08,9.99898e-01,0.00000e+00
8.014254080e+00,0.00000e+00,4.03668e-78,2.14518e-09,9.99900e-01,0.00000e+00
8.054325351e+00,0.00000e+00,8.03236e-80,6.23484e-09,9.99902e-01,0.00000e+00
8.094596977e+00,0.00000e+00,1.62232e-76,5.60105e-07,9.99904e-01,0.00000e+00
8.135069962e+00,0.00000e+00,2.70353e-69,6.35748e-07,9.99906e-01,0.00000e+00
8.175745312e+00,0.00000e+00,1.55948e-57,9.24942e-08,9.99908e-01,0.00000e+00
8.216624039e+00,3.62243e-316,8.89844e-50,8.01502e-06,9.99910e-01,1.96451e-262
8.257707159e+00,2.80675e-246,1.32044e-39,1.09236e-04,9.99911e-01,9.85264e-205
8.298995695e+00,1.90649e-194,8.94493e-36,1.29814e-03,9.99913e-01,9.37208e-157
8.340490673e+00,4.93988e-154,4.42418e-33,2.61864e-04,9.99915e-01,1.30387e-118
8.382193126e+00,6.16932e-122,8.27352e-31,3.33915e-03,9.99917e-01,1.23731e-89
8.424104092e+00,1.33770e-94,4.56698e-25,7.78805e-04,9.99918e-01,4.57788e-68
8.466224613e+00,3.23533e-73,1.07831e-19,2.43036e-03,9.99920e-01,7.36893e-52
8.508555736e+00,3.01004e-50,6.49044e-12,9.31968e-04,9.99921e-01,2.59483e-37
8.551098514e+00,1.44414e-36,1.28069e-08,2.48040e-02,9.99923e-01,2.53285e-27
8.593854007e+00,5.74569e-30,3.17941e-08,9.51226e-02,9.99924e-01,1.51427e-21
8.636823277e+00,1.10980e-26,1.40985e-09,1.18291e-01,9.99926e-01,5.66369e-17
8.680007393e+00,1.91385e-24,7.09140e-11,3.27043e-02,9.99927e-01,4.65012e-13
8.723407430e+00,4.69453e-22,1.34963e-11,6.49514e-02,9.99929e-01,4.74668e-10
8.767024467e+00,6.91293e-22,1.66183e-13,3.95631e-02,9.99930e-01,6.42125e-08
8.810859590e+00,4.76529e-49,8.69276e-43,5.06160e-02,9.99931e-01,2.82534e-06
8.854913888e+00,1.31743e-150,6.37582e-146,2.58743e-01,9.99933e-01,6.75299e-05
8.899188457e+00,0.00000e+00,0.00000e+00,2.09165e-01,9.99934e-01,6.25743e-04
8.943684399e+00,0.00000e+00,0.00000e+00,1.32551e-01,9.99935e-01,3.43091e-03
8.988402821e+00,0.00000e+00,0.00000e+00,1.15085e-01,9.99937e-01,1.28548e-02
9.033344836e+00,0.00000e+00,0.00000e+00,7.28183e-02,9.99938e-01,3.51801e-02
9.078511560e+00,0.00000e+00,0.00000e+00,1.37777e-01,9.99939e-01,7.67293e-02
9.123904118e+00,0.00000e+00,0.00000e+00,2.45873e-01,9.99940e-01,1.39051e-01
9.169523638e+00,0.00000e+00,0.00000e+00,1.80640e-01,9.99941e-01,2.20283e-01
9.215371256e+00,0.00000e+00,0.00000e+00,4.00703e-01,9.99943e-01,3.12711e-01
9.261448113e+00,0.00000e+00,0.00000e+00,3.68052e-01,9.99944e-01,4.10107e-01
9.307755353e+00,0.00000e+00,0.00000e+00,2.31563e-01,9.99945e-01,4.96182e-01
9.354294130e+00,0.00000e+00,0.00000e+00,1.71937e-01,9.99946e-01,5.83618e-01
9.401065601e+00,0.00000e+00,0.00000e+00,7.09819e-02,9.99947e-01,6.61710e-01
9.448070929e+00,0.00000e+00,0.00000e+00,1.23650e-01,9.99948e-01,7.22733e-01
9.495311283e+00,0.00000e+00,0.00000e+00,3.41833e-01,9.99949e-01,7.74659e-01
9.542787840e+00,0.00000e+00,0.00000e+00,4.51199e-01,9.99950e-01,8.21872e-01
9.590501779e+00,0.00000e+00,0.00000e+00,2.71594e-01,9.99951e-01,8.60347e-01
9.638454288e+00,0.00000e+00,0.00000e+00,2.80513e-01,9.99952e-01,8.88447e-01
9.686646559e+00,0.00000e+00,0.00000e+00,3.00156e-01,9.99953e-01,9.11190e-01
9.735079792e+00,0.00000e+00,0.00000e+00,4.13426e-01,9.99954e-01,9.29471e-01
9.783755191e+00,0.00000e+00,0.00000e+00,3.01739e-01,9.99955e-01,9.44100e-01
9.832673967e+00,0.00000e+00,0.00000e+00,8.72122e-02,9.99955e-01,9.55768e-01
9.881837337e+00,0.00000e+00,0.00000e+00,2.22158e-02,9.99956e-01,9.65816e-01
9.931246523e+00,0.00000e+00,0.00000e+00,2.01913e-01,9.99957e-01,9.73673e-01
9.980902756e+00,0.00000e+00,0.00000e+00,3.47340e-01,9.99958e-01,9.99930e-01
1.003080727e+01,0.00000e+00,0.00000e+00,3.49455e-01,9.99959e-01,9.99930e-01
1.008096131e+01,0.00000e+00,0.00000e+00,4.00327e-01,9.99960e-01,9.99929e-01
1.013136611e+01,0.00000e+00,0.00000e+00,4.96896e-01,9.99960e-01,9.99928e-01
1.018202294e+01,0.00000e+00,0.00000e+00,5.35631e-01,9.99961e-01,9.99927e-01
1.023293306e+01,0.00000e+00,0.00000e+00,3.31862e-01,9.99962e-01,9.99926e-01
1.028409772e+01,0.00000e+00,0.00000e+00,1.41601e-01,9.99963e-01,9.99926e-01
1.033551821e+01,0.00000e+00,0.00000e+00,1.17288e-01,9.99963e-01,9.99925e-01
1.038719580e+01,0.00000e+00,0.00000e+00,3.51401e-02,9.99964e-01,9.99924e-01
1.043913178e+01,0.00000e+00,0.00000e+00,4.02910e-02,9.99965e-01,9.99923e-01
1.049132744e+01,0.00000e+00,0.00000e+00,1.45461e-01,9.99965e-01,9.99922e-01
1.054378408e+01,0.00000e+00,0.00000e+00,2.28198e-01,9.99966e-01,9.99921e-01
1.059650300e+01,0.00000e+00,0.00000e+00,2.11365e-01,9.99967e-01,9.99920e-01
1.064948551e+01,0.00000e+00,0.00000e+00,1.78834e-01,9.99967e-01,9.99919e-01
1.070273294e+01,0.00000e+00,0.00000e+00,8.78858e-02,9.99968e-01,9.99917e-01
1.075624661e+01,0.00000e+00,0.00000e+00,1.00952e-01,9.99969e-01,9.99915e-01
1.081002784e+01,0.00000e+00,0.00000e+00,1.06196e-01,9.99969e-01,9.99914e-01
1.086407798e+01,0.00000e+00,0.00000e+00,2.43877e-02,9.99970e-01,9.99913e-01
1.091839837e+01,0.00000e+00,0.00000e+00,5.13345e-03,9.99970e-01,9.99911e-01
1.097299036e+01,0.00000e+00,0.00000e+00,2.70126e-04,9.99971e-01,9.99909e-01
1.102785531e+01,0.00000e+00,0.00000e+00,1.16329e-04,9.99971e-01,9.99908e-01
1.108299459e+01,0.00000e+00,0.00000e+00,1.26781e-02,9.99972e-01,9.99907e-01
1.113840956e+01,0.00000e+00,0.00000e+00,8.37211e-02,9.99973e-01,9.99906e-01
1.119410161e+01,0.00000e+00,0.00000e+00,1.41829e-01,9.99973e-01,9.99905e-01
1.125007212e+01,0.00000e+00,0.00000e+00,6.96127e-02,9.99974e-01,9.99904e-01
1.130632248e+01,0.00000e+00,0.00000e+00,5.20130e-02,9.99974e-01,9.99902e-01
1.136285409e+01,0.00000e+00,0.00000e+00,1.07218e-01,9.99975e-01,9.99901e-01
1.141966836e+01,0.00000e+00,0.00000e+00,1.30394e-01,9.99975e-01,9.99900e-01
1.147676670e+01,0.00000e+00,0.00000e+00,8.34830e-02,9.99976e-01,9.99898e-01
1.153415054e+01,0.00000e+00,0.00000e+00,1.49540e-02,9.99976e-01,9.99897e-01
1.159182129e+01,0.00000e+00,0.00000e+00,4.08930e-03,9.99976e-01,9.99895e-01
1.164978039e+01,0.00000e+00,0.00000e+00,1.92738e-04,9.99977e-01,9.99894e-01
1.170802930e+01,0.00000e+00,0.00000e+00,2.03839e-05,9.99977e-01,9.99892e-01
1.176656944e+01,0.00000e+00,0.00000e+00,1.31805e-03,9.99978e-01,9.99891e-01
1.182540229e+01,0.00000e+00,0.00000e+00,1.29758e-02,9.99978e-01,9.99889e-01
1.188452930e+01,0.00000e+00,0.00000e+00,1.33417e-02,9.99979e-01,9.99888e-01
1.194395195e+01,0.00000e+00,0.00000e+00,2.37743e-02,9.99979e-01,9.99886e-01
1.200367171e+01,0.00000e+00,0.00000e+00,5.22566e-02,9.99979e-01,9.99884e-01
1.206369007e+01,0.00000e+00,0.00000e+00,1.68779e-02,9.99980e-01,9.99882e-01
1.212400852e+01,0.00000e+00,0.00000e+00,4.86526e-02,9.99980e-01,9.99880e-01
1.218462856e+01,0.00000e+00,0.00000e+00,4.58477e-02,9.99981e-01,9.99878e-01
1.224555170e+01,0.00000e+00,0.00000e+00,2.68780e-03,9.99981e-01,9.99876e-01
1.230677946e+01,0.00000e+00,0.00000e+00,4.79691e-04,9.99981e-01,9.99873e-01
1.236831336e+01,0.00000e+00,0.00000e+00,1.71259e-05,9.99982e-01,9.99871e-01
1.243015492e+01,0.00000e+00,0.00000e+00,9.10773e-08,9.99982e-01,9.99868e-01
1.249230570e+01,0.00000e+00,0.00000e+00,2.04562e-07,9.99982e-01,9.99865e-01
1.255476723e+01,0.00000e+00,0.00000e+00,1.65012e-06,9.99983e-01,9.99862e-01
1.261754106e+01,0.00000e+00,0.00000e+00,8.49687e-04,9.99983e-01,9.99859e-01
1.268062877e+01,0.00000e+00,0.00000e+00,5.45184e-03,9.99983e-01,9.99856e-01
1.274403191e+01,0.00000e+00,0.00000e+00,3.02088e-03,9.99984e-01,9.99853e-01
1.280775207e+01,0.00000e+00,0.00000e+00,1.00593e-02,9.99984e-01,9.99849e-01
1.287179083e+01,0.00000e+00,0.00000e+00,2.31433e-03,9.99984e-01,9.99845e-01
1.293614979e+01,0.00000e+00,0.00000e+00,4.46133e-03,9.99984e-01,9.99841e-01
1.300083054e+01,0.00000e+00,0.00000e+00,1.74825e-04,9.99985e-01,9.99838e-01
1.306583469e+01,0.00000e+00,0.00000e+00,1.37237e-04,9.99985e-01,9.99833e-01
1.313116386e+01,0.00000e+00,0.00000e+00,7.72408e-05,9.99985e-01,9.99829e-01
1.319681968e+01,0.00000e+00,0.00000e+00,3.23376e-05,9.99986e-01,9.99825e-01
1.326280378e+01,0.00000e+00,0.00000e+00,4.83854e-08,9.99986e-01,9.99820e-01
1.332911780e+01,0.00000e+00,0.00000e+00,5.83152e-08,9.99986e-01,9.99815e-01
1.339576339e+01,0.00000e+00,0.00000e+00,1.40885e-08,9.99986e-01,9.92634e-01
1.346274221e+01,0.00000e+00,0.00000e+00,2.50052e-12,9.99987e-01,9.91893e-01
1.353005592e+01,0.00000e+00,0.00000e+00,1.01496e-06,9.99987e-01,9.91077e-01
1.359770620e+01,0.00000e+00,0.00000e+00,4.12249e-06,9.99987e-01,9.90296e-01
1.366569473e+01,0.00000e+00,0.00000e+00,2.98060e-06,9.99987e-01,9.89443e-01
1.373402320e+01,0.00000e+00,0.00000e+00,1.13995e-04,9.99988e-01,9.88378e-01
1.380269332e+01,0.00000e+00,0.00000e+00,2.66461e-04,9.99988e-01,9.87360e-01
1.387170678e+01,0.00000e+00,0.00000e+00,1.53687e-05,9.99988e-01,9.86249e-01
1.394106532e+01,0.00000e+00,0.00000e+00,2.95091e-06,9.99988e-01,9.85044e-01
1.401077064e+01,0.00000e+00,0.00000e+00,1.67503e-07,9.99988e-01,9.83729e-01
1.408082450e+01,0.00000e+00,0.00000e+00,1.91559e-07,9.99989e-01,9.82304e-01
1.415122862e+01,0.00000e+00,0.00000e+00,1.43326e-10,9.99989e-01,9.80749e-01
1.422198476e+01,0.00000e+00,0.00000e+00,6.80843e-14,9.99989e-01,9.79068e-01
1.429309469e+01,0.00000e+00,0.00000e+00,3.48975e-13,9.99989e-01,9.77229e-01
1.436456016e+01,0.00000e+00,0.00000e+00,2.21258e-16,9.99989e-01,9.75239e-01
1.443638296e+01,0.00000e+00,0.00000e+00,1.33504e-18,9.99990e-01,9.73071e-01
1.450856487e+01,0.00000e+00,0.00000e+00,3.18315e-13,9.99990e-01,9.70719e-01
1.458110770e+01,0.00000e+00,0.00000e+00,1.78651e-09,9.99990e-01,9.68158e-01
1.465401324e+01,0.00000e+00,0.00000e+00,1.94777e-08,9.99990e-01,9.65388e-01
1.472728330e+01,0.00000e+00,0.00000e+00,2.25108e-08,9.99990e-01,9.62816e-01
1.480091972e+01,0.00000e+00,0.00000e+00,8.83706e-10,9.99991e-01,9.59578e-01
1.487492432e+01,0.00000e+00,0.00000e+00,8.28870e-16,9.99991e-01,9.56075e-01
1.494929894e+01,0.00000e+00,0.00000e+00,8.19545e-13,9.99991e-01,9.52265e-01
1.502404544e+01,0.00000e+00,0.00000e+00,1.87239e-10,9.99991e-01,9.48150e-01
1.509916566e+01,0.00000e+00,0.00000e+00,5.28422e-10,9.99991e-01,9.44333e-01
1.517466149e+01,0.00000e+00,0.00000e+00,3.51003e-11,9.99991e-01,9.40251e-01
1.525053480e+01,0.00000e+00,0.00000e+00,7.04063e-10,9.99991e-01,9.35106e-01
1.532678747e+01,0.00000e+00,0.00000e+00,5.80543e-12,9.99992e-01,9.29566e-01
1.540342141e+01,0.00000e+00,0.00000e+00,1.32669e-14,9.99992e-01,9.24441e-01
1.548043852e+01,0.00000e+00,0.00000e+00,2.99948e-16,9.99992e-01,9.18959e-01
1.555784071e+01,0.00000e+00,0.00000e+00,1.18702e-20,9.99992e-01,9.12076e-01
1.563562991e+01,0.00000e+00,0.00000e+00,6.91901e-30,9.99992e-01,9.04670e-01
1.571380806e+01,0.00000e+00,0.00000e+00,1.94110e-30,9.99992e-01,8.97844e-01
1.579237710e+01,0.00000e+00,0.00000e+00,2.29304e-22,9.99992e-01,8.90548e-01
1.587133899e+01,0.00000e+00,0.00000e+00,4.48280e-19,9.99993e-01,8.82774e-01
1.595069568e+01,0.00000e+00,0.00000e+00,3.35363e-21,9.99993e-01,8.74490e-01
1.603044916e+01,0.00000e+00,0.00000e+00,1.56540e-28,9.99993e-01,8.64124e-01
1.611060141e+01,0.00000e+00,0.00000e+00,7.38169e-28,9.99993e-01,8.53022e-01
1.619115441e+01,0.00000e+00,0.00000e+00,8.61535e-27,9.99993e-01,8.42826e-01
1.627211019e+01,0.00000e+00,0.00000e+00,3.83276e-30,9.99993e-01,8.32005e-01
1.635347074e+01,0.00000e+00,0.00000e+00,1.73152e-27,9.99993e-01,8.20523e-01
1.643523809e+01,0.00000e+00,0.00000e+00,5.34619e-28,9.99993e-01,8.08347e-01
1.651741428e+01,0.00000e+00,0.00000e+00,4.24485e-30,9.99994e-01,7.95446e-01
1.660000135e+01,0.00000e+00,0.00000e+00,1.02963e-37,9.99994e-01,7.81863e-01
1.668300136e+01,0.00000e+00,0.00000e+00,1.11277e-38,9.99994e-01,7.67450e-01
1.676641637e+01,0.00000e+00,0.00000e+00,5.07002e-34,9.99994e-01,7.52264e-01
1.685024845e+01,0.00000e+00,0.00000e+00,3.61871e-35,9.99994e-01,7.36260e-01
1.693449969e+01,0.00000e+00,0.00000e+00,2.30622e-43,9.99994e-01,7.19447e-01
1.701917219e+01,0.00000e+00,0.00000e+00,1.31172e-46,9.99994e-01,7.01794e-01
1.710426805e+01,0.00000e+00,0.00000e+00,1.29513e-59,9.99994e-01,6.83301e-01
1.718978939e+01,0.00000e+00,0.00000e+00,6.27735e-65,9.99994e-01,6.67255e-01
1.727573834e+01,0.00000e+00,0.00000e+00,2.27835e-66,9.99994e-01,6.50593e-01
1.736211703e+01,0.00000e+00,0.00000e+00,3.38531e-71,9.99995e-01,6.29872e-01
1.744892761e+01,0.00000e+00,0.00000e+00,2.79097e-61,9.99995e-01,6.08280e-01
1.753617225e+01,0.00000e+00,0.00000e+00,3.37274e-49,9.99995e-01,5.85924e-01
1.762385311e+01,0.00000e+00,0.00000e+00,4.30714e-48,9.99995e-01,5.62814e-01
1.771197238e+01,0.00000e+00,0.00000e+00,1.63058e-51,9.99995e-01,5.38972e-01
1.780053224e+01,0.00000e+00,0.00000e+00,1.29298e-55,9.99995e-01,5.18624e-01
1.788953490e+01,0.00000e+00,0.00000e+00,2.24982e-60,9.99995e-01,4.97822e-01
1.797898258e+01,0.00000e+00,0.00000e+00,1.12551e-68,9.99995e-01,4.72354e-01
1.806887749e+01,0.00000e+00,0.00000e+00,2.60494e-70,9.99995e-01,4.46441e-01
1.815922188e+01,0.00000e+00,0.00000e+00,1.87152e-93,9.99995e-01,4.24595e-01
1.825001799e+01,0.00000e+00,0.00000e+00,3.76061e-70,9.99995e-01,4.02522e-01
1.834126808e+01,0.00000e+00,0.00000e+00,1.19227e-67,9.99995e-01,3.75919e-01
1.843297442e+01,0.00000e+00,0.00000e+00,3.01705e-68,9.99995e-01,3.49298e-01
1.852513929e+01,0.00000e+00,0.00000e+00,2.47364e-91,9.99996e-01,3.27223e-01
1.861776499e+01,0.00000e+00,0.00000e+00,1.85991e-110,9.99996e-01,3.05225e-01
1.871085381e+01,0.00000e+00,0.00000e+00,5.47560e-87,9.99996e-01,2.79218e-01
1.880440808e+01,0.00000e+00,0.00000e+00,8.96509e-74,9.99996e-01,2.57980e-01
1.889843012e+01,0.00000e+00,0.00000e+00,1.29557e-75,9.99996e-01,2.37121e-01
1.899292227e+01,0.00000e+00,0.00000e+00,2.16019e-102,9.99996e-01,2.12888e-01
1.908788688e+01,0.00000e+00,0.00000e+00,2.33520e-99,9.99996e-01,1.93442e-01
1.918332632e+01,0.00000e+00,0.00000e+00,6.69761e-100,9.99996e-01,1.74660e-01
1.927924295e+01,0.00000e+00,0.00000e+00,2.76157e-123,9.99996e-01,1.56790e-01
1.937563916e+01,0.00000e+00,0.00000e+00,1.86479e-191,9.99996e-01,1.39735e-01
1.947251736e+01,0.00000e+00,0.00000e+00,4.05645e-195,9.99996e-01,1.23728e-01
1.956987994e+01,0.00000e+00,0.00000e+00,7.98357e-187,9.99996e-01,1.08693e-01
1.966772934e+01,0.00000e+00,0.00000e+00,1.12170e-153,9.99996e-01,9.20628e-02
1.976606799e+01,0.00000e+00,0.00000e+00,1.08492e-150,9.99996e-01,7.94572e-02
1.986489833e+01,0.00000e+00,0.00000e+00,1.81795e-160,9.99996e-01,6.79246e-02
1.996422282e+01,0.00000e+00,0.00000e+00,5.57150e-150,9.99996e-01,5.75680e-02
