#,Wave/freq,Total,O2,CO2,Rayleigh,CIA
4.000000000e-01,3.53614e-05,9.99999e-01,9.99999e-01,3.53614e-05,9.99999e-01
4.020000000e-01,4.33058e-05,9.99999e-01,9.99999e-01,4.33058e-05,9.99999e-01
4.040100000e-01,5.28123e-05,9.99999e-01,9.99999e-01,5.28123e-05,9.99999e-01
4.060300500e-01,6.41537e-05,9.99999e-01,9.99999e-01,6.41537e-05,9.99999e-01
4.080602003e-01,7.76318e-05,9.99999e-01,9.99999e-01,7.76318e-05,9.99999e-01
4.101005013e-01,9.35883e-05,9.99999e-01,9.99999e-01,9.35883e-05,9.99999e-01
4.121510038e-01,1.12409e-04,9.99999e-01,9.99999e-01,1.12409e-04,9.99999e-01
4.142117588e-01,1.34526e-04,9.99999e-01,9.99999e-01,1.34526e-04,9.99999e-01
4.162828176e-01,1.60425e-04,9.99999e-01,9.99999e-01,1.60425e-04,9.99999e-01
4.183642317e-01,1.90646e-04,9.99999e-01,9.99999e-01,1.90646e-04,9.99999e-01
4.204560528e-01,2.25789e-04,9.99999e-01,9.99999e-01,2.25789e-04,9.99999e-01
4.225583331e-01,2.66517e-04,9.99999e-01,9.99999e-01,2.66517e-04,9.99999e-01
4.246711247e-01,3.13564e-04,9.99999e-01,9.99999e-01,3.13564e-04,9.99999e-01
4.267944804e-01,3.67733e-04,9.99999e-01,9.99999e-01,3.67733e-04,9.99999e-01
4.289284528e-01,4.29904e-04,9.99999e-01,9.99999e-01,4.29904e-04,9.99999e-01
4.310730950e-01,5.01038e-04,9.99999e-01,9.99999e-01,5.01038e-04,9.99999e-01
4.332284605e-01,5.82179e-04,9.99999e-01,9.99999e-01,5.82179e-04,9.99999e-01
4.353946028e-01,6.74458e-04,9.99999e-01,9.99999e-01,6.74458e-04,9.99999e-01
4.375715758e-01,7.79096e-04,9.99999e-01,9.99999e-01,7.79096e-04,9.99999e-01
4.397594337e-01,8.97407e-04,9.99999e-01,9.99999e-01,8.97407e-04,9.99999e-01
4.419582309e-01,1.03080e-03,9.99999e-01,9.99999e-01,1.03080e-03,9.99999e-01
4.441680220e-01,1.18079e-03,9.99999e-01,9.99999e-01,1.18079e-03,9.99999e-01
4.463888621e-01,1.34898e-03,9.99999e-01,9.99999e-01,1.34898e-03,9.99999e-01
4.486208064e-01,1.53707e-03,9.99999e-01,9.99999e-01,1.53707e-03,9.99999e-01
4.508639105e-01,1.74688e-03,9.99999e-01,9.99999e-01,1.74688e-03,9.99999e-01
4.531182300e-01,1.98032e-03,9.99999e-01,9.99999e-01,1.98032e-03,9.99999e-01
4.553838212e-01,2.23940e-03,9.99999e-01,9.99999e-01,2.23940e-03,9.99999e-01
4.576607403e-01,2.52623e-03,9.99999e-01,9.99999e-01,2.52623e-03,9.99999e-01
4.599490440e-01,2.84303e-03,9.99999e-01,9.99999e-01,2.84303e-03,9.99999e-01
4.622487892e-01,3.19209e-03,9.99999e-01,9.99999e-01,3.19209e-03,9.99999e-01
4.645600332e-01,3.57582e-03,9.99999e-01,9.99999e-01,3.57582e-03,9.99999e-01
4.668828333e-01,3.99671e-03,9.99999e-01,9.99999e-01,3.99671e-03,9.99999e-01
4.692172475e-01,4.45733e-03,9.99999e-01,9.99999e-01,4.45733e-03,9.99999e-01
4.715633337e-01,4.96034e-03,9.99999e-01,9.99999e-01,4.96034e-03,9.99999e-01
4.739211504e-01,5.50847e-03,9.99999e-01,9.99999e-01,5.50847e-03,9.99999e-01
4.762907561e-01,6.10452e-03,9.99999e-01,9.99999e-01,6.10452e-03,9.99999e-01
4.786722099e-01,6.75134e-03,9.99999e-01,9.99999e-01,6.75134e-03,9.99999e-01
4.810655710e-01,7.45187e-03,9.99999e-01,9.99999e-01,7.45187e-03,9.99999e-01
4.834708988e-01,8.20905e-03,9.99999e-01,9.99999e-01,8.20905e-03,9.99999e-01
4.858882533e-01,9.02591e-03,9.99999e-01,9.99999e-01,9.02591e-03,9.99999e-01
4.883176946e-01,9.90547e-03,9.99999e-01,9.99999e-01,9.90547e-03,9.99999e-01
4.907592831e-01,1.08508e-02,9.99999e-01,9.99999e-01,1.08508e-02,9.99999e-01
4.932130795e-01,1.18650e-02,9.99999e-01,9.99999e-01,1.18650e-02,9.99999e-01
4.956791449e-01,1.29510e-02,9.99999e-01,9.99999e-01,1.29510e-02,9.99999e-01
4.981575406e-01,1.41121e-02,9.99999e-01,9.99999e-01,1.41121e-02,9.99999e-01
5.006483283e-01,1.53511e-02,9.99999e-01,9.99999e-01,1.53511e-02,9.99999e-01
5.031515699e-01,1.66713e-02,9.99999e-01,9.99999e-01,1.66713e-02,9.99999e-01
5.056673278e-01,1.80755e-02,9.99999e-01,9.99999e-01,1.80755e-02,9.99999e-01
5.081956644e-01,1.95666e-02,9.99999e-01,9.99999e-01,1.95666e-02,9.99999e-01
5.107366428e-01,2.11477e-02,9.99999e-01,9.99999e-01,2.11477e-02,9.99999e-01
5.132903260e-01,2.28215e-02,9.99999e-01,9.99999e-01,2.28215e-02,9.99999e-01
5.158567776e-01,2.45907e-02,9.99999e-01,9.99999e-01,2.45907e-02,9.99999e-01
5.184360615e-01,2.64580e-02,9.99999e-01,9.99999e-01,2.64580e-02,9.99999e-01
5.210282418e-01,2.84259e-02,9.99999e-01,9.99999e-01,2.84259e-02,9.99999e-01
5.236333830e-01,3.04970e-02,9.99999e-01,9.99999e-01,3.04970e-02,9.99999e-01
5.262515499e-01,3.26736e-02,9.99999e-01,9.99999e-01,3.26736e-02,9.99999e-01
5.288828077e-01,3.49579e-02,9.99999e-01,9.99999e-01,3.49579e-02,9.99999e-01
5.315272217e-01,3.73520e-02,9.99999e-01,9.99999e-01,3.73520e-02,9.99999e-01
5.341848578e-01,3.98579e-02,9.99999e-01,9.99999e-01,3.98579e-02,9.99999e-01
5.368557821e-01,4.24774e-02,9.99999e-01,9.99999e-01,4.24774e-02,9.99999e-01
5.395400610e-01,4.52121e-02,9.99999e-01,9.99999e-01,4.52121e-02,9.99999e-01
5.422377613e-01,4.80637e-02,9.99999e-01,9.99999e-01,4.80637e-02,9.99999e-01
5.449489501e-01,5.10334e-02,9.99999e-01,9.99999e-01,5.10334e-02,9.99999e-01
5.476736949e-01,5.41225e-02,9.99999e-01,9.99999e-01,5.41225e-02,9.99999e-01
5.504120634e-01,5.73319e-02,9.99999e-01,9.99999e-01,5.73319e-02,9.99999e-01
5.531641237e-01,6.06626e-02,9.99999e-01,9.99999e-01,6.06626e-02,9.99999e-01
5.559299443e-01,6.41153e-02,9.99999e-01,9.99999e-01,6.41153e-02,9.99999e-01
5.587095940e-01,6.76904e-02,9.99999e-01,9.99999e-01,6.76904e-02,9.99999e-01
5.615031420e-01,7.13883e-02,9.99999e-01,9.99999e-01,7.13883e-02,9.99999e-01
5.643106577e-01,7.52092e-02,9.99999e-01,9.99999e-01,7.52092e-02,9.99999e-01
5.671322110e-01,7.91530e-02,9.99999e-01,9.99999e-01,7.91530e-02,9.99999e-01
5.699678720e-01,8.32195e-02,9.99999e-01,9.99999e-01,8.32195e-02,9.99999e-01
5.728177114e-01,8.74084e-02,9.99999e-01,9.99999e-01,8.74084e-02,9.99999e-01
5.756818000e-01,9.17192e-02,9.99999e-01,9.99999e-01,9.17192e-02,9.99999e-01
5.785602090e-01,9.61511e-02,9.99999e-01,9.99999e-01,9.61511e-02,9.99999e-01
5.814530100e-01,1.00703e-01,9.99999e-01,9.99999e-01,1.00703e-01,9.99999e-01
5.843602750e-01,1.05375e-01,9.99999e-01,9.99999e-01,1.05375e-01,9.99999e-01
5.872820764e-01,1.10164e-01,9.99999e-01,9.99999e-01,1.10164e-01,9.99999e-01
5.902184868e-01,1.15070e-01,9.99999e-01,9.99999e-01,1.15070e-01,9.99999e-01
5.931695792e-01,1.20091e-01,9.99999e-01,9.99999e-01,1.20091e-01,9.99999e-01
5.961354271e-01,1.25225e-01,9.99999e-01,9.99999e-01,1.25225e-01,9.99999e-01
5.991161043e-01,1.30471e-01,9.99999e-01,9.99999e-01,1.30471e-01,9.99999e-01
6.021116848e-01,1.35827e-01,9.99999e-01,9.99999e-01,1.35827e-01,9.99999e-01
6.051222432e-01,1.41290e-01,9.99999e-01,9.99999e-01,1.41290e-01,9.99999e-01
6.081478544e-01,1.46858e-01,9.99999e-01,9.99999e-01,1.46858e-01,9.99999e-01
6.111885937e-01,1.52530e-01,9.99999e-01,9.99999e-01,1.52530e-01,9.99999e-01
6.142445367e-01,1.58301e-01,9.99999e-01,9.99999e-01,1.58301e-01,9.99999e-01
6.173157594e-01,1.64171e-01,9.99999e-01,9.99999e-01,1.64171e-01,9.99999e-01
6.204023382e-01,1.70136e-01,9.99999e-01,9.99999e-01,1.70136e-01,9.99999e-01
6.235043498e-01,1.76194e-01,9.99999e-01,9.99999e-01,1.76194e-01,9.99999e-01
6.266218716e-01,1.82341e-01,9.99999e-01,9.99999e-01,1.82341e-01,9.99999e-01
6.297549810e-01,1.88575e-01,9.99999e-01,9.99999e-01,1.88575e-01,9.99999e-01
6.329037559e-01,1.94892e-01,9.99999e-01,9.99999e-01,1.94892e-01,9.99999e-01
6.360682746e-01,2.01290e-01,9.99999e-01,9.99999e-01,2.01290e-01,9.99999e-01
6.392486160e-01,2.07766e-01,9.99999e-01,9.99999e-01,2.07766e-01,9.99999e-01
6.424448591e-01,2.14315e-01,9.99999e-01,9.99999e-01,2.14315e-01,9.99999e-01
6.456570834e-01,2.20936e-01,9.99999e-01,9.99999e-01,2.20936e-01,9.99999e-01
6.488853688e-01,2.27625e-01,9.99999e-01,9.99999e-01,2.27625e-01,9.99999e-01
6.521297956e-01,2.34377e-01,9.99999e-01,9.99999e-01,2.34377e-01,9.99999e-01
6.553904446e-01,2.41191e-01,9.99999e-01,9.99999e-01,2.41191e-01,9.99999e-01
6.586673968e-01,2.48063e-01,9.99999e-01,9.99999e-01,2.48063e-01,9.99999e-01
6.619607338e-01,2.54988e-01,9.99999e-01,9.99999e-01,2.54988e-01,9.99999e-01
6.652705375e-01,2.61965e-01,9.99999e-01,9.99999e-01,2.61965e-01,9.99999e-01
6.685968902e-01,2.68989e-01,9.99999e-01,9.99999e-01,2.68989e-01,9.99999e-01
6.719398746e-01,2.76057e-01,9.99999e-01,9.99999e-01,2.76057e-01,9.99999e-01
6.752995740e-01,2.83165e-01,9.99999e-01,9.99999e-01,2.83165e-01,9.99999e-01
6.786760719e-01,2.90311e-01,9.99999e-01,9.99999e-01,2.90311e-01,9.99999e-01
6.820694522e-01,2.97491e-01,9.99999e-01,9.99999e-01,2.97491e-01,9.99999e-01
6.854797995e-01,3.04701e-01,9.99999e-01,9.99999e-01,3.04701e-01,9.99999e-01
6.889071985e-01,3.11938e-01,9.99999e-01,9.99999e-01,3.11938e-01,9.99999e-01
6.923517345e-01,3.19199e-01,9.99999e-01,9.99999e-01,3.19199e-01,9.99999e-01
6.958134932e-01,3.26481e-01,9.99999e-01,9.99999e-01,3.26481e-01,9.99999e-01
6.992925606e-01,3.33780e-01,9.99999e-01,9.99999e-01,3.33780e-01,9.99999e-01
7.027890234e-01,3.41093e-01,9.99999e-01,9.99999e-01,3.41093e-01,9.99999e-01
7.063029686e-01,3.48417e-01,9.99999e-01,9.99999e-01,3.48417e-01,9.99999e-01
7.098344834e-01,3.55750e-01,9.99999e-01,9.99999e-01,3.55750e-01,9.99999e-01
7.133836558e-01,3.63087e-01,9.99999e-01,9.99999e-01,3.63087e-01,9.99999e-01
7.169505741e-01,3.70426e-01,9.99999e-01,9.99999e-01,3.70426e-01,9.99999e-01
7.205353270e-01,3.77764e-01,9.99999e-01,9.99999e-01,3.77764e-01,9.99999e-01
7.241380036e-01,3.85098e-01,9.99999e-01,9.99999e-01,3.85098e-01,9.99999e-01
7.277586936e-01,3.92426e-01,9.99999e-01,9.99999e-01,3.92426e-01,9.99999e-01
7.313974871e-01,3.99744e-01,9.99999e-01,9.99999e-01,3.99744e-01,9.99999e-01
7.350544745e-01,4.07050e-01,9.99999e-01,9.99999e-01,4.07050e-01,9.99999e-01
7.387297469e-01,4.14341e-01,9.99999e-01,9.99999e-01,4.14341e-01,9.99999e-01
7.424233956e-01,4.21615e-01,9.99999e-01,9.99999e-01,4.21615e-01,9.99999e-01
7.461355126e-01,4.28869e-01,9.99999e-01,9.99999e-01,4.28869e-01,9.99999e-01
7.498661902e-01,4.36101e-01,9.99999e-01,9.99999e-01,4.36101e-01,9.99999e-01
7.536155211e-01,4.43309e-01,9.99999e-01,9.99999e-01,4.43309e-01,9.99999e-01
7.573835987e-01,4.50490e-01,9.99999e-01,9.99999e-01,4.50490e-01,9.99999e-01
7.611705167e-01,4.57642e-01,9.99999e-01,9.99999e-01,4.57642e-01,9.99999e-01
7.649763693e-01,4.64762e-01,9.99999e-01,9.99999e-01,4.64762e-01,9.99999e-01
7.688012511e-01,4.71850e-01,9.99999e-01,9.99999e-01,4.71850e-01,9.99999e-01
7.726452574e-01,4.78902e-01,9.99999e-01,9.99999e-01,4.78902e-01,9.99999e-01
7.765084837e-01,4.85918e-01,9.99999e-01,9.99999e-01,4.85918e-01,9.99999e-01
7.803910261e-01,4.76198e-01,9.99999e-01,9.66125e-01,4.92895e-01,9.99999e-01
7.842929812e-01,4.30529e-01,9.99999e-01,8.61349e-01,4.99831e-01,9.99999e-01
7.882144461e-01,4.31689e-01,9.99999e-01,8.51920e-01,5.06725e-01,9.99999e-01
7.921555184e-01,4.67759e-01,9.99999e-01,9.10790e-01,5.13574e-01,9.99999e-01
7.961162960e-01,4.88918e-01,9.99999e-01,9.39541e-01,5.20379e-01,9.99999e-01
8.000968774e-01,5.09604e-01,9.99999e-01,9.66739e-01,5.27137e-01,9.99999e-01
8.040973618e-01,5.24590e-01,9.99999e-01,9.82660e-01,5.33846e-01,9.99999e-01
8.081178486e-01,5.36177e-01,9.99999e-01,9.91991e-01,5.40505e-01,9.99999e-01
8.121584379e-01,5.45762e-01,9.99999e-01,9.97529e-01,5.47114e-01,9.99999e-01
8.162192301e-01,5.53368e-01,9.99999e-01,9.99453e-01,5.53671e-01,9.99999e-01
8.203003262e-01,5.60170e-01,9.99999e-01,9.99991e-01,5.60174e-01,9.99999e-01
8.244018279e-01,5.66623e-01,9.99999e-01,9.99999e-01,5.66623e-01,9.99999e-01
8.285238370e-01,5.73017e-01,9.99999e-01,9.99999e-01,5.73017e-01,9.99999e-01
8.326664562e-01,5.79354e-01,9.99999e-01,9.99999e-01,5.79354e-01,9.99999e-01
8.368297885e-01,5.85634e-01,9.99999e-01,9.99999e-01,5.85634e-01,9.99999e-01
8.410139374e-01,5.91856e-01,9.99999e-01,9.99999e-01,5.91856e-01,9.99999e-01
8.452190071e-01,5.98020e-01,9.99999e-01,9.99999e-01,5.98020e-01,9.99999e-01
8.494451021e-01,6.04124e-01,9.99999e-01,9.99999e-01,6.04124e-01,9.99999e-01
8.536923276e-01,6.10168e-01,9.99999e-01,9.99999e-01,6.10168e-01,9.99999e-01
8.579607893e-01,6.16151e-01,9.99999e-01,9.99999e-01,6.16151e-01,9.99999e-01
8.622505932e-01,6.22073e-01,9.99999e-01,9.99999e-01,6.22073e-01,9.99999e-01
8.665618462e-01,5.80836e-01,9.99999e-01,9.24996e-01,6.27933e-01,9.99999e-01
8.708946554e-01,4.33349e-01,9.99999e-01,6.83804e-01,6.33731e-01,9.99999e-01
8.752491287e-01,4.71057e-01,9.99999e-01,7.36640e-01,6.39467e-01,9.99999e-01
8.796253743e-01,5.45498e-01,9.99999e-01,8.45549e-01,6.45140e-01,9.99999e-01
8.840235012e-01,5.96532e-01,9.99999e-01,9.16685e-01,6.50749e-01,9.99999e-01
8.884436187e-01,6.34211e-01,9.99999e-01,9.66350e-01,6.56295e-01,9.99999e-01
8.928858368e-01,6.52662e-01,9.99999e-01,9.86225e-01,6.61777e-01,9.99999e-01
8.973502660e-01,6.64958e-01,9.99999e-01,9.96646e-01,6.67196e-01,9.99999e-01
9.018370173e-01,6.72301e-01,9.99999e-01,9.99630e-01,6.72550e-01,9.99999e-01
9.063462024e-01,6.71348e-01,9.99999e-01,9.90421e-01,6.77840e-01,9.99999e-01
9.108779334e-01,6.68269e-01,9.99999e-01,9.78335e-01,6.83067e-01,9.99999e-01
9.154323231e-01,6.84715e-01,9.99999e-01,9.94893e-01,6.88229e-01,9.99999e-01
9.200094847e-01,6.43047e-01,9.99999e-01,9.27479e-01,6.93327e-01,9.99999e-01
9.246095321e-01,6.27329e-01,9.99999e-01,8.98287e-01,6.98361e-01,9.99999e-01
9.292325798e-01,6.46403e-01,9.99999e-01,9.19059e-01,7.03331e-01,9.99999e-01
9.338787427e-01,6.52955e-01,9.99999e-01,9.21943e-01,7.08237e-01,9.99999e-01
9.385481364e-01,6.71736e-01,9.99999e-01,9.42020e-01,7.13079e-01,9.99999e-01
9.432408771e-01,6.92115e-01,9.99999e-01,9.64137e-01,7.17858e-01,9.99999e-01
9.479570815e-01,7.09152e-01,9.99999e-01,9.81424e-01,7.22574e-01,9.99999e-01
9.526968669e-01,7.20688e-01,9.99999e-01,9.91008e-01,7.27227e-01,9.99999e-01
9.574603512e-01,7.28997e-01,9.99999e-01,9.96147e-01,7.31816e-01,9.99999e-01
9.622476530e-01,7.35458e-01,9.99999e-01,9.98797e-01,7.36344e-01,9.99999e-01
9.670588912e-01,7.40542e-01,9.99999e-01,9.99639e-01,7.40809e-01,9.99999e-01
9.718941857e-01,7.45193e-01,9.99999e-01,9.99974e-01,7.45212e-01,9.99999e-01
9.767536566e-01,7.49553e-01,9.99999e-01,9.99999e-01,7.49553e-01,9.99999e-01
9.816374249e-01,7.53833e-01,9.99999e-01,9.99999e-01,7.53833e-01,9.99999e-01
9.865456120e-01,7.58053e-01,9.99999e-01,9.99999e-01,7.58053e-01,9.99999e-01
9.914783401e-01,7.62212e-01,9.99999e-01,9.99999e-01,7.62212e-01,9.99999e-01
9.964357318e-01,7.66311e-01,9.99999e-01,9.99999e-01,7.66311e-01,9.99999e-01
1.001417910e+00,7.70350e-01,9.99999e-01,9.99999e-01,7.70350e-01,9.99999e-01
1.006425000e+00,7.74331e-01,9.99999e-01,9.99999e-01,7.74331e-01,9.99999e-01
1.011457125e+00,7.78252e-01,9.99999e-01,9.99999e-01,7.78252e-01,9.99999e-01
1.016514411e+00,7.82116e-01,9.99999e-01,9.99999e-01,7.82116e-01,9.99999e-01
1.021596983e+00,7.85880e-01,9.99999e-01,9.99946e-01,7.85922e-01,9.99999e-01
1.026704968e+00,7.86711e-01,9.99999e-01,9.96251e-01,7.89670e-01,9.99999e-01
1.031838492e+00,7.57484e-01,9.99999e-01,9.54776e-01,7.93362e-01,9.99999e-01
1.036997685e+00,1.22304e-01,9.99999e-01,1.53456e-01,7.96998e-01,9.99999e-01
1.042182673e+00,9.82150e-02,9.99999e-01,1.22680e-01,8.00578e-01,9.99999e-01
1.047393587e+00,1.15200e-01,9.99999e-01,1.43266e-01,8.04103e-01,9.99999e-01
1.052630555e+00,3.32403e-03,9.99999e-01,4.11607e-03,8.07573e-01,9.99999e-01
1.057893707e+00,8.49188e-03,9.99999e-01,1.04710e-02,8.10990e-01,9.99999e-01
1.063183176e+00,2.82030e-02,9.99999e-01,3.46324e-02,8.14353e-01,9.99999e-01
1.068499092e+00,7.88251e-02,9.99999e-01,9.64029e-02,8.17663e-01,9.99999e-01
1.073841587e+00,1.87426e-01,9.99999e-01,2.28312e-01,8.20920e-01,9.99999e-01
1.079210795e+00,3.23438e-01,9.99999e-01,3.92461e-01,8.24126e-01,9.99999e-01
1.084606849e+00,4.94528e-01,9.99999e-01,5.97774e-01,8.27281e-01,9.99999e-01
1.090029883e+00,6.35657e-01,9.99999e-01,7.65496e-01,8.30385e-01,9.99999e-01
1.095480033e+00,7.30674e-01,9.99999e-01,8.76696e-01,8.33439e-01,9.99999e-01
1.100957433e+00,7.85057e-01,9.99999e-01,9.38564e-01,8.36444e-01,9.99999e-01
1.106462220e+00,8.17692e-01,9.99999e-01,9.74138e-01,8.39400e-01,9.99999e-01
1.111994531e+00,8.34168e-01,9.99999e-01,9.90335e-01,8.42308e-01,9.99999e-01
1.117554504e+00,8.43171e-01,9.99999e-01,9.97637e-01,8.45168e-01,9.99999e-01
1.123142276e+00,8.47850e-01,9.99999e-01,9.99844e-01,8.47981e-01,9.99999e-01
1.128757988e+00,8.50747e-01,9.99999e-01,9.99999e-01,8.50747e-01,9.99999e-01
1.134401778e+00,8.53468e-01,9.99999e-01,9.99999e-01,8.53468e-01,9.99999e-01
1.140073787e+00,8.56143e-01,9.99999e-01,9.99999e-01,8.56143e-01,9.99999e-01
1.145774156e+00,8.58774e-01,9.99999e-01,9.99999e-01,8.58774e-01,9.99999e-01
1.151503026e+00,8.61360e-01,9.99999e-01,9.99999e-01,8.61360e-01,9.99999e-01
1.157260541e+00,8.63903e-01,9.99999e-01,9.99999e-01,8.63903e-01,9.99999e-01
1.163046844e+00,8.66403e-01,9.99999e-01,9.99999e-01,8.66403e-01,9.99999e-01
1.168862078e+00,8.68861e-01,9.99999e-01,9.99999e-01,8.68861e-01,9.99999e-01
1.174706389e+00,8.71277e-01,9.99999e-01,9.99999e-01,8.71277e-01,9.99999e-01
1.180579921e+00,8.73651e-01,9.99999e-01,9.99999e-01,8.73651e-01,9.99999e-01
1.186482820e+00,8.75979e-01,9.99999e-01,9.99992e-01,8.75985e-01,9.99999e-01
1.192415234e+00,8.66562e-01,9.99999e-01,9.86658e-01,8.78279e-01,9.99999e-01
1.198377311e+00,4.94294e-01,9.99999e-01,5.61357e-01,8.80534e-01,9.99999e-01
1.204369197e+00,3.87292e-11,9.99999e-01,4.38733e-11,8.82749e-01,9.99999e-01
1.210391043e+00,1.94467e-40,9.99999e-01,2.19754e-40,8.84927e-01,9.99999e-01
1.216442998e+00,3.37083e-35,9.99999e-01,3.79997e-35,8.87066e-01,9.99999e-01
1.222525213e+00,1.08062e-34,9.99999e-01,1.21531e-34,8.89168e-01,9.99999e-01
1.228637839e+00,7.16811e-27,9.99999e-01,8.04289e-27,8.91234e-01,9.99999e-01
1.234781029e+00,1.91364e-17,9.99999e-01,2.14230e-17,8.93263e-01,9.99999e-01
1.240954934e+00,8.86184e-12,9.99999e-01,9.89864e-12,8.95257e-01,9.99999e-01
1.247159708e+00,1.41200e-06,9.99999e-01,1.57376e-06,8.97216e-01,9.99999e-01
1.253395507e+00,3.06317e-04,9.99999e-01,3.40677e-04,8.99140e-01,9.99999e-01
1.259662485e+00,9.24905e-03,9.99999e-01,1.02650e-02,9.01030e-01,9.99999e-01
1.265960797e+00,6.40062e-02,9.99999e-01,7.08906e-02,9.02887e-01,9.99999e-01
1.272290601e+00,2.95035e-01,9.99999e-01,3.26109e-01,9.04710e-01,9.99999e-01
1.278652054e+00,2.51207e-01,9.99999e-01,2.77117e-01,9.06502e-01,9.99999e-01
1.285045314e+00,5.10049e-03,9.99999e-01,5.61566e-03,9.08261e-01,9.99999e-01
1.291470541e+00,1.98574e-05,9.99999e-01,2.18216e-05,9.09989e-01,9.99999e-01
1.297927893e+00,8.98213e-03,9.99999e-01,9.85221e-03,9.11686e-01,9.99999e-01
1.304417533e+00,1.18705e-01,9.99999e-01,1.29967e-01,9.13352e-01,9.99999e-01
1.310939621e+00,2.84392e-02,9.99999e-01,3.10814e-02,9.14989e-01,9.99999e-01
1.317494319e+00,2.28676e-14,9.99999e-01,2.49484e-14,9.16596e-01,9.99999e-01
1.324081790e+00,5.79512e-10,9.99999e-01,6.31156e-10,9.18174e-01,9.99999e-01
1.330702199e+00,6.80719e-06,9.99999e-01,7.40133e-06,9.19724e-01,9.99999e-01
1.337355710e+00,8.83775e-06,9.99999e-01,9.59326e-06,9.21245e-01,9.99999e-01
1.344042489e+00,2.64570e-06,9.99999e-01,2.86722e-06,9.22739e-01,9.99999e-01
1.350762701e+00,4.28572e-06,9.99999e-01,4.63719e-06,9.24206e-01,9.99999e-01
1.357516515e+00,3.56371e-04,9.99999e-01,3.84997e-04,9.25646e-01,9.99999e-01
1.364304097e+00,5.50839e-03,9.99999e-01,5.94178e-03,9.27059e-01,9.99999e-01
1.371125618e+00,6.42556e-02,9.99999e-01,6.92076e-02,9.28447e-01,9.99999e-01
1.377981246e+00,1.03700e-01,9.99999e-01,1.11528e-01,9.29810e-01,9.99999e-01
1.384871152e+00,2.59896e-01,9.99999e-01,2.79114e-01,9.31147e-01,9.99999e-01
1.391795508e+00,2.86846e-01,9.99999e-01,3.07622e-01,9.32460e-01,9.99999e-01
1.398754485e+00,4.50910e-01,9.99999e-01,4.82902e-01,9.33749e-01,9.99999e-01
1.405748258e+00,5.47282e-01,9.99999e-01,5.85319e-01,9.35014e-01,9.99999e-01
1.412776999e+00,6.67525e-01,9.99999e-01,7.12972e-01,9.36256e-01,9.99999e-01
1.419840884e+00,5.99413e-01,9.99999e-01,6.39390e-01,9.37475e-01,9.99999e-01
1.426940089e+00,5.54094e-02,9.99999e-01,5.90296e-02,9.38671e-01,9.99999e-01
1.434074789e+00,0.00000e+00,9.99999e-01,0.00000e+00,9.39846e-01,9.99999e-01
1.441245163e+00,0.00000e+00,9.99999e-01,0.00000e+00,9.40998e-01,9.99999e-01
1.448451389e+00,0.00000e+00,9.99999e-01,0.00000e+00,9.42129e-01,9.99999e-01
1.455693646e+00,0.00000e+00,9.99999e-01,0.00000e+00,9.43239e-01,9.99999e-01
1.462972114e+00,2.95544e-157,9.99999e-01,3.12968e-157,9.44328e-01,9.99999e-01
1.470286975e+00,4.95833e-66,9.99999e-01,5.24470e-66,9.45397e-01,9.99999e-01
1.477638409e+00,5.51967e-42,9.99999e-01,5.83199e-42,9.46446e-01,9.99999e-01
1.485026601e+00,6.56358e-24,9.99999e-01,6.92743e-24,9.47476e-01,9.99999e-01
1.492451734e+00,2.24496e-20,9.99999e-01,2.36688e-20,9.48486e-01,9.99999e-01
1.499913993e+00,1.38417e-09,9.99999e-01,1.45782e-09,9.49478e-01,9.99999e-01
1.507413563e+00,2.12231e-08,9.99999e-01,2.23295e-08,9.50450e-01,9.99999e-01
1.514950631e+00,8.53959e-10,9.99999e-01,8.97576e-10,9.51405e-01,9.99999e-01
1.522525384e+00,3.19357e-30,9.99999e-01,3.35338e-30,9.52341e-01,9.99999e-01
1.530138011e+00,2.33758e-70,9.99999e-01,2.45219e-70,9.53260e-01,9.99999e-01
1.537788701e+00,2.20365e-52,9.99999e-01,2.30951e-52,9.54162e-01,9.99999e-01
1.545477645e+00,4.36046e-12,9.99999e-01,4.56570e-12,9.55047e-01,9.99999e-01
1.553205033e+00,1.72460e-08,9.99999e-01,1.80414e-08,9.55915e-01,9.99999e-01
1.560971058e+00,4.91768e-09,9.99999e-01,5.13989e-09,9.56767e-01,9.99999e-01
1.568775913e+00,2.18575e-176,9.99999e-01,2.28252e-176,9.57602e-01,9.99999e-01
1.576619793e+00,0.00000e+00,9.99999e-01,0.00000e+00,9.58422e-01,9.99999e-01
1.584502892e+00,2.30735e-225,9.99999e-01,2.40543e-225,9.59226e-01,9.99999e-01
1.592425406e+00,2.69915e-157,9.99999e-01,2.81157e-157,9.60015e-01,9.99999e-01
1.600387533e+00,4.99680e-253,9.99999e-01,5.20072e-253,9.60789e-01,9.99999e-01
1.608389471e+00,0.00000e+00,9.99999e-01,0.00000e+00,9.61549e-01,9.99999e-01
1.616431418e+00,0.00000e+00,9.99999e-01,0.00000e+00,9.62294e-01,9.99999e-01
1.624513575e+00,1.32708e-199,9.99999e-01,1.37803e-199,9.63025e-01,9.99999e-01
1.632636143e+00,1.80967e-148,9.99999e-01,1.87775e-148,9.63742e-01,9.99999e-01
1.640799324e+00,2.86583e-61,9.99999e-01,2.97147e-61,9.64445e-01,9.99999e-01
1.649003321e+00,2.90652e-61,9.99999e-01,3.01151e-61,9.65135e-01,9.99999e-01
1.657248337e+00,1.29972e-47,9.99999e-01,1.34573e-47,9.65811e-01,9.99999e-01
1.665534579e+00,6.29511e-48,9.99999e-01,6.51347e-48,9.66475e-01,9.99999e-01
1.673862252e+00,5.70641e-31,9.99999e-01,5.90037e-31,9.67126e-01,9.99999e-01
1.682231563e+00,7.91644e-22,9.99999e-01,8.18012e-22,9.67765e-01,9.99999e-01
1.690642721e+00,1.07030e-12,9.99999e-01,1.10524e-12,9.68392e-01,9.99999e-01
1.699095934e+00,2.96137e-08,9.99999e-01,3.05609e-08,9.69006e-01,9.99999e-01
1.707591414e+00,1.02018e-04,9.99999e-01,1.05215e-04,9.69609e-01,9.99999e-01
1.716129371e+00,5.73995e-03,9.99999e-01,5.91625e-03,9.70200e-01,9.99999e-01
1.724710018e+00,5.80401e-02,9.99999e-01,5.97870e-02,9.70780e-01,9.99999e-01
1.733333568e+00,1.55764e-01,9.99999e-01,1.60358e-01,9.71349e-01,9.99999e-01
1.742000236e+00,3.23065e-01,9.99999e-01,3.32403e-01,9.71907e-01,9.99999e-01
1.750710237e+00,8.83221e-03,9.99999e-01,9.08239e-03,9.72454e-01,9.99999e-01
1.759463788e+00,1.45467e-29,9.99999e-01,1.49505e-29,9.72991e-01,9.99999e-01
1.768261107e+00,5.07429e-31,9.99999e-01,5.21232e-31,9.73517e-01,9.99999e-01
1.777102413e+00,7.37379e-30,9.99999e-01,7.57036e-30,9.74033e-01,9.99999e-01
1.785987925e+00,2.30319e-28,9.99999e-01,2.36336e-28,9.74540e-01,9.99999e-01
1.794917864e+00,4.93484e-27,9.99999e-01,5.06118e-27,9.75036e-01,9.99999e-01
1.803892454e+00,3.47156e-26,9.99999e-01,3.55866e-26,9.75523e-01,9.99999e-01
1.812911916e+00,4.46895e-25,9.99999e-01,4.57884e-25,9.76001e-01,9.99999e-01
1.821976476e+00,3.20008e-25,9.99999e-01,3.27719e-25,9.76469e-01,9.99999e-01
1.831086358e+00,1.67425e-20,9.99999e-01,1.71378e-20,9.76929e-01,9.99999e-01
1.840241790e+00,1.94218e-17,9.99999e-01,1.98713e-17,9.77379e-01,9.99999e-01
1.849442999e+00,3.17287e-12,9.99999e-01,3.24483e-12,9.77821e-01,9.99999e-01
1.858690214e+00,2.59564e-11,9.99999e-01,2.65334e-11,9.78254e-01,9.99999e-01
1.867983665e+00,4.16295e-12,9.99999e-01,4.25363e-12,9.78679e-01,9.99999e-01
1.877323583e+00,1.39298e-55,9.99999e-01,1.42272e-55,9.79096e-01,9.99999e-01
1.886710201e+00,1.15218e-72,9.99999e-01,1.17628e-72,9.79504e-01,9.99999e-01
1.896143752e+00,9.52965e-83,9.99999e-01,9.72507e-83,9.79905e-01,9.99999e-01
1.905624471e+00,7.22037e-96,9.99999e-01,7.36548e-96,9.80298e-01,9.99999e-01
1.915152593e+00,2.07970e-74,9.99999e-01,2.12067e-74,9.80683e-01,9.99999e-01
1.924728356e+00,5.31822e-89,9.99999e-01,5.42088e-89,9.81061e-01,9.99999e-01
1.934351998e+00,0.00000e+00,9.99999e-01,0.00000e+00,9.81432e-01,9.99999e-01
1.944023758e+00,0.00000e+00,9.99999e-01,0.00000e+00,9.81795e-01,9.99999e-01
1.953743877e+00,0.00000e+00,9.99999e-01,0.00000e+00,9.82152e-01,9.99999e-01
1.963512596e+00,0.00000e+00,9.99999e-01,0.00000e+00,9.82501e-01,9.99999e-01
1.973330159e+00,0.00000e+00,9.99999e-01,0.00000e+00,9.82844e-01,9.99999e-01
1.983196810e+00,0.00000e+00,9.99999e-01,0.00000e+00,9.83180e-01,9.99999e-01
1.993112794e+00,0.00000e+00,9.99999e-01,0.00000e+00,9.83509e-01,9.99999e-01
2.003078358e+00,0.00000e+00,9.99999e-01,0.00000e+00,9.83832e-01,9.99999e-01
2.013093750e+00,0.00000e+00,9.99999e-01,0.00000e+00,9.84149e-01,9.99999e-01
2.023159218e+00,0.00000e+00,9.99999e-01,0.00000e+00,9.84460e-01,9.99999e-01
2.033275015e+00,0.00000e+00,9.99999e-01,0.00000e+00,9.84764e-01,9.99999e-01
2.043441390e+00,0.00000e+00,9.99999e-01,0.00000e+00,9.85063e-01,9.99999e-01
2.053658597e+00,0.00000e+00,9.99999e-01,0.00000e+00,9.85356e-01,9.99999e-01
2.063926890e+00,0.00000e+00,9.99999e-01,0.00000e+00,9.85643e-01,9.99999e-01
2.074246524e+00,0.00000e+00,9.99999e-01,0.00000e+00,9.85924e-01,9.99999e-01
2.084617757e+00,0.00000e+00,9.99999e-01,0.00000e+00,9.86201e-01,9.99999e-01
2.095040845e+00,0.00000e+00,9.99999e-01,0.00000e+00,9.86471e-01,9.99999e-01
2.105516050e+00,0.00000e+00,9.99999e-01,0.00000e+00,9.86737e-01,9.99999e-01
2.116043630e+00,0.00000e+00,9.99999e-01,0.00000e+00,9.86997e-01,9.99999e-01
2.126623848e+00,0.00000e+00,9.99999e-01,0.00000e+00,9.87252e-01,9.99999e-01
2.137256967e+00,0.00000e+00,9.99999e-01,0.00000e+00,9.87502e-01,9.99999e-01
2.147943252e+00,1.87301e-202,9.99999e-01,1.89624e-202,9.87748e-01,9.99999e-01
2.158682968e+00,5.45350e-122,9.99999e-01,5.51980e-122,9.87988e-01,9.99999e-01
2.169476383e+00,9.51417e-60,9.99999e-01,9.62753e-60,9.88224e-01,9.99999e-01
2.180323765e+00,1.12759e-37,9.99999e-01,1.14076e-37,9.88455e-01,9.99999e-01
2.191225384e+00,1.18172e-19,9.99999e-01,1.19525e-19,9.88682e-01,9.99999e-01
2.202181511e+00,4.85909e-13,9.99999e-01,4.91360e-13,9.88904e-01,9.99999e-01
2.213192418e+00,2.08737e-07,9.99999e-01,2.11033e-07,9.89122e-01,9.99999e-01
2.224258381e+00,7.62835e-05,9.99999e-01,7.71057e-05,9.89336e-01,9.99999e-01
2.235379672e+00,1.89866e-03,9.99999e-01,1.91871e-03,9.89545e-01,9.99999e-01
2.246556571e+00,1.36960e-02,9.99999e-01,1.38378e-02,9.89751e-01,9.99999e-01
2.257789354e+00,7.12582e-02,9.99999e-01,7.19814e-02,9.89952e-01,9.99999e-01
2.269078300e+00,9.55031e-02,9.99999e-01,9.64531e-02,9.90150e-01,9.99999e-01
2.280423692e+00,1.03861e-01,9.99999e-01,1.04874e-01,9.90343e-01,9.99999e-01
2.291825810e+00,2.25417e-01,9.99999e-01,2.27571e-01,9.90533e-01,9.99999e-01
2.303284939e+00,3.08360e-01,9.99999e-01,3.11249e-01,9.90719e-01,9.99999e-01
2.314801364e+00,3.50229e-01,9.99999e-01,3.53444e-01,9.90902e-01,9.99999e-01
2.326375371e+00,4.96112e-01,9.99999e-01,5.00576e-01,9.91081e-01,9.99999e-01
2.338007248e+00,4.66876e-01,9.99999e-01,4.70994e-01,9.91256e-01,9.99999e-01
2.349697284e+00,5.15558e-01,9.99999e-01,5.20015e-01,9.91428e-01,9.99999e-01
2.361445770e+00,5.87539e-01,9.99999e-01,5.92517e-01,9.91597e-01,9.99999e-01
2.373252999e+00,6.17318e-01,9.99999e-01,6.22446e-01,9.91762e-01,9.99999e-01
2.385119264e+00,8.05435e-01,9.99999e-01,8.11992e-01,9.91924e-01,9.99999e-01
2.397044861e+00,9.10624e-01,9.99999e-01,9.17891e-01,9.92083e-01,9.99999e-01
2.409030085e+00,8.55101e-01,9.99999e-01,8.61789e-01,9.92238e-01,9.99999e-01
2.421075235e+00,7.61538e-01,9.99999e-01,7.67376e-01,9.92391e-01,9.99999e-01
2.433180612e+00,2.48092e-01,9.99999e-01,2.49956e-01,9.92541e-01,9.99999e-01
2.445346515e+00,5.12262e-01,9.99999e-01,5.16035e-01,9.92688e-01,9.99999e-01
2.457573247e+00,2.70269e-02,9.99999e-01,2.72220e-02,9.92832e-01,9.99999e-01
2.469861113e+00,9.11755e-09,9.99999e-01,9.18206e-09,9.92973e-01,9.99999e-01
2.482210419e+00,1.40587e-35,9.99999e-01,1.41562e-35,9.93111e-01,9.99999e-01
2.494621471e+00,7.02116e-55,9.99999e-01,7.06889e-55,9.93247e-01,9.99999e-01
2.507094578e+00,2.86786e-53,9.99999e-01,2.88697e-53,9.93379e-01,9.99999e-01
2.519630051e+00,1.33807e-70,9.99999e-01,1.34681e-70,9.93510e-01,9.99999e-01
2.532228202e+00,6.20142e-95,9.99999e-01,6.24112e-95,9.93638e-01,9.99999e-01
2.544889343e+00,2.25331e-93,9.99999e-01,2.26745e-93,9.93763e-01,9.99999e-01
2.557613789e+00,1.12962e-110,9.99999e-01,1.13656e-110,9.93886e-01,9.99999e-01
2.570401858e+00,8.11528e-223,9.99999e-01,8.16421e-223,9.94006e-01,9.99999e-01
2.583253867e+00,0.00000e+00,9.99999e-01,0.00000e+00,9.94124e-01,9.99999e-01
2.596170137e+00,0.00000e+00,9.99999e-01,0.00000e+00,9.94240e-01,9.99999e-01
2.609150988e+00,0.00000e+00,9.99999e-01,0.00000e+00,9.94353e-01,9.99999e-01
2.622196742e+00,0.00000e+00,9.99999e-01,0.00000e+00,9.94464e-01,9.99999e-01
2.635307726e+00,0.00000e+00,9.99999e-01,0.00000e+00,9.94573e-01,9.99999e-01
2.648484265e+00,0.00000e+00,9.99999e-01,0.00000e+00,9.94680e-01,9.99999e-01
2.661726686e+00,0.00000e+00,9.99999e-01,0.00000e+00,9.94785e-01,9.99999e-01
2.675035320e+00,0.00000e+00,9.99999e-01,0.00000e+00,9.94888e-01,9.99999e-01
2.688410496e+00,0.00000e+00,9.99999e-01,0.00000e+00,9.94989e-01,9.99999e-01
2.701852549e+00,0.00000e+00,9.99999e-01,0.00000e+00,9.95087e-01,9.99999e-01
2.715361811e+00,0.00000e+00,9.99999e-01,0.00000e+00,9.95184e-01,9.99999e-01
2.728938620e+00,0.00000e+00,9.99999e-01,0.00000e+00,9.95279e-01,9.99999e-01
2.742583314e+00,0.00000e+00,9.99999e-01,0.00000e+00,9.95372e-01,9.99999e-01
2.756296230e+00,0.00000e+00,9.99999e-01,0.00000e+00,9.95463e-01,9.99999e-01
2.770077711e+00,0.00000e+00,9.99999e-01,0.00000e+00,9.95553e-01,9.99999e-01
2.783928100e+00,0.00000e+00,9.99999e-01,0.00000e+00,9.95640e-01,9.99999e-01
2.797847740e+00,0.00000e+00,9.99999e-01,0.00000e+00,9.95726e-01,9.99999e-01
2.811836979e+00,0.00000e+00,9.99999e-01,0.00000e+00,9.95810e-01,9.99999e-01
2.825896164e+00,0.00000e+00,9.99999e-01,0.00000e+00,9.95893e-01,9.99999e-01
2.840025645e+00,0.00000e+00,9.99999e-01,0.00000e+00,9.95974e-01,9.99999e-01
2.854225773e+00,0.00000e+00,9.99999e-01,0.00000e+00,9.96053e-01,9.99999e-01
2.868496902e+00,0.00000e+00,9.99999e-01,0.00000e+00,9.96131e-01,9.99999e-01
2.882839386e+00,0.00000e+00,9.99999e-01,0.00000e+00,9.96207e-01,9.99999e-01
2.897253583e+00,0.00000e+00,9.99999e-01,0.00000e+00,9.96282e-01,9.99999e-01
2.911739851e+00,0.00000e+00,9.99999e-01,0.00000e+00,9.96355e-01,9.99999e-01
2.926298550e+00,0.00000e+00,9.99999e-01,0.00000e+00,9.96427e-01,9.99999e-01
2.940930043e+00,0.00000e+00,9.99999e-01,0.00000e+00,9.96498e-01,9.99999e-01
2.955634693e+00,0.00000e+00,9.99999e-01,0.00000e+00,9.96567e-01,9.99999e-01
2.970412867e+00,0.00000e+00,9.99999e-01,0.00000e+00,9.96634e-01,9.99999e-01
2.985264931e+00,0.00000e+00,9.99999e-01,0.00000e+00,9.96701e-01,9.99999e-01
3.000191256e+00,1.82290e-263,9.99999e-01,1.82882e-263,9.96766e-01,9.99999e-01
3.015192212e+00,7.16399e-281,9.99999e-01,7.18677e-281,9.96829e-01,9.99999e-01
3.030268173e+00,5.91529e-227,9.99999e-01,5.93373e-227,9.96892e-01,9.99999e-01
3.045419514e+00,1.66663e-138,9.99999e-01,1.67172e-138,9.96953e-01,9.99999e-01
3.060646612e+00,5.66205e-64,9.99999e-01,5.67901e-64,9.97013e-01,9.99999e-01
3.075949845e+00,2.28801e-51,9.99999e-01,7.93578e-51,9.97072e-01,2.89162e-01
3.091329594e+00,1.30896e-49,9.99999e-01,2.61650e-48,9.97130e-01,5.01711e-02
3.106786242e+00,1.52007e-51,9.99999e-01,5.05988e-48,9.97186e-01,3.01263e-04
3.122320173e+00,1.93536e-43,9.99999e-01,1.02351e-33,9.97242e-01,1.89613e-10
3.137931774e+00,2.28297e-37,9.99999e-01,9.15272e-33,9.97296e-01,2.50107e-05
3.153621433e+00,2.25837e-35,9.99999e-01,3.47550e-34,9.97350e-01,6.51523e-02
3.169389540e+00,2.56724e-50,9.99999e-01,1.66844e-45,9.97402e-01,1.54271e-05
3.185236488e+00,1.16712e-44,9.99999e-01,9.63724e-37,9.97453e-01,1.21414e-08
3.201162670e+00,3.23308e-43,9.99999e-01,2.32039e-29,9.97503e-01,1.39682e-14
3.217168483e+00,7.42135e-48,9.99999e-01,7.17532e-28,9.97553e-01,1.03682e-20
3.233254326e+00,2.43162e-54,9.99999e-01,4.48320e-24,9.97601e-01,5.43689e-31
3.249420598e+00,5.67130e-64,9.99999e-01,2.88688e-14,9.97648e-01,1.96914e-50
3.265667701e+00,4.34975e-92,9.99999e-01,4.99769e-12,9.97695e-01,8.72362e-81
3.281996039e+00,3.46680e-135,9.99999e-01,2.23446e-09,9.97740e-01,1.55503e-126
3.298406019e+00,1.59342e-189,9.99999e-01,8.10960e-08,9.97785e-01,1.96921e-182
3.314898049e+00,6.32584e-263,9.99999e-01,1.51815e-07,9.97828e-01,4.17588e-256
3.331472540e+00,1.30530e-215,9.99999e-01,2.68338e-07,9.97871e-01,4.87476e-209
3.348129902e+00,1.58205e-156,9.99999e-01,6.29863e-06,9.97913e-01,2.51698e-151
3.364870552e+00,7.84996e-108,9.99999e-01,1.31601e-05,9.97954e-01,5.97717e-103
3.381694905e+00,4.60613e-68,9.99999e-01,4.47189e-05,9.97995e-01,1.03208e-63
3.398603379e+00,1.34333e-41,9.99999e-01,6.52383e-04,9.98034e-01,2.06317e-38
3.415596396e+00,1.57023e-25,9.99999e-01,1.13387e-03,9.98073e-01,1.38752e-22
3.432674378e+00,1.85430e-17,9.99999e-01,2.58258e-04,9.98111e-01,7.19361e-14
3.449837750e+00,5.29879e-12,9.99999e-01,4.06599e-06,9.98148e-01,1.30561e-06
3.467086939e+00,7.20411e-11,9.99999e-01,7.85461e-10,9.98185e-01,9.18849e-02
3.484422373e+00,2.32008e-13,9.99999e-01,3.41325e-13,9.98221e-01,6.80940e-01
3.501844485e+00,9.12818e-19,9.99999e-01,2.53053e-18,9.98256e-01,3.61352e-01
3.519353708e+00,4.15709e-22,9.99999e-01,4.16673e-22,9.98290e-01,9.99395e-01
3.536950476e+00,1.23958e-26,9.99999e-01,1.24381e-26,9.98324e-01,9.98268e-01
3.554635228e+00,1.02092e-26,9.99999e-01,1.02661e-26,9.98357e-01,9.96091e-01
3.572408405e+00,7.32844e-22,9.99999e-01,7.38906e-22,9.98389e-01,9.93394e-01
3.590270447e+00,8.26779e-21,9.99999e-01,8.31224e-21,9.98421e-01,9.96224e-01
3.608221799e+00,4.49004e-15,9.99999e-01,4.50554e-15,9.98452e-01,9.98102e-01
3.626262908e+00,7.46118e-09,9.99999e-01,7.47541e-09,9.98483e-01,9.99611e-01
3.644394222e+00,5.08110e-07,9.99999e-01,5.08944e-07,9.98513e-01,9.99847e-01
3.662616193e+00,4.56310e-04,9.99999e-01,4.57376e-04,9.98542e-01,9.99123e-01
3.680929274e+00,2.91034e-02,9.99999e-01,2.92722e-02,9.98571e-01,9.95653e-01
3.699333921e+00,2.01972e-01,9.99999e-01,2.04235e-01,9.98599e-01,9.90306e-01
3.717830590e+00,1.27871e-01,9.99999e-01,1.30559e-01,9.98627e-01,9.80750e-01
3.736419743e+00,4.39444e-03,9.99999e-01,4.53441e-03,9.98654e-01,9.70437e-01
3.755101842e+00,6.90414e-08,9.99999e-01,7.09908e-08,9.98680e-01,9.73823e-01
3.773877351e+00,5.46002e-17,9.99999e-01,5.55095e-17,9.98706e-01,9.84891e-01
3.792746738e+00,2.64143e-41,9.99999e-01,2.66076e-41,9.98732e-01,9.93994e-01
3.811710472e+00,2.81302e-27,9.99999e-01,2.82414e-27,9.98757e-01,9.97299e-01
3.830769024e+00,5.93604e-27,9.99999e-01,5.94942e-27,9.98781e-01,9.98966e-01
3.849922869e+00,4.06528e-37,9.99999e-01,4.07123e-37,9.98805e-01,9.99732e-01
3.869172484e+00,2.01230e-23,9.99999e-01,2.01928e-23,9.98829e-01,9.97707e-01
3.888518346e+00,1.14945e-10,9.99999e-01,1.15715e-10,9.98852e-01,9.94482e-01
3.907960938e+00,5.10954e-08,9.99999e-01,5.16450e-08,9.98875e-01,9.90470e-01
3.927500742e+00,2.93416e-08,9.99999e-01,2.97158e-08,9.98897e-01,9.88494e-01
3.947138246e+00,4.84470e-12,9.99999e-01,4.88104e-12,9.98919e-01,9.93628e-01
3.966873937e+00,5.08038e-18,9.99999e-01,5.09257e-18,9.98940e-01,9.98662e-01
3.986708307e+00,2.00946e-27,9.99999e-01,2.01154e-27,9.98961e-01,9.99999e-01
4.006641849e+00,3.51532e-49,9.99999e-01,3.51890e-49,9.98981e-01,9.99999e-01
4.026675058e+00,1.90038e-243,9.99999e-01,1.90228e-243,9.99001e-01,9.99999e-01
4.046808433e+00,0.00000e+00,9.99999e-01,0.00000e+00,9.99021e-01,9.99999e-01
4.067042475e+00,0.00000e+00,9.99999e-01,0.00000e+00,9.99040e-01,9.99999e-01
4.087377688e+00,0.00000e+00,9.99999e-01,0.00000e+00,9.99059e-01,9.99999e-01
4.107814576e+00,0.00000e+00,9.99999e-01,0.00000e+00,9.99078e-01,9.99999e-01
4.128353649e+00,0.00000e+00,9.99999e-01,0.00000e+00,9.99096e-01,9.99999e-01
4.148995417e+00,0.00000e+00,9.99999e-01,0.00000e+00,9.99114e-01,9.99999e-01
4.169740394e+00,0.00000e+00,9.99999e-01,0.00000e+00,9.99131e-01,9.99999e-01
4.190589096e+00,0.00000e+00,9.99999e-01,0.00000e+00,9.99149e-01,9.99999e-01
4.211542042e+00,0.00000e+00,9.99999e-01,0.00000e+00,9.99165e-01,9.99999e-01
4.232599752e+00,0.00000e+00,9.99999e-01,0.00000e+00,9.99182e-01,9.99999e-01
4.253762751e+00,0.00000e+00,9.99999e-01,0.00000e+00,9.99198e-01,9.99999e-01
4.275031564e+00,0.00000e+00,9.99999e-01,0.00000e+00,9.99214e-01,9.99999e-01
4.296406722e+00,0.00000e+00,9.99999e-01,0.00000e+00,9.99229e-01,9.99999e-01
4.317888756e+00,0.00000e+00,9.99999e-01,0.00000e+00,9.99244e-01,9.99999e-01
4.339478200e+00,0.00000e+00,9.99999e-01,0.00000e+00,9.99259e-01,9.99999e-01
4.361175591e+00,0.00000e+00,9.99999e-01,0.00000e+00,9.99274e-01,9.99999e-01
4.382981469e+00,0.00000e+00,9.99999e-01,0.00000e+00,9.99288e-01,9.99999e-01
4.404896376e+00,0.00000e+00,9.99999e-01,0.00000e+00,9.99302e-01,9.99999e-01
4.426920858e+00,0.00000e+00,9.99999e-01,0.00000e+00,9.99316e-01,9.99999e-01
4.449055462e+00,0.00000e+00,9.99999e-01,0.00000e+00,9.99330e-01,9.99999e-01
4.471300739e+00,0.00000e+00,9.99999e-01,0.00000e+00,9.99343e-01,9.99999e-01
4.493657243e+00,0.00000e+00,9.99999e-01,0.00000e+00,9.99356e-01,9.99999e-01
4.516125529e+00,0.00000e+00,9.99999e-01,0.00000e+00,9.99368e-01,9.99999e-01
4.538706157e+00,0.00000e+00,9.99999e-01,0.00000e+00,9.99381e-01,9.99999e-01
4.561399688e+00,0.00000e+00,9.99999e-01,0.00000e+00,9.99393e-01,9.99999e-01
4.584206686e+00,0.00000e+00,9.99999e-01,0.00000e+00,9.99405e-01,9.99999e-01
4.607127720e+00,0.00000e+00,9.99999e-01,0.00000e+00,9.99417e-01,9.99999e-01
4.630163358e+00,0.00000e+00,9.99999e-01,0.00000e+00,9.99428e-01,9.99999e-01
4.653314175e+00,0.00000e+00,9.99999e-01,0.00000e+00,9.99440e-01,9.99999e-01
4.676580746e+00,0.00000e+00,9.99999e-01,0.00000e+00,9.99451e-01,9.99999e-01
4.699963650e+00,0.00000e+00,9.99999e-01,0.00000e+00,9.99461e-01,9.99999e-01
4.723463468e+00,0.00000e+00,9.99999e-01,0.00000e+00,9.99472e-01,9.99999e-01
4.747080785e+00,0.00000e+00,9.99999e-01,0.00000e+00,9.99482e-01,9.99999e-01
4.770816189e+00,0.00000e+00,9.99999e-01,0.00000e+00,9.99493e-01,9.99999e-01
4.794670270e+00,0.00000e+00,9.99999e-01,0.00000e+00,9.99503e-01,9.99999e-01
4.818643622e+00,0.00000e+00,9.99999e-01,0.00000e+00,9.99512e-01,9.99999e-01
4.842736840e+00,0.00000e+00,9.99999e-01,0.00000e+00,9.99522e-01,9.99999e-01
4.866950524e+00,0.00000e+00,9.99999e-01,0.00000e+00,9.99531e-01,9.99999e-01
4.891285276e+00,0.00000e+00,9.99999e-01,0.00000e+00,9.99541e-01,9.99999e-01
4.915741703e+00,0.00000e+00,9.99999e-01,0.00000e+00,9.99550e-01,9.99999e-01
4.940320411e+00,0.00000e+00,9.99999e-01,0.00000e+00,9.99559e-01,9.99999e-01
4.965022013e+00,0.00000e+00,9.99999e-01,0.00000e+00,9.99567e-01,9.99999e-01
4.989847123e+00,0.00000e+00,9.99999e-01,0.00000e+00,9.99576e-01,9.99999e-01
5.014796359e+00,0.00000e+00,9.99999e-01,0.00000e+00,9.99584e-01,9.99999e-01
5.039870341e+00,0.00000e+00,9.99999e-01,0.00000e+00,9.99592e-01,9.99999e-01
5.065069693e+00,0.00000e+00,9.99999e-01,0.00000e+00,9.99600e-01,9.99999e-01
5.090395041e+00,0.00000e+00,9.99999e-01,0.00000e+00,9.99608e-01,9.99999e-01
5.115847016e+00,0.00000e+00,9.99999e-01,0.00000e+00,9.99616e-01,9.99999e-01
5.141426251e+00,0.00000e+00,9.99999e-01,0.00000e+00,9.99624e-01,9.99999e-01
5.167133383e+00,0.00000e+00,9.99999e-01,0.00000e+00,9.99631e-01,9.99999e-01
5.192969049e+00,0.00000e+00,9.99999e-01,0.00000e+00,9.99638e-01,9.99999e-01
5.218933895e+00,0.00000e+00,9.99999e-01,0.00000e+00,9.99645e-01,9.99999e-01
5.245028564e+00,0.00000e+00,9.99999e-01,0.00000e+00,9.99652e-01,9.99999e-01
5.271253707e+00,0.00000e+00,9.99999e-01,0.00000e+00,9.99659e-01,9.99999e-01
5.297609976e+00,0.00000e+00,9.99999e-01,0.00000e+00,9.99666e-01,9.99999e-01
5.324098025e+00,0.00000e+00,9.99999e-01,0.00000e+00,9.99672e-01,9.99999e-01
5.350718516e+00,0.00000e+00,9.99999e-01,0.00000e+00,9.99679e-01,9.99999e-01
5.377472108e+00,0.00000e+00,9.99999e-01,0.00000e+00,9.99685e-01,9.99999e-01
5.404359469e+00,0.00000e+00,9.99999e-01,0.00000e+00,9.99691e-01,9.99999e-01
5.431381266e+00,0.00000e+00,9.99999e-01,0.00000e+00,9.99698e-01,9.99999e-01
5.458538172e+00,2.38946e-277,9.99999e-01,2.39016e-277,9.99703e-01,9.99999e-01
5.485830863e+00,7.81056e-178,9.99999e-01,7.81283e-178,9.99709e-01,9.99999e-01
5.513260018e+00,3.83017e-131,9.99999e-01,3.83126e-131,9.99715e-01,9.99999e-01
5.540826318e+00,2.28879e-87,9.99999e-01,2.28942e-87,9.99721e-01,9.99999e-01
5.568530449e+00,2.68822e-66,9.99999e-01,2.73977e-66,9.99726e-01,9.81453e-01
5.596373101e+00,2.81876e-49,9.99999e-01,2.89916e-49,9.99732e-01,9.72529e-01
5.624354967e+00,1.83808e-43,9.99999e-01,1.90866e-43,9.99737e-01,9.63268e-01
5.652476742e+00,4.00866e-37,9.99999e-01,4.21642e-37,9.99742e-01,9.50970e-01
5.680739126e+00,2.49721e-33,9.99999e-01,2.66929e-33,9.99747e-01,9.35769e-01
5.709142821e+00,2.37801e-31,9.99999e-01,2.59688e-31,9.99752e-01,9.15942e-01
5.737688535e+00,2.98049e-32,9.99999e-01,3.35442e-32,9.99757e-01,8.88741e-01
5.766376978e+00,5.37511e-29,9.99999e-01,6.28239e-29,9.99762e-01,8.55786e-01
5.795208863e+00,2.51193e-21,9.99999e-01,3.08725e-21,9.99766e-01,8.13833e-01
5.824184907e+00,1.92962e-15,9.99999e-01,2.54533e-15,9.99771e-01,7.58273e-01
5.853305832e+00,7.77579e-16,9.99999e-01,1.12085e-15,9.99775e-01,6.93898e-01
5.882572361e+00,1.30991e-18,9.99999e-01,2.12438e-18,9.99780e-01,6.16744e-01
5.911985223e+00,3.16315e-16,9.99999e-01,5.98937e-16,9.99784e-01,5.28240e-01
5.941545149e+00,2.14448e-09,9.99999e-01,4.91763e-09,9.99788e-01,4.36172e-01
5.971252874e+00,3.49297e-06,9.99999e-01,1.04675e-05,9.99793e-01,3.33765e-01
6.001109139e+00,4.54289e-05,9.99999e-01,1.93519e-04,9.99797e-01,2.34798e-01
6.031114685e+00,7.89431e-06,9.99999e-01,5.19369e-05,9.99801e-01,1.52028e-01
6.061270258e+00,9.04170e-08,9.99999e-01,1.09234e-06,9.99805e-01,8.27897e-02
6.091576609e+00,1.87527e-10,9.99999e-01,5.03600e-09,9.99808e-01,3.72444e-02
6.122034492e+00,1.42288e-13,9.99999e-01,1.02487e-11,9.99812e-01,1.38861e-02
6.152644665e+00,1.06004e-17,9.99999e-01,2.75302e-15,9.99816e-01,3.85115e-03
6.183407888e+00,1.04425e-20,9.99999e-01,1.43515e-17,9.99820e-01,7.27757e-04
6.214324928e+00,1.72105e-22,9.99999e-01,2.05541e-18,9.99823e-01,8.37474e-05
6.245396552e+00,5.86016e-20,9.99999e-01,1.15318e-14,9.99827e-01,5.08260e-06
6.276623535e+00,9.42261e-20,9.99999e-01,6.92912e-13,9.99830e-01,1.36008e-07
6.308006653e+00,8.60459e-23,9.99999e-01,6.68754e-14,9.99833e-01,1.28687e-09
6.339546686e+00,7.43927e-30,9.99999e-01,2.23208e-18,9.99837e-01,3.33343e-12
6.371244419e+00,1.49945e-35,9.99999e-01,8.43407e-21,9.99840e-01,1.77813e-15
6.403100641e+00,6.99105e-34,9.99999e-01,2.43468e-15,9.99843e-01,2.87189e-19
6.435116145e+00,5.45173e-31,9.99999e-01,8.26490e-08,9.99846e-01,6.59724e-24
6.467291725e+00,5.77826e-36,9.99999e-01,2.47933e-04,9.99849e-01,2.33092e-32
6.499628184e+00,1.59842e-42,9.99999e-01,2.48642e-02,9.99852e-01,6.42954e-41
6.532126325e+00,1.96326e-51,9.99999e-01,1.22613e-01,9.99855e-01,1.60142e-50
6.564786956e+00,3.05342e-65,9.99999e-01,2.31206e-01,9.99858e-01,1.32083e-64
6.597610891e+00,2.36657e-79,9.99999e-01,3.00479e-01,9.99861e-01,7.87708e-79
6.630598946e+00,2.07019e-99,9.99999e-01,3.50819e-01,9.99863e-01,5.90182e-99
6.663751940e+00,1.06596e-120,9.99999e-01,3.50294e-01,9.99866e-01,3.04345e-120
6.697070700e+00,3.20006e-148,9.99999e-01,2.60987e-01,9.99869e-01,1.22630e-147
6.730556054e+00,3.71969e-177,9.99999e-01,1.51276e-01,9.99871e-01,2.45919e-176
6.764208834e+00,3.01002e-212,9.99999e-01,5.46591e-02,9.99874e-01,5.50758e-211
6.798029878e+00,7.85916e-260,9.99999e-01,1.24610e-02,9.99876e-01,6.30777e-258
6.832020027e+00,1.11707e-315,9.99999e-01,1.06311e-03,9.99879e-01,1.05088e-312
6.866180128e+00,0.00000e+00,9.99999e-01,2.94287e-05,9.99881e-01,0.00000e+00
6.900511028e+00,0.00000e+00,9.99999e-01,1.63637e-07,9.99883e-01,0.00000e+00
6.935013583e+00,0.00000e+00,9.99999e-01,1.36173e-11,9.99886e-01,0.00000e+00
6.969688651e+00,0.00000e+00,9.99999e-01,2.71734e-16,9.99888e-01,0.00000e+00
7.004537095e+00,0.00000e+00,9.99999e-01,6.44934e-25,9.99890e-01,0.00000e+00
7.039559780e+00,0.00000e+00,9.99999e-01,5.72861e-32,9.99892e-01,0.00000e+00
7.074757579e+00,0.00000e+00,9.99999e-01,2.07266e-43,9.99894e-01,0.00000e+00
7.110131367e+00,0.00000e+00,9.99999e-01,1.71057e-50,9.99896e-01,0.00000e+00
7.145682024e+00,0.00000e+00,9.99999e-01,6.25944e-60,9.99898e-01,0.00000e+00
7.181410434e+00,0.00000e+00,9.99999e-01,1.91827e-65,9.99900e-01,0.00000e+00
7.217317486e+00,0.00000e+00,9.99999e-01,1.51239e-68,9.99902e-01,0.00000e+00
7.253404073e+00,0.00000e+00,9.99999e-01,8.59674e-68,9.99904e-01,0.00000e+00
7.289671094e+00,0.00000e+00,9.99999e-01,5.43498e-54,9.99906e-01,0.00000e+00
7.326119449e+00,0.00000e+00,9.99999e-01,1.06491e-50,9.99908e-01,0.00000e+00
7.362750046e+00,0.00000e+00,9.99999e-01,2.70629e-55,9.99910e-01,0.00000e+00
7.399563797e+00,0.00000e+00,9.99999e-01,5.32214e-55,9.99911e-01,0.00000e+00
7.436561616e+00,0.00000e+00,9.99999e-01,5.62521e-46,9.99913e-01,0.00000e+00
7.473744424e+00,0.00000e+00,9.99999e-01,1.03449e-30,9.99915e-01,0.00000e+00
7.511113146e+00,0.00000e+00,9.99999e-01,7.40047e-22,9.99917e-01,0.00000e+00
7.548668712e+00,0.00000e+00,9.99999e-01,7.41993e-14,9.99918e-01,0.00000e+00
7.586412055e+00,0.00000e+00,9.99999e-01,2.87994e-11,9.99920e-01,0.00000e+00
7.624344115e+00,0.00000e+00,9.99999e-01,7.03171e-11,9.99921e-01,0.00000e+00
7.662465836e+00,0.00000e+00,9.99999e-01,9.30808e-13,9.99923e-01,0.00000e+00
7.700778165e+00,0.00000e+00,9.99999e-01,4.13974e-17,9.99924e-01,0.00000e+00
7.739282056e+00,0.00000e+00,9.99999e-01,2.17101e-27,9.99926e-01,0.00000e+00
7.777978466e+00,0.00000e+00,9.99999e-01,2.33942e-36,9.99927e-01,0.00000e+00
7.816868359e+00,0.00000e+00,9.99999e-01,1.50998e-48,9.99929e-01,0.00000e+00
7.855952700e+00,0.00000e+00,9.99999e-01,9.42311e-50,9.99930e-01,0.00000e+00
7.895232464e+00,0.00000e+00,9.99999e-01,5.44332e-42,9.99931e-01,0.00000e+00
7.934708626e+00,0.00000e+00,9.99999e-01,2.22322e-38,9.99933e-01,0.00000e+00
7.974382169e+00,0.00000e+00,9.99999e-01,1.62397e-42,9.99934e-01,0.00000e+00
8.014254080e+00,0.00000e+00,9.99999e-01,3.79029e-51,9.99935e-01,0.00000e+00
8.054325351e+00,0.00000e+00,9.99999e-01,5.72626e-52,9.99937e-01,0.00000e+00
8.094596977e+00,0.00000e+00,9.99999e-01,4.52385e-50,9.99938e-01,0.00000e+00
8.135069962e+00,6.42285e-323,9.99999e-01,2.32204e-45,9.99939e-01,2.93814e-278
8.175745312e+00,1.67165e-254,9.99999e-01,6.95458e-38,9.99940e-01,2.40381e-217
8.216624039e+00,1.85012e-201,9.99999e-01,9.48299e-33,9.99941e-01,1.95109e-169
8.257707159e+00,8.04938e-158,9.99999e-01,2.62364e-26,9.99943e-01,3.06819e-132
8.298995695e+00,3.98064e-124,9.99999e-01,1.52688e-23,9.99944e-01,2.60719e-101
8.340490673e+00,1.10250e-97,9.99999e-01,1.08897e-21,9.99945e-01,1.01248e-76
8.382193126e+00,1.31954e-77,9.99999e-01,2.72162e-20,9.99946e-01,4.84862e-58
8.424104092e+00,2.61852e-60,9.99999e-01,6.73733e-17,9.99947e-01,3.88678e-44
8.466224613e+00,2.79257e-46,9.99999e-01,2.56290e-13,9.99948e-01,1.08967e-33
8.508555736e+00,5.18409e-32,9.99999e-01,1.99452e-08,9.99949e-01,2.59930e-24
8.551098514e+00,1.78188e-23,9.99999e-01,5.78512e-06,9.99950e-01,3.08026e-18
8.593854007e+00,2.49601e-19,9.99999e-01,1.36271e-05,9.99951e-01,1.83174e-14
8.636823277e+00,5.79603e-17,9.99999e-01,1.72476e-06,9.99952e-01,3.36064e-11
8.680007393e+00,2.73620e-15,9.99999e-01,2.43973e-07,9.99953e-01,1.12157e-08
8.723407430e+00,8.40530e-14,9.99999e-01,8.61070e-08,9.99954e-01,9.76190e-07
8.767024467e+00,4.97711e-14,9.99999e-01,2.15556e-09,9.99955e-01,2.30906e-05
8.810859590e+00,5.85247e-32,9.99999e-01,2.21039e-28,9.99955e-01,2.64783e-04
8.854913888e+00,1.28117e-97,9.99999e-01,7.21330e-95,9.99956e-01,1.77620e-03
8.899188457e+00,0.00000e+00,9.99999e-01,0.00000e+00,9.99957e-01,7.63115e-03
8.943684399e+00,0.00000e+00,9.99999e-01,0.00000e+00,9.99958e-01,2.57759e-02
8.988402821e+00,0.00000e+00,9.99999e-01,0.00000e+00,9.99959e-01,6.03978e-02
9.033344836e+00,0.00000e+00,9.99999e-01,0.00000e+00,9.99960e-01,1.15580e-01
9.078511560e+00,0.00000e+00,9.99999e-01,0.00000e+00,9.99960e-01,1.91075e-01
9.123904118e+00,0.00000e+00,9.99999e-01,0.00000e+00,9.99961e-01,2.80325e-01
9.169523638e+00,0.00000e+00,9.99999e-01,0.00000e+00,9.99962e-01,3.77110e-01
9.215371256e+00,0.00000e+00,9.99999e-01,0.00000e+00,9.99963e-01,4.72672e-01
9.261448113e+00,0.00000e+00,9.99999e-01,0.00000e+00,9.99963e-01,5.62950e-01
9.307755353e+00,0.00000e+00,9.99999e-01,0.00000e+00,9.99964e-01,6.36519e-01
9.354294130e+00,0.00000e+00,9.99999e-01,0.00000e+00,9.99965e-01,7.06726e-01
9.401065601e+00,0.00000e+00,9.99999e-01,0.00000e+00,9.99965e-01,7.66320e-01
9.448070929e+00,0.00000e+00,9.99999e-01,0.00000e+00,9.99966e-01,8.11161e-01
9.495311283e+00,0.00000e+00,9.99999e-01,0.00000e+00,9.99967e-01,8.48266e-01
9.542787840e+00,0.00000e+00,9.99999e-01,0.00000e+00,9.99967e-01,8.81243e-01
9.590501779e+00,0.00000e+00,9.99999e-01,0.00000e+00,9.99968e-01,9.07622e-01
9.638454288e+00,0.00000e+00,9.99999e-01,0.00000e+00,9.99969e-01,9.26623e-01
9.686646559e+00,0.00000e+00,9.99999e-01,0.00000e+00,9.99969e-01,9.41846e-01
9.735079792e+00,0.00000e+00,9.99999e-01,0.00000e+00,9.99970e-01,9.53984e-01
9.783755191e+00,0.00000e+00,9.99999e-01,0.00000e+00,9.99970e-01,9.63637e-01
9.832673967e+00,0.00000e+00,9.99999e-01,0.00000e+00,9.99971e-01,9.71298e-01
9.881837337e+00,0.00000e+00,9.99999e-01,0.00000e+00,9.99971e-01,9.77869e-01
9.931246523e+00,0.00000e+00,9.99999e-01,0.00000e+00,9.99972e-01,9.82990e-01
9.980902756e+00,0.00000e+00,9.99999e-01,0.00000e+00,9.99973e-01,9.99999e-01
1.003080727e+01,0.00000e+00,9.99999e-01,0.00000e+00,9.99973e-01,9.99999e-01
1.008096131e+01,0.00000e+00,9.99999e-01,0.00000e+00,9.99974e-01,9.99999e-01
1.013136611e+01,0.00000e+00,9.99999e-01,0.00000e+00,9.99974e-01,9.99999e-01
1.018202294e+01,0.00000e+00,9.99999e-01,0.00000e+00,9.99975e-01,9.99999e-01
1.023293306e+01,0.00000e+00,9.99999e-01,0.00000e+00,9.99975e-01,9.99999e-01
1.028409772e+01,0.00000e+00,9.99999e-01,0.00000e+00,9.99976e-01,9.99999e-01
1.033551821e+01,0.00000e+00,9.99999e-01,0.00000e+00,9.99976e-01,9.99999e-01
1.038719580e+01,0.00000e+00,9.99999e-01,0.00000e+00,9.99976e-01,9.99999e-01
1.043913178e+01,0.00000e+00,9.99999e-01,0.00000e+00,9.99977e-01,9.99999e-01
1.049132744e+01,0.00000e+00,9.99999e-01,0.00000e+00,9.99977e-01,9.99999e-01
1.054378408e+01,0.00000e+00,9.99999e-01,0.00000e+00,9.99978e-01,9.99999e-01
1.059650300e+01,0.00000e+00,9.99999e-01,0.00000e+00,9.99978e-01,9.99999e-01
1.064948551e+01,0.00000e+00,9.99999e-01,0.00000e+00,9.99979e-01,9.99999e-01
1.070273294e+01,0.00000e+00,9.99999e-01,0.00000e+00,9.99979e-01,9.99999e-01
1.075624661e+01,0.00000e+00,9.99999e-01,0.00000e+00,9.99979e-01,9.99999e-01
1.081002784e+01,0.00000e+00,9.99999e-01,0.00000e+00,9.99980e-01,9.99999e-01
1.086407798e+01,0.00000e+00,9.99999e-01,0.00000e+00,9.99980e-01,9.99999e-01
1.091839837e+01,0.00000e+00,9.99999e-01,0.00000e+00,9.99981e-01,9.99999e-01
1.097299036e+01,0.00000e+00,9.99999e-01,0.00000e+00,9.99981e-01,9.99999e-01
1.102785531e+01,0.00000e+00,9.99999e-01,0.00000e+00,9.99981e-01,9.99999e-01
1.108299459e+01,0.00000e+00,9.99999e-01,0.00000e+00,9.99982e-01,9.99999e-01
1.113840956e+01,0.00000e+00,9.99999e-01,0.00000e+00,9.99982e-01,9.99999e-01
1.119410161e+01,0.00000e+00,9.99999e-01,0.00000e+00,9.99982e-01,9.99999e-01
1.125007212e+01,0.00000e+00,9.99999e-01,0.00000e+00,9.99983e-01,9.99999e-01
1.130632248e+01,0.00000e+00,9.99999e-01,0.00000e+00,9.99983e-01,9.99999e-01
1.136285409e+01,0.00000e+00,9.99999e-01,0.00000e+00,9.99983e-01,9.99999e-01
1.141966836e+01,0.00000e+00,9.99999e-01,0.00000e+00,9.99984e-01,9.99999e-01
1.147676670e+01,0.00000e+00,9.99999e-01,0.00000e+00,9.99984e-01,9.99999e-01
1.153415054e+01,0.00000e+00,9.99999e-01,0.00000e+00,9.99984e-01,9.99999e-01
1.159182129e+01,0.00000e+00,9.99999e-01,0.00000e+00,9.99984e-01,9.99999e-01
1.164978039e+01,0.00000e+00,9.99999e-01,0.00000e+00,9.99985e-01,9.99999e-01
1.170802930e+01,0.00000e+00,9.99999e-01,0.00000e+00,9.99985e-01,9.99999e-01
1.176656944e+01,0.00000e+00,9.99999e-01,0.00000e+00,9.99985e-01,9.99999e-01
1.182540229e+01,0.00000e+00,9.99999e-01,0.00000e+00,9.99986e-01,9.99999e-01
1.188452930e+01,0.00000e+00,9.99999e-01,0.00000e+00,9.99986e-01,9.99999e-01
1.194395195e+01,0.00000e+00,9.99999e-01,0.00000e+00,9.99986e-01,9.99999e-01
1.200367171e+01,0.00000e+00,9.99999e-01,0.00000e+00,9.99986e-01,9.99999e-01
1.206369007e+01,0.00000e+00,9.99999e-01,0.00000e+00,9.99987e-01,9.99999e-01
1.212400852e+01,0.00000e+00,9.99999e-01,0.00000e+00,9.99987e-01,9.99999e-01
1.218462856e+01,0.00000e+00,9.99999e-01,0.00000e+00,9.99987e-01,9.99999e-01
1.224555170e+01,0.00000e+00,9.99999e-01,0.00000e+00,9.99987e-01,9.99999e-01
1.230677946e+01,0.00000e+00,9.99999e-01,0.00000e+00,9.99988e-01,9.99999e-01
1.236831336e+01,0.00000e+00,9.99999e-01,0.00000e+00,9.99988e-01,9.99999e-01
1.243015492e+01,0.00000e+00,9.99999e-01,0.00000e+00,9.99988e-01,9.99999e-01
1.249230570e+01,0.00000e+00,9.99999e-01,0.00000e+00,9.99988e-01,9.99999e-01
1.255476723e+01,0.00000e+00,9.99999e-01,0.00000e+00,9.99988e-01,9.99999e-01
1.261754106e+01,0.00000e+00,9.99999e-01,0.00000e+00,9.99989e-01,9.99999e-01
1.268062877e+01,0.00000e+00,9.99999e-01,0.00000e+00,9.99989e-01,9.99999e-01
1.274403191e+01,0.00000e+00,9.99999e-01,0.00000e+00,9.99989e-01,9.99999e-01
1.280775207e+01,0.00000e+00,9.99999e-01,0.00000e+00,9.99989e-01,9.99999e-01
1.287179083e+01,0.00000e+00,9.99999e-01,0.00000e+00,9.99989e-01,9.99999e-01
1.293614979e+01,0.00000e+00,9.99999e-01,0.00000e+00,9.99990e-01,9.99999e-01
1.300083054e+01,0.00000e+00,9.99999e-01,0.00000e+00,9.99990e-01,9.99999e-01
1.306583469e+01,0.00000e+00,9.99999e-01,0.00000e+00,9.99990e-01,9.99999e-01
1.313116386e+01,0.00000e+00,9.99999e-01,0.00000e+00,9.99990e-01,9.99999e-01
1.319681968e+01,0.00000e+00,9.99999e-01,0.00000e+00,9.99990e-01,9.99999e-01
1.326280378e+01,0.00000e+00,9.99999e-01,0.00000e+00,9.99991e-01,9.99999e-01
1.332911780e+01,0.00000e+00,9.99999e-01,0.00000e+00,9.99991e-01,9.99999e-01
1.339576339e+01,0.00000e+00,9.99999e-01,0.00000e+00,9.99991e-01,9.95366e-01
1.346274221e+01,0.00000e+00,9.99999e-01,0.00000e+00,9.99991e-01,9.94891e-01
1.353005592e+01,0.00000e+00,9.99999e-01,0.00000e+00,9.99991e-01,9.94367e-01
1.359770620e+01,0.00000e+00,9.99999e-01,0.00000e+00,9.99991e-01,9.93865e-01
1.366569473e+01,0.00000e+00,9.99999e-01,0.00000e+00,9.99991e-01,9.93317e-01
1.373402320e+01,0.00000e+00,9.99999e-01,0.00000e+00,9.99992e-01,9.92632e-01
1.380269332e+01,0.00000e+00,9.99999e-01,0.00000e+00,9.99992e-01,9.91977e-01
1.387170678e+01,0.00000e+00,9.99999e-01,0.00000e+00,9.99992e-01,9.91262e-01
1.394106532e+01,0.00000e+00,9.99999e-01,0.00000e+00,9.99992e-01,9.90486e-01
1.401077064e+01,0.00000e+00,9.99999e-01,0.00000e+00,9.99992e-01,9.89638e-01
1.408082450e+01,0.00000e+00,9.99999e-01,0.00000e+00,9.99992e-01,9.88719e-01
1.415122862e+01,0.00000e+00,9.99999e-01,0.00000e+00,9.99992e-01,9.87714e-01
1.422198476e+01,0.00000e+00,9.99999e-01,0.00000e+00,9.99993e-01,9.86628e-01
1.429309469e+01,0.00000e+00,9.99999e-01,0.00000e+00,9.99993e-01,9.85438e-01
1.436456016e+01,0.00000e+00,9.99999e-01,0.00000e+00,9.99993e-01,9.84150e-01
1.443638296e+01,0.00000e+00,9.99999e-01,0.00000e+00,9.99993e-01,9.82745e-01
1.450856487e+01,0.00000e+00,9.99999e-01,0.00000e+00,9.99993e-01,9.81219e-01
1.458110770e+01,0.00000e+00,9.99999e-01,0.00000e+00,9.99993e-01,9.79557e-01
1.465401324e+01,0.00000e+00,9.99999e-01,0.00000e+00,9.99993e-01,9.77756e-01
1.472728330e+01,0.00000e+00,9.99999e-01,0.00000e+00,9.99993e-01,9.76083e-01
1.480091972e+01,0.00000e+00,9.99999e-01,0.00000e+00,9.99994e-01,9.73973e-01
1.487492432e+01,0.00000e+00,9.99999e-01,0.00000e+00,9.99994e-01,9.71687e-01
1.494929894e+01,0.00000e+00,9.99999e-01,0.00000e+00,9.99994e-01,9.69197e-01
1.502404544e+01,0.00000e+00,9.99999e-01,0.00000e+00,9.99994e-01,9.66504e-01
1.509916566e+01,0.00000e+00,9.99999e-01,0.00000e+00,9.99994e-01,9.64002e-01
1.517466149e+01,0.00000e+00,9.99999e-01,0.00000e+00,9.99994e-01,9.61323e-01
1.525053480e+01,0.00000e+00,9.99999e-01,0.00000e+00,9.99994e-01,9.57938e-01
1.532678747e+01,0.00000e+00,9.99999e-01,0.00000e+00,9.99994e-01,9.54286e-01
1.540342141e+01,0.00000e+00,9.99999e-01,0.00000e+00,9.99994e-01,9.50901e-01
1.548043852e+01,0.00000e+00,9.99999e-01,0.00000e+00,9.99994e-01,9.47273e-01
1.555784071e+01,0.00000e+00,9.99999e-01,0.00000e+00,9.99995e-01,9.42704e-01
1.563562991e+01,0.00000e+00,9.99999e-01,0.00000e+00,9.99995e-01,9.37773e-01
1.571380806e+01,0.00000e+00,9.99999e-01,0.00000e+00,9.99995e-01,9.33217e-01
1.579237710e+01,0.00000e+00,9.99999e-01,0.00000e+00,9.99995e-01,9.28334e-01
1.587133899e+01,0.00000e+00,9.99999e-01,0.00000e+00,9.99995e-01,9.23113e-01
1.595069568e+01,0.00000e+00,9.99999e-01,0.00000e+00,9.99995e-01,9.17534e-01
1.603044916e+01,0.00000e+00,9.99999e-01,0.00000e+00,9.99995e-01,9.10522e-01
1.611060141e+01,0.00000e+00,9.99999e-01,0.00000e+00,9.99995e-01,9.02976e-01
1.619115441e+01,0.00000e+00,9.99999e-01,0.00000e+00,9.99995e-01,8.96019e-01
1.627211019e+01,0.00000e+00,9.99999e-01,0.00000e+00,9.99995e-01,8.88602e-01
1.635347074e+01,0.00000e+00,9.99999e-01,0.00000e+00,9.99995e-01,8.80692e-01
1.643523809e+01,0.00000e+00,9.99999e-01,0.00000e+00,9.99995e-01,8.72261e-01
1.651741428e+01,0.00000e+00,9.99999e-01,0.00000e+00,9.99995e-01,8.63278e-01
1.660000135e+01,0.00000e+00,9.99999e-01,0.00000e+00,9.99996e-01,8.53762e-01
1.668300136e+01,0.00000e+00,9.99999e-01,0.00000e+00,9.99996e-01,8.43600e-01
1.676641637e+01,0.00000e+00,9.99999e-01,0.00000e+00,9.99996e-01,8.32818e-01
1.685024845e+01,0.00000e+00,9.99999e-01,0.00000e+00,9.99996e-01,8.21370e-01
1.693449969e+01,0.00000e+00,9.99999e-01,0.00000e+00,9.99996e-01,8.09246e-01
1.701917219e+01,0.00000e+00,9.99999e-01,0.00000e+00,9.99996e-01,7.96408e-01
1.710426805e+01,0.00000e+00,9.99999e-01,0.00000e+00,9.99996e-01,7.82834e-01
1.718978939e+01,0.00000e+00,9.99999e-01,0.00000e+00,9.99996e-01,7.70952e-01
1.727573834e+01,0.00000e+00,9.99999e-01,0.00000e+00,9.99996e-01,7.58506e-01
1.736211703e+01,0.00000e+00,9.99999e-01,0.00000e+00,9.99996e-01,7.42864e-01
1.744892761e+01,0.00000e+00,9.99999e-01,0.00000e+00,9.99996e-01,7.26366e-01
1.753617225e+01,0.00000e+00,9.99999e-01,0.00000e+00,9.99996e-01,7.09063e-01
1.762385311e+01,0.00000e+00,9.99999e-01,0.00000e+00,9.99996e-01,6.90926e-01
1.771197238e+01,0.00000e+00,9.99999e-01,0.00000e+00,9.99996e-01,6.71934e-01
1.780053224e+01,0.00000e+00,9.99999e-01,0.00000e+00,9.99996e-01,6.55490e-01
1.788953490e+01,0.00000e+00,9.99999e-01,0.00000e+00,9.99996e-01,6.38440e-01
1.797898258e+01,0.00000e+00,9.99999e-01,0.00000e+00,9.99996e-01,6.17211e-01
1.806887749e+01,0.00000e+00,9.99999e-01,0.00000e+00,9.99997e-01,5.95187e-01
1.815922188e+01,0.00000e+00,9.99999e-01,0.00000e+00,9.99997e-01,5.76267e-01
1.825001799e+01,0.00000e+00,9.99999e-01,0.00000e+00,9.99997e-01,5.56795e-01
1.834126808e+01,0.00000e+00,9.99999e-01,0.00000e+00,9.99997e-01,5.32808e-01
1.843297442e+01,0.00000e+00,9.99999e-01,0.00000e+00,9.99997e-01,5.08191e-01
1.852513929e+01,0.00000e+00,9.99999e-01,0.00000e+00,9.99997e-01,4.87268e-01
1.861776499e+01,0.00000e+00,9.99999e-01,0.00000e+00,9.99997e-01,4.65914e-01
1.871085381e+01,0.00000e+00,9.99999e-01,0.00000e+00,9.99997e-01,4.39940e-01
1.880440808e+01,0.00000e+00,9.99999e-01,0.00000e+00,9.99997e-01,4.18086e-01
1.889843012e+01,0.00000e+00,9.99999e-01,0.00000e+00,9.99997e-01,3.95989e-01
1.899292227e+01,0.00000e+00,9.99999e-01,0.00000e+00,9.99997e-01,3.69424e-01
1.908788688e+01,0.00000e+00,9.99999e-01,0.00000e+00,9.99997e-01,3.47321e-01
1.918332632e+01,0.00000e+00,9.99999e-01,0.00000e+00,9.99997e-01,3.25207e-01
1.927924295e+01,0.00000e+00,9.99999e-01,0.00000e+00,9.99997e-01,3.03365e-01
1.937563916e+01,0.00000e+00,9.99999e-01,0.00000e+00,9.99997e-01,2.81676e-01
1.947251736e+01,0.00000e+00,9.99999e-01,0.00000e+00,9.99997e-01,2.60444e-01
1.956987994e+01,0.00000e+00,9.99999e-01,0.00000e+00,9.99997e-01,2.39590e-01
1.966772934e+01,0.00000e+00,9.99999e-01,0.00000e+00,9.99997e-01,2.15282e-01
1.976606799e+01,0.00000e+00,9.99999e-01,0.00000e+00,9.99997e-01,1.95800e-01
1.986489833e+01,0.00000e+00,9.99999e-01,0.00000e+00,9.99997e-01,1.76986e-01
1.996422282e+01,0.00000e+00,9.99999e-01,0.00000e+00,9.99997e-01,1.59095e-01
