#,Wave/freq,Total,O2,CO2,Rayleigh,CIA
4.000000000e-01,5.61723e-05,9.99999e-01,9.99999e-01,5.61723e-05,9.99999e-01
4.020000000e-01,6.81659e-05,9.99999e-01,9.99999e-01,6.81659e-05,9.99999e-01
4.040100000e-01,8.23881e-05,9.99999e-01,9.99999e-01,8.23881e-05,9.99999e-01
4.060300500e-01,9.92057e-05,9.99999e-01,9.99999e-01,9.92057e-05,9.99999e-01
4.080602003e-01,1.19019e-04,9.99999e-01,9.99999e-01,1.19019e-04,9.99999e-01
4.101005013e-01,1.42276e-04,9.99999e-01,9.99999e-01,1.42276e-04,9.99999e-01
4.121510038e-01,1.69479e-04,9.99999e-01,9.99999e-01,1.69479e-04,9.99999e-01
4.142117588e-01,2.01187e-04,9.99999e-01,9.99999e-01,2.01187e-04,9.99999e-01
4.162828176e-01,2.38020e-04,9.99999e-01,9.99999e-01,2.38020e-04,9.99999e-01
4.183642317e-01,2.80663e-04,9.99999e-01,9.99999e-01,2.80663e-04,9.99999e-01
4.204560528e-01,3.29869e-04,9.99999e-01,9.99999e-01,3.29869e-04,9.99999e-01
4.225583331e-01,3.86468e-04,9.99999e-01,9.99999e-01,3.86468e-04,9.99999e-01
4.246711247e-01,4.51363e-04,9.99999e-01,9.99999e-01,4.51363e-04,9.99999e-01
4.267944804e-01,5.25542e-04,9.99999e-01,9.99999e-01,5.25542e-04,9.99999e-01
4.289284528e-01,6.10075e-04,9.99999e-01,9.99999e-01,6.10075e-04,9.99999e-01
4.310730950e-01,7.06123e-04,9.99999e-01,9.99999e-01,7.06123e-04,9.99999e-01
4.332284605e-01,8.14934e-04,9.99999e-01,9.99999e-01,8.14934e-04,9.99999e-01
4.353946028e-01,9.37855e-04,9.99999e-01,9.99999e-01,9.37855e-04,9.99999e-01
4.375715758e-01,1.07632e-03,9.99999e-01,9.99999e-01,1.07632e-03,9.99999e-01
4.397594337e-01,1.23188e-03,9.99999e-01,9.99999e-01,1.23188e-03,9.99999e-01
4.419582309e-01,1.40617e-03,9.99999e-01,9.99999e-01,1.40617e-03,9.99999e-01
4.441680220e-01,1.60093e-03,9.99999e-01,9.99999e-01,1.60093e-03,9.99999e-01
4.463888621e-01,1.81799e-03,9.99999e-01,9.99999e-01,1.81799e-03,9.99999e-01
4.486208064e-01,2.05931e-03,9.99999e-01,9.99999e-01,2.05931e-03,9.99999e-01
4.508639105e-01,2.32693e-03,9.99999e-01,9.99999e-01,2.32693e-03,9.99999e-01
4.531182300e-01,2.62298e-03,9.99999e-01,9.99999e-01,2.62298e-03,9.99999e-01
4.553838212e-01,2.94972e-03,9.99999e-01,9.99999e-01,2.94972e-03,9.99999e-01
4.576607403e-01,3.30947e-03,9.99999e-01,9.99999e-01,3.30947e-03,9.99999e-01
4.599490440e-01,3.70467e-03,9.99999e-01,9.99999e-01,3.70467e-03,9.99999e-01
4.622487892e-01,4.13783e-03,9.99999e-01,9.99999e-01,4.13783e-03,9.99999e-01
4.645600332e-01,4.61155e-03,9.99999e-01,9.99999e-01,4.61155e-03,9.99999e-01
4.668828333e-01,5.12852e-03,9.99999e-01,9.99999e-01,5.12852e-03,9.99999e-01
4.692172475e-01,5.69148e-03,9.99999e-01,9.99999e-01,5.69148e-03,9.99999e-01
4.715633337e-01,6.30326e-03,9.99999e-01,9.99999e-01,6.30326e-03,9.99999e-01
4.739211504e-01,6.96673e-03,9.99999e-01,9.99999e-01,6.96673e-03,9.99999e-01
4.762907561e-01,7.68484e-03,9.99999e-01,9.99999e-01,7.68484e-03,9.99999e-01
4.786722099e-01,8.46055e-03,9.99999e-01,9.99999e-01,8.46055e-03,9.99999e-01
4.810655710e-01,9.29689e-03,9.99999e-01,9.99999e-01,9.29689e-03,9.99999e-01
4.834708988e-01,1.01969e-02,9.99999e-01,9.99999e-01,1.01969e-02,9.99999e-01
4.858882533e-01,1.11636e-02,9.99999e-01,9.99999e-01,1.11636e-02,9.99999e-01
4.883176946e-01,1.22002e-02,9.99999e-01,9.99999e-01,1.22002e-02,9.99999e-01
4.907592831e-01,1.33096e-02,9.99999e-01,9.99999e-01,1.33096e-02,9.99999e-01
4.932130795e-01,1.44950e-02,9.99999e-01,9.99999e-01,1.44950e-02,9.99999e-01
4.956791449e-01,1.57593e-02,9.99999e-01,9.99999e-01,1.57593e-02,9.99999e-01
4.981575406e-01,1.71057e-02,9.99999e-01,9.99999e-01,1.71057e-02,9.99999e-01
5.006483283e-01,1.85371e-02,9.99999e-01,9.99999e-01,1.85371e-02,9.99999e-01
5.031515699e-01,2.00563e-02,9.99999e-01,9.99999e-01,2.00563e-02,9.99999e-01
5.056673278e-01,2.16664e-02,9.99999e-01,9.99999e-01,2.16664e-02,9.99999e-01
5.081956644e-01,2.33700e-02,9.99999e-01,9.99999e-01,2.33700e-02,9.99999e-01
5.107366428e-01,2.51699e-02,9.99999e-01,9.99999e-01,2.51699e-02,9.99999e-01
5.132903260e-01,2.70688e-02,9.99999e-01,9.99999e-01,2.70688e-02,9.99999e-01
5.158567776e-01,2.90691e-02,9.99999e-01,9.99999e-01,2.90691e-02,9.99999e-01
5.184360615e-01,3.11732e-02,9.99999e-01,9.99999e-01,3.11732e-02,9.99999e-01
5.210282418e-01,3.33836e-02,9.99999e-01,9.99999e-01,3.33836e-02,9.99999e-01
5.236333830e-01,3.57024e-02,9.99999e-01,9.99999e-01,3.57024e-02,9.99999e-01
5.262515499e-01,3.81316e-02,9.99999e-01,9.99999e-01,3.81316e-02,9.99999e-01
5.288828077e-01,4.06732e-02,9.99999e-01,9.99999e-01,4.06732e-02,9.99999e-01
5.315272217e-01,4.33289e-02,9.99999e-01,9.99999e-01,4.33289e-02,9.99999e-01
5.341848578e-01,4.61004e-02,9.99999e-01,9.99999e-01,4.61004e-02,9.99999e-01
5.368557821e-01,4.89892e-02,9.99999e-01,9.99999e-01,4.89892e-02,9.99999e-01
5.395400610e-01,5.19965e-02,9.99999e-01,9.99999e-01,5.19965e-02,9.99999e-01
5.422377613e-01,5.51235e-02,9.99999e-01,9.99999e-01,5.51235e-02,9.99999e-01
5.449489501e-01,5.83711e-02,9.99999e-01,9.99999e-01,5.83711e-02,9.99999e-01
5.476736949e-01,6.17403e-02,9.99999e-01,9.99999e-01,6.17403e-02,9.99999e-01
5.504120634e-01,6.52316e-02,9.99999e-01,9.99999e-01,6.52316e-02,9.99999e-01
5.531641237e-01,6.88455e-02,9.99999e-01,9.99999e-01,6.88455e-02,9.99999e-01
5.559299443e-01,7.25822e-02,9.99999e-01,9.99999e-01,7.25822e-02,9.99999e-01
5.587095940e-01,7.64419e-02,9.99999e-01,9.99999e-01,7.64419e-02,9.99999e-01
5.615031420e-01,8.04246e-02,9.99999e-01,9.99999e-01,8.04246e-02,9.99999e-01
5.643106577e-01,8.45298e-02,9.99999e-01,9.99999e-01,8.45298e-02,9.99999e-01
5.671322110e-01,8.87573e-02,9.99999e-01,9.99999e-01,8.87573e-02,9.99999e-01
5.699678720e-01,9.31064e-02,9.99999e-01,9.99999e-01,9.31064e-02,9.99999e-01
5.728177114e-01,9.75764e-02,9.99999e-01,9.99999e-01,9.75764e-02,9.99999e-01
5.756818000e-01,1.02166e-01,9.99999e-01,9.99999e-01,1.02166e-01,9.99999e-01
5.785602090e-01,1.06875e-01,9.99999e-01,9.99999e-01,1.06875e-01,9.99999e-01
5.814530100e-01,1.11701e-01,9.99999e-01,9.99999e-01,1.11701e-01,9.99999e-01
5.843602750e-01,1.16644e-01,9.99999e-01,9.99999e-01,1.16644e-01,9.99999e-01
5.872820764e-01,1.21701e-01,9.99999e-01,9.99999e-01,1.21701e-01,9.99999e-01
5.902184868e-01,1.26871e-01,9.99999e-01,9.99999e-01,1.26871e-01,9.99999e-01
5.931695792e-01,1.32151e-01,9.99999e-01,9.99999e-01,1.32151e-01,9.99999e-01
5.961354271e-01,1.37541e-01,9.99999e-01,9.99999e-01,1.37541e-01,9.99999e-01
5.991161043e-01,1.43038e-01,9.99999e-01,9.99999e-01,1.43038e-01,9.99999e-01
6.021116848e-01,1.48639e-01,9.99999e-01,9.99999e-01,1.48639e-01,9.99999e-01
6.051222432e-01,1.54342e-01,9.99999e-01,9.99999e-01,1.54342e-01,9.99999e-01
6.081478544e-01,1.60146e-01,9.99999e-01,9.99999e-01,1.60146e-01,9.99999e-01
6.111885937e-01,1.66046e-01,9.99999e-01,9.99999e-01,1.66046e-01,9.99999e-01
6.142445367e-01,1.72040e-01,9.99999e-01,9.99999e-01,1.72040e-01,9.99999e-01
6.173157594e-01,1.78126e-01,9.99999e-01,9.99999e-01,1.78126e-01,9.99999e-01
6.204023382e-01,1.84301e-01,9.99999e-01,9.99999e-01,1.84301e-01,9.99999e-01
6.235043498e-01,1.90562e-01,9.99999e-01,9.99999e-01,1.90562e-01,9.99999e-01
6.266218716e-01,1.96905e-01,9.99999e-01,9.99999e-01,1.96905e-01,9.99999e-01
6.297549810e-01,2.03328e-01,9.99999e-01,9.99999e-01,2.03328e-01,9.99999e-01
6.329037559e-01,2.09827e-01,9.99999e-01,9.99999e-01,2.09827e-01,9.99999e-01
6.360682746e-01,2.16400e-01,9.99999e-01,9.99999e-01,2.16400e-01,9.99999e-01
6.392486160e-01,2.23042e-01,9.99999e-01,9.99999e-01,2.23042e-01,9.99999e-01
6.424448591e-01,2.29751e-01,9.99999e-01,9.99999e-01,2.29751e-01,9.99999e-01
6.456570834e-01,2.36524e-01,9.99999e-01,9.99999e-01,2.36524e-01,9.99999e-01
6.488853688e-01,2.43356e-01,9.99999e-01,9.99999e-01,2.43356e-01,9.99999e-01
6.521297956e-01,2.50245e-01,9.99999e-01,9.99999e-01,2.50245e-01,9.99999e-01
6.553904446e-01,2.57187e-01,9.99999e-01,9.99999e-01,2.57187e-01,9.99999e-01
6.586673968e-01,2.64179e-01,9.99999e-01,9.99999e-01,2.64179e-01,9.99999e-01
6.619607338e-01,2.71217e-01,9.99999e-01,9.99999e-01,2.71217e-01,9.99999e-01
6.652705375e-01,2.78298e-01,9.99999e-01,9.99999e-01,2.78298e-01,9.99999e-01
6.685968902e-01,2.85419e-01,9.99999e-01,9.99999e-01,2.85419e-01,9.99999e-01
6.719398746e-01,2.92576e-01,9.99999e-01,9.99999e-01,2.92576e-01,9.99999e-01
6.752995740e-01,2.99765e-01,9.99999e-01,9.99999e-01,2.99765e-01,9.99999e-01
6.786760719e-01,3.06985e-01,9.99999e-01,9.99999e-01,3.06985e-01,9.99999e-01
6.820694522e-01,3.14230e-01,9.99999e-01,9.99999e-01,3.14230e-01,9.99999e-01
6.854797995e-01,3.21498e-01,9.99999e-01,9.99999e-01,3.21498e-01,9.99999e-01
6.889071985e-01,3.28785e-01,9.99999e-01,9.99999e-01,3.28785e-01,9.99999e-01
6.923517345e-01,3.36089e-01,9.99999e-01,9.99999e-01,3.36089e-01,9.99999e-01
6.958134932e-01,3.43406e-01,9.99999e-01,9.99999e-01,3.43406e-01,9.99999e-01
6.992925606e-01,3.50733e-01,9.99999e-01,9.99999e-01,3.50733e-01,9.99999e-01
7.027890234e-01,3.58067e-01,9.99999e-01,9.99999e-01,3.58067e-01,9.99999e-01
7.063029686e-01,3.65406e-01,9.99999e-01,9.99999e-01,3.65406e-01,9.99999e-01
7.098344834e-01,3.72745e-01,9.99999e-01,9.99999e-01,3.72745e-01,9.99999e-01
7.133836558e-01,3.80082e-01,9.99999e-01,9.99999e-01,3.80082e-01,9.99999e-01
7.169505741e-01,3.87414e-01,9.99999e-01,9.99999e-01,3.87414e-01,9.99999e-01
7.205353270e-01,3.94739e-01,9.99999e-01,9.99999e-01,3.94739e-01,9.99999e-01
7.241380036e-01,4.02054e-01,9.99999e-01,9.99999e-01,4.02054e-01,9.99999e-01
7.277586936e-01,4.09355e-01,9.99999e-01,9.99999e-01,4.09355e-01,9.99999e-01
7.313974871e-01,4.16641e-01,9.99999e-01,9.99999e-01,4.16641e-01,9.99999e-01
7.350544745e-01,4.23909e-01,9.99999e-01,9.99999e-01,4.23909e-01,9.99999e-01
7.387297469e-01,4.31157e-01,9.99999e-01,9.99999e-01,4.31157e-01,9.99999e-01
7.424233956e-01,4.38381e-01,9.99999e-01,9.99999e-01,4.38381e-01,9.99999e-01
7.461355126e-01,4.45581e-01,9.99999e-01,9.99999e-01,4.45581e-01,9.99999e-01
7.498661902e-01,4.52753e-01,9.99999e-01,9.99999e-01,4.52753e-01,9.99999e-01
7.536155211e-01,4.59895e-01,9.99999e-01,9.99999e-01,4.59895e-01,9.99999e-01
7.573835987e-01,4.67005e-01,9.99999e-01,9.99999e-01,4.67005e-01,9.99999e-01
7.611705167e-01,4.74082e-01,9.99999e-01,9.99999e-01,4.74082e-01,9.99999e-01
7.649763693e-01,4.81123e-01,9.99999e-01,9.99999e-01,4.81123e-01,9.99999e-01
7.688012511e-01,4.88127e-01,9.99999e-01,9.99999e-01,4.88127e-01,9.99999e-01
7.726452574e-01,4.95091e-01,9.99999e-01,9.99999e-01,4.95091e-01,9.99999e-01
7.765084837e-01,5.02014e-01,9.99999e-01,9.99999e-01,5.02014e-01,9.99999e-01
7.803910261e-01,4.93121e-01,9.99999e-01,9.69005e-01,5.08894e-01,9.99999e-01
7.842929812e-01,4.46740e-01,9.99999e-01,8.66228e-01,5.15729e-01,9.99999e-01
7.882144461e-01,4.48367e-01,9.99999e-01,8.58087e-01,5.22519e-01,9.99999e-01
7.921555184e-01,4.84163e-01,9.99999e-01,9.14790e-01,5.29262e-01,9.99999e-01
7.961162960e-01,5.04766e-01,9.99999e-01,9.41805e-01,5.35955e-01,9.99999e-01
8.000968774e-01,5.25274e-01,9.99999e-01,9.68070e-01,5.42599e-01,9.99999e-01
8.040973618e-01,5.40009e-01,9.99999e-01,9.83279e-01,5.49191e-01,9.99999e-01
8.081178486e-01,5.51462e-01,9.99999e-01,9.92317e-01,5.55731e-01,9.99999e-01
8.121584379e-01,5.60871e-01,9.99999e-01,9.97605e-01,5.62217e-01,9.99999e-01
8.162192301e-01,5.68348e-01,9.99999e-01,9.99470e-01,5.68649e-01,9.99999e-01
8.203003262e-01,5.75020e-01,9.99999e-01,9.99990e-01,5.75025e-01,9.99999e-01
8.244018279e-01,5.81344e-01,9.99999e-01,9.99999e-01,5.81344e-01,9.99999e-01
8.285238370e-01,5.87606e-01,9.99999e-01,9.99999e-01,5.87606e-01,9.99999e-01
8.326664562e-01,5.93810e-01,9.99999e-01,9.99999e-01,5.93810e-01,9.99999e-01
8.368297885e-01,5.99955e-01,9.99999e-01,9.99999e-01,5.99955e-01,9.99999e-01
8.410139374e-01,6.06040e-01,9.99999e-01,9.99999e-01,6.06040e-01,9.99999e-01
8.452190071e-01,6.12065e-01,9.99999e-01,9.99999e-01,6.12065e-01,9.99999e-01
8.494451021e-01,6.18029e-01,9.99999e-01,9.99999e-01,6.18029e-01,9.99999e-01
8.536923276e-01,6.23931e-01,9.99999e-01,9.99999e-01,6.23931e-01,9.99999e-01
8.579607893e-01,6.29772e-01,9.99999e-01,9.99999e-01,6.29772e-01,9.99999e-01
8.622505932e-01,6.35550e-01,9.99999e-01,9.99999e-01,6.35550e-01,9.99999e-01
8.665618462e-01,5.96322e-01,9.99999e-01,9.29912e-01,6.41266e-01,9.99999e-01
8.708946554e-01,4.49608e-01,9.99999e-01,6.94998e-01,6.46919e-01,9.99999e-01
8.752491287e-01,4.86454e-01,9.99999e-01,7.45513e-01,6.52508e-01,9.99999e-01
8.796253743e-01,5.60009e-01,9.99999e-01,8.51033e-01,6.58034e-01,9.99999e-01
8.840235012e-01,6.10309e-01,9.99999e-01,9.19838e-01,6.63496e-01,9.99999e-01
8.884436187e-01,6.47166e-01,9.99999e-01,9.67515e-01,6.68894e-01,9.99999e-01
8.928858368e-01,6.65292e-01,9.99999e-01,9.86744e-01,6.74228e-01,9.99999e-01
8.973502660e-01,6.77290e-01,9.99999e-01,9.96748e-01,6.79499e-01,9.99999e-01
9.018370173e-01,6.84459e-01,9.99999e-01,9.99640e-01,6.84705e-01,9.99999e-01
9.063462024e-01,6.83671e-01,9.99999e-01,9.91047e-01,6.89846e-01,9.99999e-01
9.108779334e-01,6.80465e-01,9.99999e-01,9.79192e-01,6.94924e-01,9.99999e-01
9.154323231e-01,6.96468e-01,9.99999e-01,9.95041e-01,6.99938e-01,9.99999e-01
9.200094847e-01,6.56518e-01,9.99999e-01,9.31379e-01,7.04888e-01,9.99999e-01
9.246095321e-01,6.40395e-01,9.99999e-01,9.02251e-01,7.09774e-01,9.99999e-01
9.292325798e-01,6.59659e-01,9.99999e-01,9.23121e-01,7.14596e-01,9.99999e-01
9.338787427e-01,6.65438e-01,9.99999e-01,9.25047e-01,7.19355e-01,9.99999e-01
9.385481364e-01,6.83784e-01,9.99999e-01,9.44386e-01,7.24051e-01,9.99999e-01
9.432408771e-01,7.03543e-01,9.99999e-01,9.65497e-01,7.28684e-01,9.99999e-01
9.479570815e-01,7.20195e-01,9.99999e-01,9.82190e-01,7.33254e-01,9.99999e-01
9.526968669e-01,7.31388e-01,9.99999e-01,9.91361e-01,7.37761e-01,9.99999e-01
9.574603512e-01,7.39458e-01,9.99999e-01,9.96295e-01,7.42206e-01,9.99999e-01
9.622476530e-01,7.45726e-01,9.99999e-01,9.98842e-01,7.46590e-01,9.99999e-01
9.670588912e-01,7.50651e-01,9.99999e-01,9.99652e-01,7.50912e-01,9.99999e-01
9.718941857e-01,7.55154e-01,9.99999e-01,9.99974e-01,7.55173e-01,9.99999e-01
9.767536566e-01,7.59373e-01,9.99999e-01,9.99999e-01,7.59373e-01,9.99999e-01
9.816374249e-01,7.63513e-01,9.99999e-01,9.99999e-01,7.63513e-01,9.99999e-01
9.865456120e-01,7.67594e-01,9.99999e-01,9.99999e-01,7.67594e-01,9.99999e-01
9.914783401e-01,7.71614e-01,9.99999e-01,9.99999e-01,7.71614e-01,9.99999e-01
9.964357318e-01,7.75576e-01,9.99999e-01,9.99999e-01,7.75576e-01,9.99999e-01
1.001417910e+00,7.79479e-01,9.99999e-01,9.99999e-01,7.79479e-01,9.99999e-01
1.006425000e+00,7.83324e-01,9.99999e-01,9.99999e-01,7.83324e-01,9.99999e-01
1.011457125e+00,7.87112e-01,9.99999e-01,9.99999e-01,7.87112e-01,9.99999e-01
1.016514411e+00,7.90843e-01,9.99999e-01,9.99999e-01,7.90843e-01,9.99999e-01
1.021596983e+00,7.94482e-01,9.99999e-01,9.99955e-01,7.94517e-01,9.99999e-01
1.026704968e+00,7.95352e-01,9.99999e-01,9.96512e-01,7.98135e-01,9.99999e-01
1.031838492e+00,7.69547e-01,9.99999e-01,9.59897e-01,8.01698e-01,9.99999e-01
1.036997685e+00,1.30713e-01,9.99999e-01,1.62335e-01,8.05205e-01,9.99999e-01
1.042182673e+00,1.07446e-01,9.99999e-01,1.32869e-01,8.08658e-01,9.99999e-01
1.047393587e+00,1.25814e-01,9.99999e-01,1.54932e-01,8.12058e-01,9.99999e-01
1.052630555e+00,4.13196e-03,9.99999e-01,5.06737e-03,8.15404e-01,9.99999e-01
1.057893707e+00,1.01190e-02,9.99999e-01,1.23598e-02,8.18697e-01,9.99999e-01
1.063183176e+00,3.23850e-02,9.99999e-01,3.94007e-02,8.21939e-01,9.99999e-01
1.068499092e+00,8.81586e-02,9.99999e-01,1.06842e-01,8.25129e-01,9.99999e-01
1.073841587e+00,2.00928e-01,9.99999e-01,2.42588e-01,8.28267e-01,9.99999e-01
1.079210795e+00,3.39197e-01,9.99999e-01,4.08004e-01,8.31356e-01,9.99999e-01
1.084606849e+00,5.09266e-01,9.99999e-01,6.10342e-01,8.34394e-01,9.99999e-01
1.090029883e+00,6.48225e-01,9.99999e-01,7.74107e-01,8.37383e-01,9.99999e-01
1.095480033e+00,7.40629e-01,9.99999e-01,8.81361e-01,8.40324e-01,9.99999e-01
1.100957433e+00,7.93462e-01,9.99999e-01,9.40994e-01,8.43217e-01,9.99999e-01
1.106462220e+00,8.25032e-01,9.99999e-01,9.75143e-01,8.46062e-01,9.99999e-01
1.111994531e+00,8.40979e-01,9.99999e-01,9.90715e-01,8.48860e-01,9.99999e-01
1.117554504e+00,8.49668e-01,9.99999e-01,9.97717e-01,8.51612e-01,9.99999e-01
1.123142276e+00,8.54189e-01,9.99999e-01,9.99848e-01,8.54318e-01,9.99999e-01
1.128757988e+00,8.56979e-01,9.99999e-01,9.99999e-01,8.56979e-01,9.99999e-01
1.134401778e+00,8.59596e-01,9.99999e-01,9.99999e-01,8.59596e-01,9.99999e-01
1.140073787e+00,8.62168e-01,9.99999e-01,9.99999e-01,8.62168e-01,9.99999e-01
1.145774156e+00,8.64698e-01,9.99999e-01,9.99999e-01,8.64698e-01,9.99999e-01
1.151503026e+00,8.67184e-01,9.99999e-01,9.99999e-01,8.67184e-01,9.99999e-01
1.157260541e+00,8.69628e-01,9.99999e-01,9.99999e-01,8.69628e-01,9.99999e-01
1.163046844e+00,8.72031e-01,9.99999e-01,9.99999e-01,8.72031e-01,9.99999e-01
1.168862078e+00,8.74393e-01,9.99999e-01,9.99999e-01,8.74393e-01,9.99999e-01
1.174706389e+00,8.76714e-01,9.99999e-01,9.99999e-01,8.76714e-01,9.99999e-01
1.180579921e+00,8.78996e-01,9.99999e-01,9.99999e-01,8.78996e-01,9.99999e-01
1.186482820e+00,8.81234e-01,9.99999e-01,9.99994e-01,8.81238e-01,9.99999e-01
1.192415234e+00,8.72530e-01,9.99999e-01,9.87648e-01,8.83441e-01,9.99999e-01
1.198377311e+00,4.99223e-01,9.99999e-01,5.63707e-01,8.85607e-01,9.99999e-01
1.204369197e+00,9.79914e-11,9.99999e-01,1.10384e-10,8.87734e-01,9.99999e-01
1.210391043e+00,1.04928e-38,9.99999e-01,1.17920e-38,8.89825e-01,9.99999e-01
1.216442998e+00,1.05237e-33,9.99999e-01,1.17994e-33,8.91879e-01,9.99999e-01
1.222525213e+00,3.20127e-33,9.99999e-01,3.58125e-33,8.93897e-01,9.99999e-01
1.228637839e+00,9.99982e-26,9.99999e-01,1.11620e-25,8.95880e-01,9.99999e-01
1.234781029e+00,9.35644e-17,9.99999e-01,1.04212e-16,8.97827e-01,9.99999e-01
1.240954934e+00,2.41664e-11,9.99999e-01,2.68593e-11,8.99741e-01,9.99999e-01
1.247159708e+00,2.26861e-06,9.99999e-01,2.51614e-06,9.01620e-01,9.99999e-01
1.253395507e+00,4.19970e-04,9.99999e-01,4.64843e-04,9.03466e-01,9.99999e-01
1.259662485e+00,7.97685e-03,9.99999e-01,8.81147e-03,9.05280e-01,9.99999e-01
1.265960797e+00,7.05360e-02,9.99999e-01,7.77631e-02,9.07061e-01,9.99999e-01
1.272290601e+00,2.84732e-01,9.99999e-01,3.13302e-01,9.08810e-01,9.99999e-01
1.278652054e+00,2.68322e-01,9.99999e-01,2.94688e-01,9.10528e-01,9.99999e-01
1.285045314e+00,8.07684e-03,9.99999e-01,8.85409e-03,9.12216e-01,9.99999e-01
1.291470541e+00,3.11931e-05,9.99999e-01,3.41329e-05,9.13873e-01,9.99999e-01
1.297927893e+00,5.35885e-03,9.99999e-01,5.85347e-03,9.15500e-01,9.99999e-01
1.304417533e+00,1.29537e-01,9.99999e-01,1.41247e-01,9.17098e-01,9.99999e-01
1.310939621e+00,3.26480e-02,9.99999e-01,3.55385e-02,9.18667e-01,9.99999e-01
1.317494319e+00,8.92297e-14,9.99999e-01,9.69668e-14,9.20207e-01,9.99999e-01
1.324081790e+00,1.34484e-09,9.99999e-01,1.45905e-09,9.21720e-01,9.99999e-01
1.330702199e+00,1.13612e-05,9.99999e-01,1.23062e-05,9.23205e-01,9.99999e-01
1.337355710e+00,1.36218e-05,9.99999e-01,1.47316e-05,9.24664e-01,9.99999e-01
1.344042489e+00,4.18052e-06,9.99999e-01,4.51413e-06,9.26095e-01,9.99999e-01
1.350762701e+00,7.07750e-06,9.99999e-01,7.63071e-06,9.27501e-01,9.99999e-01
1.357516515e+00,4.76004e-04,9.99999e-01,5.12448e-04,9.28881e-01,9.99999e-01
1.364304097e+00,6.83277e-03,9.99999e-01,7.34520e-03,9.30235e-01,9.99999e-01
1.371125618e+00,7.14282e-02,9.99999e-01,7.66754e-02,9.31565e-01,9.99999e-01
1.377981246e+00,1.14368e-01,9.99999e-01,1.22598e-01,9.32870e-01,9.99999e-01
1.384871152e+00,2.75258e-01,9.99999e-01,2.94661e-01,9.34152e-01,9.99999e-01
1.391795508e+00,3.02270e-01,9.99999e-01,3.23142e-01,9.35409e-01,9.99999e-01
1.398754485e+00,4.66575e-01,9.99999e-01,4.98135e-01,9.36644e-01,9.99999e-01
1.405748258e+00,5.61175e-01,9.99999e-01,5.98360e-01,9.37855e-01,9.99999e-01
1.412776999e+00,6.78798e-01,9.99999e-01,7.22860e-01,9.39045e-01,9.99999e-01
1.419840884e+00,6.15758e-01,9.99999e-01,6.54913e-01,9.40212e-01,9.99999e-01
1.426940089e+00,5.94821e-02,9.99999e-01,6.31875e-02,9.41358e-01,9.99999e-01
1.434074789e+00,0.00000e+00,9.99999e-01,0.00000e+00,9.42482e-01,9.99999e-01
1.441245163e+00,0.00000e+00,9.99999e-01,0.00000e+00,9.43585e-01,9.99999e-01
1.448451389e+00,0.00000e+00,9.99999e-01,0.00000e+00,9.44668e-01,9.99999e-01
1.455693646e+00,6.48756e-310,9.99999e-01,6.85983e-310,9.45731e-01,9.99999e-01
1.462972114e+00,3.16803e-150,9.99999e-01,3.34613e-150,9.46774e-01,9.99999e-01
1.470286975e+00,3.87331e-63,9.99999e-01,4.08664e-63,9.47797e-01,9.99999e-01
1.477638409e+00,3.50061e-40,9.99999e-01,3.68950e-40,9.48801e-01,9.99999e-01
1.485026601e+00,6.17355e-23,9.99999e-01,6.49992e-23,9.49787e-01,9.99999e-01
1.492451734e+00,1.53430e-19,9.99999e-01,1.61377e-19,9.50754e-01,9.99999e-01
1.499913993e+00,2.90457e-09,9.99999e-01,3.05197e-09,9.51703e-01,9.99999e-01
1.507413563e+00,4.68034e-08,9.99999e-01,4.91305e-08,9.52634e-01,9.99999e-01
1.514950631e+00,1.88039e-09,9.99999e-01,1.97199e-09,9.53547e-01,9.99999e-01
1.522525384e+00,5.92928e-29,9.99999e-01,6.21228e-29,9.54444e-01,9.99999e-01
1.530138011e+00,2.90358e-67,9.99999e-01,3.03937e-67,9.55323e-01,9.99999e-01
1.537788701e+00,4.17469e-50,9.99999e-01,4.36597e-50,9.56186e-01,9.99999e-01
1.545477645e+00,1.21814e-11,9.99999e-01,1.27283e-11,9.57032e-01,9.99999e-01
1.553205033e+00,3.70761e-08,9.99999e-01,3.87071e-08,9.57863e-01,9.99999e-01
1.560971058e+00,1.11395e-08,9.99999e-01,1.16197e-08,9.58678e-01,9.99999e-01
1.568775913e+00,1.72813e-168,9.99999e-01,1.80111e-168,9.59477e-01,9.99999e-01
1.576619793e+00,0.00000e+00,9.99999e-01,0.00000e+00,9.60261e-01,9.99999e-01
1.584502892e+00,3.03774e-215,9.99999e-01,3.16091e-215,9.61031e-01,9.99999e-01
1.592425406e+00,2.94460e-150,9.99999e-01,3.06160e-150,9.61786e-01,9.99999e-01
1.600387533e+00,1.18272e-241,9.99999e-01,1.22877e-241,9.62526e-01,9.99999e-01
1.608389471e+00,0.00000e+00,9.99999e-01,0.00000e+00,9.63253e-01,9.99999e-01
1.616431418e+00,0.00000e+00,9.99999e-01,0.00000e+00,9.63965e-01,9.99999e-01
1.624513575e+00,1.18548e-190,9.99999e-01,1.22891e-190,9.64664e-01,9.99999e-01
1.632636143e+00,7.75347e-142,9.99999e-01,8.03176e-142,9.65350e-01,9.99999e-01
1.640799324e+00,1.36166e-58,9.99999e-01,1.40955e-58,9.66023e-01,9.99999e-01
1.649003321e+00,1.38978e-58,9.99999e-01,1.43768e-58,9.66682e-01,9.99999e-01
1.657248337e+00,1.49418e-45,9.99999e-01,1.54464e-45,9.67330e-01,9.99999e-01
1.665534579e+00,7.57007e-46,9.99999e-01,7.82060e-46,9.67964e-01,9.99999e-01
1.673862252e+00,1.10189e-29,9.99999e-01,1.13762e-29,9.68587e-01,9.99999e-01
1.682231563e+00,6.17865e-21,9.99999e-01,6.37500e-21,9.69198e-01,9.99999e-01
1.690642721e+00,3.12728e-12,9.99999e-01,3.22467e-12,9.69797e-01,9.99999e-01
1.699095934e+00,5.82861e-08,9.99999e-01,6.00649e-08,9.70385e-01,9.99999e-01
1.707591414e+00,1.38484e-04,9.99999e-01,1.42626e-04,9.70961e-01,9.99999e-01
1.716129371e+00,6.94596e-03,9.99999e-01,7.14953e-03,9.71526e-01,9.99999e-01
1.724710018e+00,6.48061e-02,9.99999e-01,6.66674e-02,9.72081e-01,9.99999e-01
1.733333568e+00,1.68933e-01,9.99999e-01,1.73687e-01,9.72625e-01,9.99999e-01
1.742000236e+00,3.40402e-01,9.99999e-01,3.49791e-01,9.73158e-01,9.99999e-01
1.750710237e+00,1.01874e-02,9.99999e-01,1.04628e-02,9.73681e-01,9.99999e-01
1.759463788e+00,2.63905e-28,9.99999e-01,2.70895e-28,9.74194e-01,9.99999e-01
1.768261107e+00,1.02409e-29,9.99999e-01,1.05067e-29,9.74698e-01,9.99999e-01
1.777102413e+00,1.43779e-28,9.99999e-01,1.47437e-28,9.75191e-01,9.99999e-01
1.785987925e+00,3.53390e-27,9.99999e-01,3.62200e-27,9.75675e-01,9.99999e-01
1.794917864e+00,6.98344e-26,9.99999e-01,7.15406e-26,9.76150e-01,9.99999e-01
1.803892454e+00,4.23126e-25,9.99999e-01,4.33257e-25,9.76615e-01,9.99999e-01
1.812911916e+00,5.07248e-24,9.99999e-01,5.19151e-24,9.77072e-01,9.99999e-01
1.821976476e+00,3.52410e-24,9.99999e-01,3.60514e-24,9.77520e-01,9.99999e-01
1.831086358e+00,1.12792e-19,9.99999e-01,1.15334e-19,9.77959e-01,9.99999e-01
1.840241790e+00,9.71017e-17,9.99999e-01,9.92464e-17,9.78389e-01,9.99999e-01
1.849442999e+00,9.74823e-12,9.99999e-01,9.95925e-12,9.78812e-01,9.99999e-01
1.858690214e+00,7.56657e-11,9.99999e-01,7.72709e-11,9.79226e-01,9.99999e-01
1.867983665e+00,1.31180e-11,9.99999e-01,1.33907e-11,9.79632e-01,9.99999e-01
1.877323583e+00,3.69128e-53,9.99999e-01,3.76650e-53,9.80030e-01,9.99999e-01
1.886710201e+00,1.80013e-69,9.99999e-01,1.83608e-69,9.80421e-01,9.99999e-01
1.896143752e+00,4.39606e-79,9.99999e-01,4.48209e-79,9.80804e-01,9.99999e-01
1.905624471e+00,1.27259e-91,9.99999e-01,1.29700e-91,9.81179e-01,9.99999e-01
1.915152593e+00,4.09815e-71,9.99999e-01,4.17519e-71,9.81547e-01,9.99999e-01
1.924728356e+00,4.57446e-85,9.99999e-01,4.65874e-85,9.81909e-01,9.99999e-01
1.934351998e+00,0.00000e+00,9.99999e-01,0.00000e+00,9.82263e-01,9.99999e-01
1.944023758e+00,0.00000e+00,9.99999e-01,0.00000e+00,9.82610e-01,9.99999e-01
1.953743877e+00,0.00000e+00,9.99999e-01,0.00000e+00,9.82951e-01,9.99999e-01
1.963512596e+00,0.00000e+00,9.99999e-01,0.00000e+00,9.83284e-01,9.99999e-01
1.973330159e+00,0.00000e+00,9.99999e-01,0.00000e+00,9.83612e-01,9.99999e-01
1.983196810e+00,0.00000e+00,9.99999e-01,0.00000e+00,9.83933e-01,9.99999e-01
1.993112794e+00,0.00000e+00,9.99999e-01,0.00000e+00,9.84248e-01,9.99999e-01
2.003078358e+00,0.00000e+00,9.99999e-01,0.00000e+00,9.84557e-01,9.99999e-01
2.013093750e+00,0.00000e+00,9.99999e-01,0.00000e+00,9.84859e-01,9.99999e-01
2.023159218e+00,0.00000e+00,9.99999e-01,0.00000e+00,9.85156e-01,9.99999e-01
2.033275015e+00,0.00000e+00,9.99999e-01,0.00000e+00,9.85447e-01,9.99999e-01
2.043441390e+00,0.00000e+00,9.99999e-01,0.00000e+00,9.85732e-01,9.99999e-01
2.053658597e+00,0.00000e+00,9.99999e-01,0.00000e+00,9.86012e-01,9.99999e-01
2.063926890e+00,0.00000e+00,9.99999e-01,0.00000e+00,9.86287e-01,9.99999e-01
2.074246524e+00,0.00000e+00,9.99999e-01,0.00000e+00,9.86556e-01,9.99999e-01
2.084617757e+00,0.00000e+00,9.99999e-01,0.00000e+00,9.86819e-01,9.99999e-01
2.095040845e+00,0.00000e+00,9.99999e-01,0.00000e+00,9.87078e-01,9.99999e-01
2.105516050e+00,0.00000e+00,9.99999e-01,0.00000e+00,9.87332e-01,9.99999e-01
2.116043630e+00,0.00000e+00,9.99999e-01,0.00000e+00,9.87580e-01,9.99999e-01
2.126623848e+00,0.00000e+00,9.99999e-01,0.00000e+00,9.87824e-01,9.99999e-01
2.137256967e+00,0.00000e+00,9.99999e-01,0.00000e+00,9.88063e-01,9.99999e-01
2.147943252e+00,2.25181e-193,9.99999e-01,2.27847e-193,9.88298e-01,9.99999e-01
2.158682968e+00,1.47025e-116,9.99999e-01,1.48731e-116,9.88527e-01,9.99999e-01
2.169476383e+00,3.85632e-57,9.99999e-01,3.90019e-57,9.88753e-01,9.99999e-01
2.180323765e+00,4.55903e-36,9.99999e-01,4.60986e-36,9.88974e-01,9.99999e-01
2.191225384e+00,7.27599e-19,9.99999e-01,7.35549e-19,9.89190e-01,9.99999e-01
2.202181511e+00,1.51366e-12,9.99999e-01,1.52987e-12,9.89403e-01,9.99999e-01
2.213192418e+00,3.68913e-07,9.99999e-01,3.72786e-07,9.89611e-01,9.99999e-01
2.224258381e+00,1.08572e-04,9.99999e-01,1.09689e-04,9.89815e-01,9.99999e-01
2.235379672e+00,2.46864e-03,9.99999e-01,2.49353e-03,9.90015e-01,9.99999e-01
2.246556571e+00,1.62409e-02,9.99999e-01,1.64014e-02,9.90211e-01,9.99999e-01
2.257789354e+00,7.97310e-02,9.99999e-01,8.05035e-02,9.90404e-01,9.99999e-01
2.269078300e+00,1.06383e-01,9.99999e-01,1.07393e-01,9.90592e-01,9.99999e-01
2.280423692e+00,1.14358e-01,9.99999e-01,1.15423e-01,9.90777e-01,9.99999e-01
2.291825810e+00,2.40601e-01,9.99999e-01,2.42796e-01,9.90959e-01,9.99999e-01
2.303284939e+00,3.24836e-01,9.99999e-01,3.27741e-01,9.91136e-01,9.99999e-01
2.314801364e+00,3.66581e-01,9.99999e-01,3.69793e-01,9.91311e-01,9.99999e-01
2.326375371e+00,5.11584e-01,9.99999e-01,5.15979e-01,9.91482e-01,9.99999e-01
2.338007248e+00,4.83555e-01,9.99999e-01,4.87626e-01,9.91649e-01,9.99999e-01
2.349697284e+00,5.30448e-01,9.99999e-01,5.34826e-01,9.91813e-01,9.99999e-01
2.361445770e+00,6.02199e-01,9.99999e-01,6.07071e-01,9.91974e-01,9.99999e-01
2.373252999e+00,6.30140e-01,9.99999e-01,6.35136e-01,9.92132e-01,9.99999e-01
2.385119264e+00,8.12276e-01,9.99999e-01,8.18589e-01,9.92287e-01,9.99999e-01
2.397044861e+00,9.14641e-01,9.99999e-01,9.21609e-01,9.92439e-01,9.99999e-01
2.409030085e+00,8.61010e-01,9.99999e-01,8.67439e-01,9.92588e-01,9.99999e-01
2.421075235e+00,7.73590e-01,9.99999e-01,7.79252e-01,9.92733e-01,9.99999e-01
2.433180612e+00,2.62847e-01,9.99999e-01,2.64732e-01,9.92876e-01,9.99999e-01
2.445346515e+00,5.28753e-01,9.99999e-01,5.32471e-01,9.93017e-01,9.99999e-01
2.457573247e+00,3.05429e-02,9.99999e-01,3.07534e-02,9.93154e-01,9.99999e-01
2.469861113e+00,1.80082e-08,9.99999e-01,1.81299e-08,9.93289e-01,9.99999e-01
2.482210419e+00,6.52084e-26,9.99999e-01,6.56402e-26,9.93421e-01,9.99999e-01
2.494621471e+00,1.33646e-52,9.99999e-01,1.34514e-52,9.93550e-01,9.99999e-01
2.507094578e+00,6.16595e-51,9.99999e-01,6.20518e-51,9.93677e-01,9.99999e-01
2.519630051e+00,1.61820e-67,9.99999e-01,1.62829e-67,9.93802e-01,9.99999e-01
2.532228202e+00,3.54381e-86,9.99999e-01,3.56547e-86,9.93924e-01,9.99999e-01
2.544889343e+00,3.20336e-89,9.99999e-01,3.22255e-89,9.94044e-01,9.99999e-01
2.557613789e+00,9.34054e-106,9.99999e-01,9.39539e-106,9.94161e-01,9.99999e-01
2.570401858e+00,8.18250e-213,9.99999e-01,8.22960e-213,9.94276e-01,9.99999e-01
2.583253867e+00,0.00000e+00,9.99999e-01,0.00000e+00,9.94389e-01,9.99999e-01
2.596170137e+00,0.00000e+00,9.99999e-01,0.00000e+00,9.94499e-01,9.99999e-01
2.609150988e+00,0.00000e+00,9.99999e-01,0.00000e+00,9.94607e-01,9.99999e-01
2.622196742e+00,0.00000e+00,9.99999e-01,0.00000e+00,9.94714e-01,9.99999e-01
2.635307726e+00,0.00000e+00,9.99999e-01,0.00000e+00,9.94818e-01,9.99999e-01
2.648484265e+00,0.00000e+00,9.99999e-01,0.00000e+00,9.94920e-01,9.99999e-01
2.661726686e+00,0.00000e+00,9.99999e-01,0.00000e+00,9.95020e-01,9.99999e-01
2.675035320e+00,0.00000e+00,9.99999e-01,0.00000e+00,9.95118e-01,9.99999e-01
2.688410496e+00,0.00000e+00,9.99999e-01,0.00000e+00,9.95214e-01,9.99999e-01
2.701852549e+00,0.00000e+00,9.99999e-01,0.00000e+00,9.95309e-01,9.99999e-01
2.715361811e+00,0.00000e+00,9.99999e-01,0.00000e+00,9.95401e-01,9.99999e-01
2.728938620e+00,0.00000e+00,9.99999e-01,0.00000e+00,9.95492e-01,9.99999e-01
2.742583314e+00,0.00000e+00,9.99999e-01,0.00000e+00,9.95580e-01,9.99999e-01
2.756296230e+00,0.00000e+00,9.99999e-01,0.00000e+00,9.95668e-01,9.99999e-01
2.770077711e+00,0.00000e+00,9.99999e-01,0.00000e+00,9.95753e-01,9.99999e-01
2.783928100e+00,0.00000e+00,9.99999e-01,0.00000e+00,9.95837e-01,9.99999e-01
2.797847740e+00,0.00000e+00,9.99999e-01,0.00000e+00,9.95919e-01,9.99999e-01
2.811836979e+00,0.00000e+00,9.99999e-01,0.00000e+00,9.95999e-01,9.99999e-01
2.825896164e+00,0.00000e+00,9.99999e-01,0.00000e+00,9.96078e-01,9.99999e-01
2.840025645e+00,0.00000e+00,9.99999e-01,0.00000e+00,9.96155e-01,9.99999e-01
2.854225773e+00,0.00000e+00,9.99999e-01,0.00000e+00,9.96231e-01,9.99999e-01
2.868496902e+00,0.00000e+00,9.99999e-01,0.00000e+00,9.96305e-01,9.99999e-01
2.882839386e+00,0.00000e+00,9.99999e-01,0.00000e+00,9.96378e-01,9.99999e-01
2.897253583e+00,0.00000e+00,9.99999e-01,0.00000e+00,9.96450e-01,9.99999e-01
2.911739851e+00,0.00000e+00,9.99999e-01,0.00000e+00,9.96520e-01,9.99999e-01
2.926298550e+00,0.00000e+00,9.99999e-01,0.00000e+00,9.96588e-01,9.99999e-01
2.940930043e+00,0.00000e+00,9.99999e-01,0.00000e+00,9.96655e-01,9.99999e-01
2.955634693e+00,0.00000e+00,9.99999e-01,0.00000e+00,9.96721e-01,9.99999e-01
2.970412867e+00,0.00000e+00,9.99999e-01,0.00000e+00,9.96786e-01,9.99999e-01
2.985264931e+00,1.13141e-321,9.99999e-01,1.13141e-321,9.96849e-01,9.99999e-01
3.000191256e+00,1.29751e-251,9.99999e-01,1.30153e-251,9.96911e-01,9.99999e-01
3.015192212e+00,3.10499e-268,9.99999e-01,3.11442e-268,9.96972e-01,9.99999e-01
3.030268173e+00,9.19346e-217,9.99999e-01,9.22082e-217,9.97032e-01,9.99999e-01
3.045419514e+00,2.52153e-132,9.99999e-01,2.52888e-132,9.97091e-01,9.99999e-01
3.060646612e+00,3.56796e-61,9.99999e-01,3.57816e-61,9.97148e-01,9.99999e-01
3.075949845e+00,4.00236e-49,9.99999e-01,1.30961e-48,9.97204e-01,3.06472e-01
3.091329594e+00,2.06431e-47,9.99999e-01,3.33610e-46,9.97259e-01,6.20478e-02
3.106786242e+00,2.83237e-49,9.99999e-01,6.13569e-46,9.97313e-01,4.62865e-04
3.122320173e+00,1.55146e-41,9.99999e-01,2.73564e-32,9.97366e-01,5.68626e-10
3.137931774e+00,8.44684e-36,9.99999e-01,2.47945e-31,9.97418e-01,3.41555e-05
3.153621433e+00,7.37974e-34,9.99999e-01,9.94601e-33,9.97469e-01,7.43861e-02
3.169389540e+00,4.22412e-48,9.99999e-01,1.53687e-43,9.97519e-01,2.75534e-05
3.185236488e+00,1.10484e-42,9.99999e-01,3.48912e-35,9.97568e-01,3.17424e-08
3.201162670e+00,2.85268e-41,9.99999e-01,4.07627e-28,9.97616e-01,7.01497e-14
3.217168483e+00,1.16180e-45,9.99999e-01,1.20007e-26,9.97663e-01,9.70375e-20
3.233254326e+00,7.19875e-52,9.99999e-01,4.48682e-23,9.97709e-01,1.60810e-29
3.249420598e+00,5.32949e-61,9.99999e-01,9.96565e-14,9.97754e-01,5.35989e-48
3.265667701e+00,1.02897e-87,9.99999e-01,1.53603e-11,9.97799e-01,6.71370e-77
3.281996039e+00,1.34808e-128,9.99999e-01,4.88468e-09,9.97842e-01,2.76578e-120
3.298406019e+00,5.49142e-180,9.99999e-01,1.65301e-07,9.97884e-01,3.32911e-173
3.314898049e+00,1.06122e-250,9.99999e-01,3.09095e-07,9.97926e-01,3.44044e-244
3.331472540e+00,1.28348e-206,9.99999e-01,5.21628e-07,9.97967e-01,2.46553e-200
3.348129902e+00,5.25475e-150,9.99999e-01,1.04219e-05,9.98007e-01,5.05207e-145
3.364870552e+00,1.70500e-103,9.99999e-01,2.19790e-05,9.98047e-01,7.77259e-99
3.381694905e+00,2.91808e-65,9.99999e-01,6.66834e-05,9.98085e-01,4.38441e-61
3.398603379e+00,6.73154e-40,9.99999e-01,8.91011e-04,9.98123e-01,7.56914e-37
3.415596396e+00,1.73722e-24,9.99999e-01,1.54754e-03,9.98160e-01,1.12463e-21
3.432674378e+00,9.16694e-17,9.99999e-01,3.75319e-04,9.98196e-01,2.44685e-13
3.449837750e+00,1.40214e-11,9.99999e-01,6.74480e-06,9.98232e-01,2.08252e-06
3.467086939e+00,1.81495e-10,9.99999e-01,1.93120e-09,9.98267e-01,9.41430e-02
3.484422373e+00,7.92181e-13,9.99999e-01,1.13877e-12,9.98301e-01,6.96830e-01
3.501844485e+00,5.57028e-18,9.99999e-01,1.49161e-17,9.98334e-01,3.74063e-01
3.519353708e+00,3.58422e-21,9.99999e-01,3.59212e-21,9.98367e-01,9.99432e-01
3.536950476e+00,1.83818e-25,9.99999e-01,1.84415e-25,9.98399e-01,9.98359e-01
3.554635228e+00,1.32547e-25,9.99999e-01,1.33248e-25,9.98431e-01,9.96300e-01
3.572408405e+00,5.90873e-21,9.99999e-01,5.95533e-21,9.98462e-01,9.93701e-01
3.590270447e+00,5.91472e-20,9.99999e-01,5.94520e-20,9.98492e-01,9.96374e-01
3.608221799e+00,1.73168e-14,9.99999e-01,1.73742e-14,9.98522e-01,9.98168e-01
3.626262908e+00,1.52899e-08,9.99999e-01,1.53178e-08,9.98551e-01,9.99626e-01
3.644394222e+00,9.14217e-07,9.99999e-01,9.15650e-07,9.98580e-01,9.99852e-01
3.662616193e+00,5.77607e-04,9.99999e-01,5.78878e-04,9.98608e-01,9.99195e-01
3.680929274e+00,3.28361e-02,9.99999e-01,3.30160e-02,9.98635e-01,9.95909e-01
3.699333921e+00,2.15857e-01,9.99999e-01,2.18146e-01,9.98662e-01,9.90829e-01
3.717830590e+00,1.40947e-01,9.99999e-01,1.43763e-01,9.98688e-01,9.81693e-01
3.736419743e+00,5.46057e-03,9.99999e-01,5.62591e-03,9.98714e-01,9.71858e-01
3.755101842e+00,1.32900e-07,9.99999e-01,1.36499e-07,9.98740e-01,9.74854e-01
3.773877351e+00,2.54547e-16,9.99999e-01,2.58617e-16,9.98765e-01,9.85479e-01
3.792746738e+00,1.57943e-39,9.99999e-01,1.59054e-39,9.98789e-01,9.94218e-01
3.811710472e+00,3.85922e-26,9.99999e-01,3.87385e-26,9.98813e-01,9.97406e-01
3.830769024e+00,8.52427e-26,9.99999e-01,8.54269e-26,9.98836e-01,9.99004e-01
3.849922869e+00,1.55115e-35,9.99999e-01,1.55331e-35,9.98859e-01,9.99749e-01
3.869172484e+00,1.84081e-22,9.99999e-01,1.84688e-22,9.98882e-01,9.97827e-01
3.888518346e+00,2.77208e-10,9.99999e-01,2.78970e-10,9.98904e-01,9.94773e-01
3.907960938e+00,1.04023e-07,9.99999e-01,1.05086e-07,9.98925e-01,9.90943e-01
3.927500742e+00,6.34616e-08,9.99999e-01,6.42367e-08,9.98947e-01,9.88973e-01
3.947138246e+00,1.45400e-11,9.99999e-01,1.46446e-11,9.98967e-01,9.93881e-01
3.966873937e+00,2.66849e-17,9.99999e-01,2.67469e-17,9.98988e-01,9.98692e-01
3.986708307e+00,2.84260e-26,9.99999e-01,2.84542e-26,9.99008e-01,9.99999e-01
4.006641849e+00,4.72611e-47,9.99999e-01,4.73071e-47,9.99027e-01,9.99999e-01
4.026675058e+00,1.65344e-232,9.99999e-01,1.65502e-232,9.99046e-01,9.99999e-01
4.046808433e+00,0.00000e+00,9.99999e-01,0.00000e+00,9.99065e-01,9.99999e-01
4.067042475e+00,0.00000e+00,9.99999e-01,0.00000e+00,9.99084e-01,9.99999e-01
4.087377688e+00,0.00000e+00,9.99999e-01,0.00000e+00,9.99102e-01,9.99999e-01
4.107814576e+00,0.00000e+00,9.99999e-01,0.00000e+00,9.99119e-01,9.99999e-01
4.128353649e+00,0.00000e+00,9.99999e-01,0.00000e+00,9.99137e-01,9.99999e-01
4.148995417e+00,0.00000e+00,9.99999e-01,0.00000e+00,9.99154e-01,9.99999e-01
4.169740394e+00,0.00000e+00,9.99999e-01,0.00000e+00,9.99171e-01,9.99999e-01
4.190589096e+00,0.00000e+00,9.99999e-01,0.00000e+00,9.99187e-01,9.99999e-01
4.211542042e+00,0.00000e+00,9.99999e-01,0.00000e+00,9.99203e-01,9.99999e-01
4.232599752e+00,0.00000e+00,9.99999e-01,0.00000e+00,9.99219e-01,9.99999e-01
4.253762751e+00,0.00000e+00,9.99999e-01,0.00000e+00,9.99234e-01,9.99999e-01
4.275031564e+00,0.00000e+00,9.99999e-01,0.00000e+00,9.99249e-01,9.99999e-01
4.296406722e+00,0.00000e+00,9.99999e-01,0.00000e+00,9.99264e-01,9.99999e-01
4.317888756e+00,0.00000e+00,9.99999e-01,0.00000e+00,9.99278e-01,9.99999e-01
4.339478200e+00,0.00000e+00,9.99999e-01,0.00000e+00,9.99293e-01,9.99999e-01
4.361175591e+00,0.00000e+00,9.99999e-01,0.00000e+00,9.99307e-01,9.99999e-01
4.382981469e+00,0.00000e+00,9.99999e-01,0.00000e+00,9.99320e-01,9.99999e-01
4.404896376e+00,0.00000e+00,9.99999e-01,0.00000e+00,9.99334e-01,9.99999e-01
4.426920858e+00,0.00000e+00,9.99999e-01,0.00000e+00,9.99347e-01,9.99999e-01
4.449055462e+00,0.00000e+00,9.99999e-01,0.00000e+00,9.99360e-01,9.99999e-01
4.471300739e+00,0.00000e+00,9.99999e-01,0.00000e+00,9.99372e-01,9.99999e-01
4.493657243e+00,0.00000e+00,9.99999e-01,0.00000e+00,9.99385e-01,9.99999e-01
4.516125529e+00,0.00000e+00,9.99999e-01,0.00000e+00,9.99397e-01,9.99999e-01
4.538706157e+00,0.00000e+00,9.99999e-01,0.00000e+00,9.99409e-01,9.99999e-01
4.561399688e+00,0.00000e+00,9.99999e-01,0.00000e+00,9.99420e-01,9.99999e-01
4.584206686e+00,0.00000e+00,9.99999e-01,0.00000e+00,9.99432e-01,9.99999e-01
4.607127720e+00,0.00000e+00,9.99999e-01,0.00000e+00,9.99443e-01,9.99999e-01
4.630163358e+00,0.00000e+00,9.99999e-01,0.00000e+00,9.99454e-01,9.99999e-01
4.653314175e+00,0.00000e+00,9.99999e-01,0.00000e+00,9.99465e-01,9.99999e-01
4.676580746e+00,0.00000e+00,9.99999e-01,0.00000e+00,9.99475e-01,9.99999e-01
4.699963650e+00,0.00000e+00,9.99999e-01,0.00000e+00,9.99486e-01,9.99999e-01
4.723463468e+00,0.00000e+00,9.99999e-01,0.00000e+00,9.99496e-01,9.99999e-01
4.747080785e+00,0.00000e+00,9.99999e-01,0.00000e+00,9.99506e-01,9.99999e-01
4.770816189e+00,0.00000e+00,9.99999e-01,0.00000e+00,9.99515e-01,9.99999e-01
4.794670270e+00,0.00000e+00,9.99999e-01,0.00000e+00,9.99525e-01,9.99999e-01
4.818643622e+00,0.00000e+00,9.99999e-01,0.00000e+00,9.99534e-01,9.99999e-01
4.842736840e+00,0.00000e+00,9.99999e-01,0.00000e+00,9.99544e-01,9.99999e-01
4.866950524e+00,0.00000e+00,9.99999e-01,0.00000e+00,9.99553e-01,9.99999e-01
4.891285276e+00,0.00000e+00,9.99999e-01,0.00000e+00,9.99561e-01,9.99999e-01
4.915741703e+00,0.00000e+00,9.99999e-01,0.00000e+00,9.99570e-01,9.99999e-01
4.940320411e+00,0.00000e+00,9.99999e-01,0.00000e+00,9.99578e-01,9.99999e-01
4.965022013e+00,0.00000e+00,9.99999e-01,0.00000e+00,9.99587e-01,9.99999e-01
4.989847123e+00,0.00000e+00,9.99999e-01,0.00000e+00,9.99595e-01,9.99999e-01
5.014796359e+00,0.00000e+00,9.99999e-01,0.00000e+00,9.99603e-01,9.99999e-01
5.039870341e+00,0.00000e+00,9.99999e-01,0.00000e+00,9.99611e-01,9.99999e-01
5.065069693e+00,0.00000e+00,9.99999e-01,0.00000e+00,9.99618e-01,9.99999e-01
5.090395041e+00,0.00000e+00,9.99999e-01,0.00000e+00,9.99626e-01,9.99999e-01
5.115847016e+00,0.00000e+00,9.99999e-01,0.00000e+00,9.99633e-01,9.99999e-01
5.141426251e+00,0.00000e+00,9.99999e-01,0.00000e+00,9.99641e-01,9.99999e-01
5.167133383e+00,0.00000e+00,9.99999e-01,0.00000e+00,9.99648e-01,9.99999e-01
5.192969049e+00,0.00000e+00,9.99999e-01,0.00000e+00,9.99655e-01,9.99999e-01
5.218933895e+00,0.00000e+00,9.99999e-01,0.00000e+00,9.99661e-01,9.99999e-01
5.245028564e+00,0.00000e+00,9.99999e-01,0.00000e+00,9.99668e-01,9.99999e-01
5.271253707e+00,0.00000e+00,9.99999e-01,0.00000e+00,9.99675e-01,9.99999e-01
5.297609976e+00,0.00000e+00,9.99999e-01,0.00000e+00,9.99681e-01,9.99999e-01
5.324098025e+00,0.00000e+00,9.99999e-01,0.00000e+00,9.99687e-01,9.99999e-01
5.350718516e+00,0.00000e+00,9.99999e-01,0.00000e+00,9.99693e-01,9.99999e-01
5.377472108e+00,0.00000e+00,9.99999e-01,0.00000e+00,9.99699e-01,9.99999e-01
5.404359469e+00,0.00000e+00,9.99999e-01,0.00000e+00,9.99705e-01,9.99999e-01
5.431381266e+00,0.00000e+00,9.99999e-01,0.00000e+00,9.99711e-01,9.99999e-01
5.458538172e+00,7.16419e-265,9.99999e-01,7.16621e-265,9.99717e-01,9.99999e-01
5.485830863e+00,7.18047e-170,9.99999e-01,7.18246e-170,9.99722e-01,9.99999e-01
5.513260018e+00,2.68603e-125,9.99999e-01,2.68676e-125,9.99728e-01,9.99999e-01
5.540826318e+00,1.65937e-83,9.99999e-01,1.65981e-83,9.99733e-01,9.99999e-01
5.568530449e+00,2.16595e-63,9.99999e-01,2.20559e-63,9.99738e-01,9.82286e-01
5.596373101e+00,3.81857e-47,9.99999e-01,3.92247e-47,9.99744e-01,9.73758e-01
5.624354967e+00,1.40260e-41,9.99999e-01,1.45398e-41,9.99749e-01,9.64905e-01
5.652476742e+00,1.53369e-35,9.99999e-01,1.60817e-35,9.99754e-01,9.53919e-01
5.680739126e+00,6.72205e-32,9.99999e-01,7.15653e-32,9.99758e-01,9.39514e-01
5.709142821e+00,5.70147e-30,9.99999e-01,6.20143e-30,9.99763e-01,9.19597e-01
5.737688535e+00,7.88629e-31,9.99999e-01,8.82824e-31,9.99768e-01,8.93508e-01
5.766376978e+00,8.78116e-28,9.99999e-01,1.01910e-27,9.99772e-01,8.61852e-01
5.795208863e+00,1.88213e-20,9.99999e-01,2.29167e-20,9.99777e-01,8.21472e-01
5.824184907e+00,8.43017e-15,9.99999e-01,1.09320e-14,9.99781e-01,7.71310e-01
5.853305832e+00,3.66910e-15,9.99999e-01,5.17377e-15,9.99786e-01,7.09323e-01
5.882572361e+00,7.84398e-18,9.99999e-01,1.23479e-17,9.99790e-01,6.35381e-01
5.911985223e+00,1.43846e-15,9.99999e-01,2.62108e-15,9.99794e-01,5.48916e-01
5.941545149e+00,4.49061e-09,9.99999e-01,9.91726e-09,9.99798e-01,4.52898e-01
5.971252874e+00,5.66933e-06,9.99999e-01,1.61645e-05,9.99802e-01,3.50795e-01
6.001109139e+00,7.10178e-05,9.99999e-01,2.83279e-04,9.99806e-01,2.50747e-01
6.031114685e+00,1.34065e-05,9.99999e-01,8.09787e-05,9.99810e-01,1.65587e-01
6.061270258e+00,1.90740e-07,9.99999e-01,1.97655e-06,9.99813e-01,9.65195e-02
6.091576609e+00,5.26130e-10,9.99999e-01,1.15910e-08,9.99817e-01,4.53996e-02
6.122034492e+00,4.87834e-13,9.99999e-01,2.89419e-11,9.99821e-01,1.68586e-02
6.152644665e+00,6.01321e-17,9.99999e-01,1.21364e-14,9.99824e-01,4.95556e-03
6.183407888e+00,8.09338e-20,9.99999e-01,8.01489e-17,9.99828e-01,1.00996e-03
6.214324928e+00,1.63045e-21,9.99999e-01,1.27204e-17,9.99831e-01,1.28197e-04
6.245396552e+00,3.70039e-19,9.99999e-01,4.18924e-14,9.99834e-01,8.83452e-06
6.276623535e+00,6.75536e-19,9.99999e-01,2.42513e-12,9.99838e-01,2.78601e-07
6.308006653e+00,8.24516e-22,9.99999e-01,2.53232e-13,9.99841e-01,3.25648e-09
6.339546686e+00,1.42217e-28,9.99999e-01,1.28706e-17,9.99844e-01,1.10514e-11
6.371244419e+00,8.23753e-34,9.99999e-01,5.92213e-20,9.99847e-01,1.39118e-14
6.403100641e+00,3.52736e-32,9.99999e-01,9.82493e-15,9.99850e-01,3.59074e-18
6.435116145e+00,1.08665e-29,9.99999e-01,1.46376e-07,9.99853e-01,7.42480e-23
6.467291725e+00,2.07452e-34,9.99999e-01,3.27197e-04,9.99856e-01,6.34119e-31
6.499628184e+00,1.20870e-40,9.99999e-01,2.82722e-02,9.99859e-01,4.27581e-39
6.532126325e+00,3.87787e-49,9.99999e-01,1.33583e-01,9.99861e-01,2.90337e-48
6.564786956e+00,2.56563e-62,9.99999e-01,2.46185e-01,9.99864e-01,1.04229e-61
6.597610891e+00,8.70038e-76,9.99999e-01,3.16926e-01,9.99867e-01,2.74560e-75
6.630598946e+00,6.18488e-95,9.99999e-01,3.67599e-01,9.99869e-01,1.68273e-94
6.663751940e+00,2.94583e-115,9.99999e-01,3.67622e-01,9.99872e-01,8.01421e-115
6.697070700e+00,1.57098e-141,9.99999e-01,2.78410e-01,9.99874e-01,5.64337e-141
6.730556054e+00,3.74524e-169,9.99999e-01,1.65292e-01,9.99877e-01,2.26611e-168
6.764208834e+00,1.18866e-202,9.99999e-01,6.28303e-02,9.99879e-01,1.89208e-201
6.798029878e+00,4.44431e-248,9.99999e-01,1.52426e-02,9.99882e-01,2.91606e-246
6.832020027e+00,2.16651e-301,9.99999e-01,1.46201e-03,9.99884e-01,1.48204e-298
6.866180128e+00,0.00000e+00,9.99999e-01,4.64539e-05,9.99886e-01,0.00000e+00
6.900511028e+00,0.00000e+00,9.99999e-01,3.16595e-07,9.99889e-01,0.00000e+00
6.935013583e+00,0.00000e+00,9.99999e-01,3.97120e-11,9.99891e-01,0.00000e+00
6.969688651e+00,0.00000e+00,9.99999e-01,1.19885e-15,9.99893e-01,0.00000e+00
7.004537095e+00,0.00000e+00,9.99999e-01,7.32357e-24,9.99895e-01,0.00000e+00
7.039559780e+00,0.00000e+00,9.99999e-01,1.28233e-30,9.99897e-01,0.00000e+00
7.074757579e+00,0.00000e+00,9.99999e-01,1.61307e-41,9.99899e-01,0.00000e+00
7.110131367e+00,0.00000e+00,9.99999e-01,2.65591e-48,9.99901e-01,0.00000e+00
7.145682024e+00,0.00000e+00,9.99999e-01,2.77363e-57,9.99903e-01,0.00000e+00
7.181410434e+00,0.00000e+00,9.99999e-01,1.44531e-62,9.99905e-01,0.00000e+00
7.217317486e+00,0.00000e+00,9.99999e-01,1.64055e-65,9.99907e-01,0.00000e+00
7.253404073e+00,0.00000e+00,9.99999e-01,8.07840e-65,9.99908e-01,0.00000e+00
7.289671094e+00,0.00000e+00,9.99999e-01,1.21099e-51,9.99910e-01,0.00000e+00
7.326119449e+00,0.00000e+00,9.99999e-01,1.84465e-48,9.99912e-01,0.00000e+00
7.362750046e+00,0.00000e+00,9.99999e-01,7.29126e-53,9.99914e-01,0.00000e+00
7.399563797e+00,0.00000e+00,9.99999e-01,1.31598e-52,9.99915e-01,0.00000e+00
7.436561616e+00,0.00000e+00,9.99999e-01,5.44122e-44,9.99917e-01,0.00000e+00
7.473744424e+00,0.00000e+00,9.99999e-01,2.02180e-29,9.99919e-01,0.00000e+00
7.511113146e+00,0.00000e+00,9.99999e-01,5.79819e-21,9.99920e-01,0.00000e+00
7.548668712e+00,0.00000e+00,9.99999e-01,2.51642e-13,9.99922e-01,0.00000e+00
7.586412055e+00,0.00000e+00,9.99999e-01,8.16143e-11,9.99923e-01,0.00000e+00
7.624344115e+00,0.00000e+00,9.99999e-01,2.03288e-10,9.99925e-01,0.00000e+00
7.662465836e+00,0.00000e+00,9.99999e-01,3.09796e-12,9.99926e-01,0.00000e+00
7.700778165e+00,0.00000e+00,9.99999e-01,1.99794e-16,9.99928e-01,0.00000e+00
7.739282056e+00,0.00000e+00,9.99999e-01,3.15139e-26,9.99929e-01,0.00000e+00
7.777978466e+00,0.00000e+00,9.99999e-01,8.26561e-35,9.99931e-01,0.00000e+00
7.816868359e+00,0.00000e+00,9.99999e-01,2.00736e-46,9.99932e-01,0.00000e+00
7.855952700e+00,0.00000e+00,9.99999e-01,1.34869e-47,9.99933e-01,0.00000e+00
7.895232464e+00,0.00000e+00,9.99999e-01,3.47000e-40,9.99935e-01,0.00000e+00
7.934708626e+00,0.00000e+00,9.99999e-01,1.08024e-36,9.99936e-01,0.00000e+00
7.974382169e+00,0.00000e+00,9.99999e-01,1.12675e-40,9.99937e-01,0.00000e+00
8.014254080e+00,0.00000e+00,9.99999e-01,6.34590e-49,9.99938e-01,0.00000e+00
8.054325351e+00,0.00000e+00,9.99999e-01,1.12190e-49,9.99939e-01,0.00000e+00
8.094596977e+00,0.00000e+00,9.99999e-01,6.87639e-48,9.99941e-01,0.00000e+00
8.135069962e+00,2.41796e-308,9.99999e-01,2.12992e-43,9.99942e-01,1.13530e-265
8.175745312e+00,4.62482e-243,9.99999e-01,2.88263e-36,9.99943e-01,1.60447e-207
8.216624039e+00,2.03890e-192,9.99999e-01,2.33114e-31,9.99944e-01,8.74683e-162
8.257707159e+00,9.27068e-151,9.99999e-01,3.27850e-25,9.99945e-01,2.82787e-126
8.298995695e+00,1.44670e-118,9.99999e-01,1.52196e-22,9.99946e-01,9.50602e-97
8.340490673e+00,2.66645e-93,9.99999e-01,9.41779e-21,9.99947e-01,2.83143e-73
8.382193126e+00,3.82472e-74,9.99999e-01,1.98425e-19,9.99948e-01,1.92764e-55
8.424104092e+00,1.16118e-57,9.99999e-01,3.21009e-16,9.99949e-01,3.61746e-42
8.466224613e+00,2.85625e-44,9.99999e-01,8.38586e-13,9.99950e-01,3.40619e-32
8.508555736e+00,1.19129e-30,9.99999e-01,3.90402e-08,9.99951e-01,3.05158e-23
8.551098514e+00,1.79665e-22,9.99999e-01,9.36898e-06,9.99952e-01,1.91774e-17
8.593854007e+00,1.74549e-18,9.99999e-01,2.27010e-05,9.99953e-01,7.68937e-14
8.636823277e+00,3.15120e-16,9.99999e-01,3.14093e-06,9.99954e-01,1.00331e-10
8.680007393e+00,1.24617e-14,9.99999e-01,4.84401e-07,9.99955e-01,2.57272e-08
8.723407430e+00,2.42647e-13,9.99999e-01,1.79041e-07,9.99956e-01,1.35532e-06
8.767024467e+00,1.42880e-13,9.99999e-01,4.91431e-09,9.99957e-01,2.90755e-05
8.810859590e+00,1.30295e-30,9.99999e-01,3.38706e-27,9.99957e-01,3.84701e-04
8.854913888e+00,2.70858e-93,9.99999e-01,1.14426e-90,9.99958e-01,2.36721e-03
8.899188457e+00,0.00000e+00,9.99999e-01,0.00000e+00,9.99959e-01,9.51967e-03
8.943684399e+00,0.00000e+00,9.99999e-01,0.00000e+00,9.99960e-01,3.04278e-02
8.988402821e+00,0.00000e+00,9.99999e-01,0.00000e+00,9.99961e-01,6.85972e-02
9.033344836e+00,0.00000e+00,9.99999e-01,0.00000e+00,9.99961e-01,1.27464e-01
9.078511560e+00,0.00000e+00,9.99999e-01,0.00000e+00,9.99962e-01,2.05970e-01
9.123904118e+00,0.00000e+00,9.99999e-01,0.00000e+00,9.99963e-01,2.96970e-01
9.169523638e+00,0.00000e+00,9.99999e-01,0.00000e+00,9.99964e-01,3.94163e-01
9.215371256e+00,0.00000e+00,9.99999e-01,0.00000e+00,9.99964e-01,4.80951e-01
9.261448113e+00,0.00000e+00,9.99999e-01,0.00000e+00,9.99965e-01,5.69803e-01
9.307755353e+00,0.00000e+00,9.99999e-01,0.00000e+00,9.99966e-01,6.49694e-01
9.354294130e+00,0.00000e+00,9.99999e-01,0.00000e+00,9.99966e-01,7.17940e-01
9.401065601e+00,0.00000e+00,9.99999e-01,0.00000e+00,9.99967e-01,7.75626e-01
9.448070929e+00,0.00000e+00,9.99999e-01,0.00000e+00,9.99968e-01,8.18897e-01
9.495311283e+00,0.00000e+00,9.99999e-01,0.00000e+00,9.99968e-01,8.54621e-01
9.542787840e+00,0.00000e+00,9.99999e-01,0.00000e+00,9.99969e-01,8.86310e-01
9.590501779e+00,0.00000e+00,9.99999e-01,0.00000e+00,9.99969e-01,9.11621e-01
9.638454288e+00,0.00000e+00,9.99999e-01,0.00000e+00,9.99970e-01,9.29831e-01
9.686646559e+00,0.00000e+00,9.99999e-01,0.00000e+00,9.99971e-01,9.44408e-01
9.735079792e+00,0.00000e+00,9.99999e-01,0.00000e+00,9.99971e-01,9.56025e-01
9.783755191e+00,0.00000e+00,9.99999e-01,0.00000e+00,9.99972e-01,9.65257e-01
9.832673967e+00,0.00000e+00,9.99999e-01,0.00000e+00,9.99972e-01,9.72582e-01
9.881837337e+00,0.00000e+00,9.99999e-01,0.00000e+00,9.99973e-01,9.78376e-01
9.931246523e+00,0.00000e+00,9.99999e-01,0.00000e+00,9.99973e-01,9.82962e-01
9.980902756e+00,0.00000e+00,9.99999e-01,0.00000e+00,9.99974e-01,9.99999e-01
1.003080727e+01,0.00000e+00,9.99999e-01,0.00000e+00,9.99974e-01,9.99999e-01
1.008096131e+01,0.00000e+00,9.99999e-01,0.00000e+00,9.99975e-01,9.99999e-01
1.013136611e+01,0.00000e+00,9.99999e-01,0.00000e+00,9.99975e-01,9.99999e-01
1.018202294e+01,0.00000e+00,9.99999e-01,0.00000e+00,9.99976e-01,9.99999e-01
1.023293306e+01,0.00000e+00,9.99999e-01,0.00000e+00,9.99976e-01,9.99999e-01
1.028409772e+01,0.00000e+00,9.99999e-01,0.00000e+00,9.99977e-01,9.99999e-01
1.033551821e+01,0.00000e+00,9.99999e-01,0.00000e+00,9.99977e-01,9.99999e-01
1.038719580e+01,0.00000e+00,9.99999e-01,0.00000e+00,9.99977e-01,9.99999e-01
1.043913178e+01,0.00000e+00,9.99999e-01,0.00000e+00,9.99978e-01,9.99999e-01
1.049132744e+01,0.00000e+00,9.99999e-01,0.00000e+00,9.99978e-01,9.99999e-01
1.054378408e+01,0.00000e+00,9.99999e-01,0.00000e+00,9.99979e-01,9.99999e-01
1.059650300e+01,0.00000e+00,9.99999e-01,0.00000e+00,9.99979e-01,9.99999e-01
1.064948551e+01,0.00000e+00,9.99999e-01,0.00000e+00,9.99980e-01,9.99999e-01
1.070273294e+01,0.00000e+00,9.99999e-01,0.00000e+00,9.99980e-01,9.99999e-01
1.075624661e+01,0.00000e+00,9.99999e-01,0.00000e+00,9.99980e-01,9.99999e-01
1.081002784e+01,0.00000e+00,9.99999e-01,0.00000e+00,9.99981e-01,9.99999e-01
1.086407798e+01,0.00000e+00,9.99999e-01,0.00000e+00,9.99981e-01,9.99999e-01
1.091839837e+01,0.00000e+00,9.99999e-01,0.00000e+00,9.99981e-01,9.99999e-01
1.097299036e+01,0.00000e+00,9.99999e-01,0.00000e+00,9.99982e-01,9.99999e-01
1.102785531e+01,0.00000e+00,9.99999e-01,0.00000e+00,9.99982e-01,9.99999e-01
1.108299459e+01,0.00000e+00,9.99999e-01,0.00000e+00,9.99982e-01,9.99999e-01
1.113840956e+01,0.00000e+00,9.99999e-01,0.00000e+00,9.99983e-01,9.99999e-01
1.119410161e+01,0.00000e+00,9.99999e-01,0.00000e+00,9.99983e-01,9.99999e-01
1.125007212e+01,0.00000e+00,9.99999e-01,0.00000e+00,9.99983e-01,9.99999e-01
1.130632248e+01,0.00000e+00,9.99999e-01,0.00000e+00,9.99984e-01,9.99999e-01
1.136285409e+01,0.00000e+00,9.99999e-01,0.00000e+00,9.99984e-01,9.99999e-01
1.141966836e+01,0.00000e+00,9.99999e-01,0.00000e+00,9.99984e-01,9.99999e-01
1.147676670e+01,0.00000e+00,9.99999e-01,0.00000e+00,9.99985e-01,9.99999e-01
1.153415054e+01,0.00000e+00,9.99999e-01,0.00000e+00,9.99985e-01,9.99999e-01
1.159182129e+01,0.00000e+00,9.99999e-01,0.00000e+00,9.99985e-01,9.99999e-01
1.164978039e+01,0.00000e+00,9.99999e-01,0.00000e+00,9.99985e-01,9.99999e-01
1.170802930e+01,0.00000e+00,9.99999e-01,0.00000e+00,9.99986e-01,9.99999e-01
1.176656944e+01,0.00000e+00,9.99999e-01,0.00000e+00,9.99986e-01,9.99999e-01
1.182540229e+01,0.00000e+00,9.99999e-01,0.00000e+00,9.99986e-01,9.99999e-01
1.188452930e+01,0.00000e+00,9.99999e-01,0.00000e+00,9.99986e-01,9.99999e-01
1.194395195e+01,0.00000e+00,9.99999e-01,0.00000e+00,9.99987e-01,9.99999e-01
1.200367171e+01,0.00000e+00,9.99999e-01,0.00000e+00,9.99987e-01,9.99999e-01
1.206369007e+01,0.00000e+00,9.99999e-01,0.00000e+00,9.99987e-01,9.99999e-01
1.212400852e+01,0.00000e+00,9.99999e-01,0.00000e+00,9.99987e-01,9.99999e-01
1.218462856e+01,0.00000e+00,9.99999e-01,0.00000e+00,9.99988e-01,9.99999e-01
1.224555170e+01,0.00000e+00,9.99999e-01,0.00000e+00,9.99988e-01,9.99999e-01
1.230677946e+01,0.00000e+00,9.99999e-01,0.00000e+00,9.99988e-01,9.99999e-01
1.236831336e+01,0.00000e+00,9.99999e-01,0.00000e+00,9.99988e-01,9.99999e-01
1.243015492e+01,0.00000e+00,9.99999e-01,0.00000e+00,9.99989e-01,9.99999e-01
1.249230570e+01,0.00000e+00,9.99999e-01,0.00000e+00,9.99989e-01,9.99999e-01
1.255476723e+01,0.00000e+00,9.99999e-01,0.00000e+00,9.99989e-01,9.99999e-01
1.261754106e+01,0.00000e+00,9.99999e-01,0.00000e+00,9.99989e-01,9.99999e-01
1.268062877e+01,0.00000e+00,9.99999e-01,0.00000e+00,9.99989e-01,9.99999e-01
1.274403191e+01,0.00000e+00,9.99999e-01,0.00000e+00,9.99990e-01,9.99999e-01
1.280775207e+01,0.00000e+00,9.99999e-01,0.00000e+00,9.99990e-01,9.99999e-01
1.287179083e+01,0.00000e+00,9.99999e-01,0.00000e+00,9.99990e-01,9.99999e-01
1.293614979e+01,0.00000e+00,9.99999e-01,0.00000e+00,9.99990e-01,9.99999e-01
1.300083054e+01,0.00000e+00,9.99999e-01,0.00000e+00,9.99990e-01,9.99999e-01
1.306583469e+01,0.00000e+00,9.99999e-01,0.00000e+00,9.99990e-01,9.99999e-01
1.313116386e+01,0.00000e+00,9.99999e-01,0.00000e+00,9.99991e-01,9.99999e-01
1.319681968e+01,0.00000e+00,9.99999e-01,0.00000e+00,9.99991e-01,9.99999e-01
1.326280378e+01,0.00000e+00,9.99999e-01,0.00000e+00,9.99991e-01,9.99999e-01
1.332911780e+01,0.00000e+00,9.99999e-01,0.00000e+00,9.99991e-01,9.99999e-01
1.339576339e+01,0.00000e+00,9.99999e-01,0.00000e+00,9.99991e-01,9.95576e-01
1.346274221e+01,0.00000e+00,9.99999e-01,0.00000e+00,9.99991e-01,9.95122e-01
1.353005592e+01,0.00000e+00,9.99999e-01,0.00000e+00,9.99992e-01,9.94621e-01
1.359770620e+01,0.00000e+00,9.99999e-01,0.00000e+00,9.99992e-01,9.94143e-01
1.366569473e+01,0.00000e+00,9.99999e-01,0.00000e+00,9.99992e-01,9.93619e-01
1.373402320e+01,0.00000e+00,9.99999e-01,0.00000e+00,9.99992e-01,9.93051e-01
1.380269332e+01,0.00000e+00,9.99999e-01,0.00000e+00,9.99992e-01,9.92431e-01
1.387170678e+01,0.00000e+00,9.99999e-01,0.00000e+00,9.99992e-01,9.91656e-01
1.394106532e+01,0.00000e+00,9.99999e-01,0.00000e+00,9.99992e-01,9.90915e-01
1.401077064e+01,0.00000e+00,9.99999e-01,0.00000e+00,9.99992e-01,9.90105e-01
1.408082450e+01,0.00000e+00,9.99999e-01,0.00000e+00,9.99993e-01,9.89227e-01
1.415122862e+01,0.00000e+00,9.99999e-01,0.00000e+00,9.99993e-01,9.88268e-01
1.422198476e+01,0.00000e+00,9.99999e-01,0.00000e+00,9.99993e-01,9.87230e-01
1.429309469e+01,0.00000e+00,9.99999e-01,0.00000e+00,9.99993e-01,9.86094e-01
1.436456016e+01,0.00000e+00,9.99999e-01,0.00000e+00,9.99993e-01,9.84864e-01
1.443638296e+01,0.00000e+00,9.99999e-01,0.00000e+00,9.99993e-01,9.83521e-01
1.450856487e+01,0.00000e+00,9.99999e-01,0.00000e+00,9.99993e-01,9.82063e-01
1.458110770e+01,0.00000e+00,9.99999e-01,0.00000e+00,9.99993e-01,9.80475e-01
1.465401324e+01,0.00000e+00,9.99999e-01,0.00000e+00,9.99994e-01,9.78754e-01
1.472728330e+01,0.00000e+00,9.99999e-01,0.00000e+00,9.99994e-01,9.77155e-01
1.480091972e+01,0.00000e+00,9.99999e-01,0.00000e+00,9.99994e-01,9.75138e-01
1.487492432e+01,0.00000e+00,9.99999e-01,0.00000e+00,9.99994e-01,9.72954e-01
1.494929894e+01,0.00000e+00,9.99999e-01,0.00000e+00,9.99994e-01,9.70931e-01
1.502404544e+01,0.00000e+00,9.99999e-01,0.00000e+00,9.99994e-01,9.68374e-01
1.509916566e+01,0.00000e+00,9.99999e-01,0.00000e+00,9.99994e-01,9.65606e-01
1.517466149e+01,0.00000e+00,9.99999e-01,0.00000e+00,9.99994e-01,9.63045e-01
1.525053480e+01,0.00000e+00,9.99999e-01,0.00000e+00,9.99994e-01,9.59807e-01
1.532678747e+01,0.00000e+00,9.99999e-01,0.00000e+00,9.99994e-01,9.56313e-01
1.540342141e+01,0.00000e+00,9.99999e-01,0.00000e+00,9.99995e-01,9.53075e-01
1.548043852e+01,0.00000e+00,9.99999e-01,0.00000e+00,9.99995e-01,9.49603e-01
1.555784071e+01,0.00000e+00,9.99999e-01,0.00000e+00,9.99995e-01,9.45230e-01
1.563562991e+01,0.00000e+00,9.99999e-01,0.00000e+00,9.99995e-01,9.40509e-01
1.571380806e+01,0.00000e+00,9.99999e-01,0.00000e+00,9.99995e-01,9.36147e-01
1.579237710e+01,0.00000e+00,9.99999e-01,0.00000e+00,9.99995e-01,9.31470e-01
1.587133899e+01,0.00000e+00,9.99999e-01,0.00000e+00,9.99995e-01,9.26469e-01
1.595069568e+01,0.00000e+00,9.99999e-01,0.00000e+00,9.99995e-01,9.21122e-01
1.603044916e+01,0.00000e+00,9.99999e-01,0.00000e+00,9.99995e-01,9.15405e-01
1.611060141e+01,0.00000e+00,9.99999e-01,0.00000e+00,9.99995e-01,9.08221e-01
1.619115441e+01,0.00000e+00,9.99999e-01,0.00000e+00,9.99995e-01,9.00492e-01
1.627211019e+01,0.00000e+00,9.99999e-01,0.00000e+00,9.99995e-01,8.93374e-01
1.635347074e+01,0.00000e+00,9.99999e-01,0.00000e+00,9.99995e-01,8.85781e-01
1.643523809e+01,0.00000e+00,9.99999e-01,0.00000e+00,9.99996e-01,8.77684e-01
1.651741428e+01,0.00000e+00,9.99999e-01,0.00000e+00,9.99996e-01,8.69053e-01
1.660000135e+01,0.00000e+00,9.99999e-01,0.00000e+00,9.99996e-01,8.59906e-01
1.668300136e+01,0.00000e+00,9.99999e-01,0.00000e+00,9.99996e-01,8.50132e-01
1.676641637e+01,0.00000e+00,9.99999e-01,0.00000e+00,9.99996e-01,8.39757e-01
1.685024845e+01,0.00000e+00,9.99999e-01,0.00000e+00,9.99996e-01,8.28733e-01
1.693449969e+01,0.00000e+00,9.99999e-01,0.00000e+00,9.99996e-01,8.17052e-01
1.701917219e+01,0.00000e+00,9.99999e-01,0.00000e+00,9.99996e-01,8.04673e-01
1.710426805e+01,0.00000e+00,9.99999e-01,0.00000e+00,9.99996e-01,7.91575e-01
1.718978939e+01,0.00000e+00,9.99999e-01,0.00000e+00,9.99996e-01,7.80101e-01
1.727573834e+01,0.00000e+00,9.99999e-01,0.00000e+00,9.99996e-01,7.68074e-01
1.736211703e+01,0.00000e+00,9.99999e-01,0.00000e+00,9.99996e-01,7.52946e-01
1.744892761e+01,0.00000e+00,9.99999e-01,0.00000e+00,9.99996e-01,7.36975e-01
1.753617225e+01,0.00000e+00,9.99999e-01,0.00000e+00,9.99996e-01,7.20206e-01
1.762385311e+01,0.00000e+00,9.99999e-01,0.00000e+00,9.99996e-01,7.02609e-01
1.771197238e+01,0.00000e+00,9.99999e-01,0.00000e+00,9.99996e-01,6.84161e-01
1.780053224e+01,0.00000e+00,9.99999e-01,0.00000e+00,9.99997e-01,6.68167e-01
1.788953490e+01,0.00000e+00,9.99999e-01,0.00000e+00,9.99997e-01,6.51566e-01
1.797898258e+01,0.00000e+00,9.99999e-01,0.00000e+00,9.99997e-01,6.30868e-01
1.806887749e+01,0.00000e+00,9.99999e-01,0.00000e+00,9.99997e-01,6.09360e-01
1.815922188e+01,0.00000e+00,9.99999e-01,0.00000e+00,9.99997e-01,5.90854e-01
1.825001799e+01,0.00000e+00,9.99999e-01,0.00000e+00,9.99997e-01,5.71780e-01
1.834126808e+01,0.00000e+00,9.99999e-01,0.00000e+00,9.99997e-01,5.48242e-01
1.843297442e+01,0.00000e+00,9.99999e-01,0.00000e+00,9.99997e-01,5.24034e-01
1.852513929e+01,0.00000e+00,9.99999e-01,0.00000e+00,9.99997e-01,5.03418e-01
1.861776499e+01,0.00000e+00,9.99999e-01,0.00000e+00,9.99997e-01,4.82335e-01
1.871085381e+01,0.00000e+00,9.99999e-01,0.00000e+00,9.99997e-01,4.56632e-01
1.880440808e+01,0.00000e+00,9.99999e-01,0.00000e+00,9.99997e-01,4.34953e-01
1.889843012e+01,0.00000e+00,9.99999e-01,0.00000e+00,9.99997e-01,4.12981e-01
1.899292227e+01,0.00000e+00,9.99999e-01,0.00000e+00,9.99997e-01,3.90959e-01
1.908788688e+01,0.00000e+00,9.99999e-01,0.00000e+00,9.99997e-01,3.68773e-01
1.918332632e+01,0.00000e+00,9.99999e-01,0.00000e+00,9.99997e-01,3.42204e-01
1.927924295e+01,0.00000e+00,9.99999e-01,0.00000e+00,9.99997e-01,3.20229e-01
1.937563916e+01,0.00000e+00,9.99999e-01,0.00000e+00,9.99997e-01,2.98336e-01
1.947251736e+01,0.00000e+00,9.99999e-01,0.00000e+00,9.99997e-01,2.76830e-01
1.956987994e+01,0.00000e+00,9.99999e-01,0.00000e+00,9.99997e-01,2.55630e-01
1.966772934e+01,0.00000e+00,9.99999e-01,0.00000e+00,9.99997e-01,2.30812e-01
1.976606799e+01,0.00000e+00,9.99999e-01,0.00000e+00,9.99997e-01,2.10830e-01
1.986489833e+01,0.00000e+00,9.99999e-01,0.00000e+00,9.99997e-01,1.91447e-01
1.996422282e+01,0.00000e+00,9.99999e-01,0.00000e+00,9.99997e-01,1.72927e-01
