#,Wave/freq,Total,CO2,Rayleigh,CIA
4.000000000e-01,1.02037e-02,9.99999e-01,1.02037e-02,9.99999e-01
4.020000000e-01,1.11720e-02,9.99999e-01,1.11720e-02,9.99999e-01
4.040100000e-01,1.22092e-02,9.99999e-01,1.22092e-02,9.99999e-01
4.060300500e-01,1.33192e-02,9.99999e-01,1.33192e-02,9.99999e-01
4.080602003e-01,1.45052e-02,9.99999e-01,1.45052e-02,9.99999e-01
4.101005013e-01,1.57703e-02,9.99999e-01,1.57703e-02,9.99999e-01
4.121510038e-01,1.71173e-02,9.99999e-01,1.71173e-02,9.99999e-01
4.142117588e-01,1.85494e-02,9.99999e-01,1.85494e-02,9.99999e-01
4.162828176e-01,2.00694e-02,9.99999e-01,2.00694e-02,9.99999e-01
4.183642317e-01,2.16802e-02,9.99999e-01,2.16802e-02,9.99999e-01
4.204560528e-01,2.33847e-02,9.99999e-01,2.33847e-02,9.99999e-01
4.225583331e-01,2.51854e-02,9.99999e-01,2.51854e-02,9.99999e-01
4.246711247e-01,2.70851e-02,9.99999e-01,2.70851e-02,9.99999e-01
4.267944804e-01,2.90862e-02,9.99999e-01,2.90862e-02,9.99999e-01
4.289284528e-01,3.11913e-02,9.99999e-01,3.11913e-02,9.99999e-01
4.310730950e-01,3.34026e-02,9.99999e-01,3.34026e-02,9.99999e-01
4.332284605e-01,3.57223e-02,9.99999e-01,3.57223e-02,9.99999e-01
4.353946028e-01,3.81524e-02,9.99999e-01,3.81524e-02,9.99999e-01
4.375715758e-01,4.06949e-02,9.99999e-01,4.06949e-02,9.99999e-01
4.397594337e-01,4.33516e-02,9.99999e-01,4.33516e-02,9.99999e-01
4.419582309e-01,4.61241e-02,9.99999e-01,4.61241e-02,9.99999e-01
4.441680220e-01,4.90138e-02,9.99999e-01,4.90138e-02,9.99999e-01
4.463888621e-01,5.20221e-02,9.99999e-01,5.20221e-02,9.99999e-01
4.486208064e-01,5.51501e-02,9.99999e-01,5.51501e-02,9.99999e-01
4.508639105e-01,5.83988e-02,9.99999e-01,5.83988e-02,9.99999e-01
4.531182300e-01,6.17690e-02,9.99999e-01,6.17690e-02,9.99999e-01
4.553838212e-01,6.52613e-02,9.99999e-01,6.52613e-02,9.99999e-01
4.576607403e-01,6.88762e-02,9.99999e-01,6.88762e-02,9.99999e-01
4.599490440e-01,7.26140e-02,9.99999e-01,7.26140e-02,9.99999e-01
4.622487892e-01,7.64748e-02,9.99999e-01,7.64748e-02,9.99999e-01
4.645600332e-01,8.04584e-02,9.99999e-01,8.04584e-02,9.99999e-01
4.668828333e-01,8.45647e-02,9.99999e-01,8.45647e-02,9.99999e-01
4.692172475e-01,8.87932e-02,9.99999e-01,8.87932e-02,9.99999e-01
4.715633337e-01,9.31433e-02,9.99999e-01,9.31433e-02,9.99999e-01
4.739211504e-01,9.76143e-02,9.99999e-01,9.76143e-02,9.99999e-01
4.762907561e-01,1.02205e-01,9.99999e-01,1.02205e-01,9.99999e-01
4.786722099e-01,1.06915e-01,9.99999e-01,1.06915e-01,9.99999e-01
4.810655710e-01,1.11742e-01,9.99999e-01,1.11742e-01,9.99999e-01
4.834708988e-01,1.16686e-01,9.99999e-01,1.16686e-01,9.99999e-01
4.858882533e-01,1.21744e-01,9.99999e-01,1.21744e-01,9.99999e-01
4.883176946e-01,1.26914e-01,9.99999e-01,1.26914e-01,9.99999e-01
4.907592831e-01,1.32196e-01,9.99999e-01,1.32196e-01,9.99999e-01
4.932130795e-01,1.37587e-01,9.99999e-01,1.37587e-01,9.99999e-01
4.956791449e-01,1.43084e-01,9.99999e-01,1.43084e-01,9.99999e-01
4.981575406e-01,1.48686e-01,9.99999e-01,1.48686e-01,9.99999e-01
5.006483283e-01,1.54391e-01,9.99999e-01,1.54391e-01,9.99999e-01
5.031515699e-01,1.60195e-01,9.99999e-01,1.60195e-01,9.99999e-01
5.056673278e-01,1.66095e-01,9.99999e-01,1.66095e-01,9.99999e-01
5.081956644e-01,1.72091e-01,9.99999e-01,1.72091e-01,9.99999e-01
5.107366428e-01,1.78178e-01,9.99999e-01,1.78178e-01,9.99999e-01
5.132903260e-01,1.84353e-01,9.99999e-01,1.84353e-01,9.99999e-01
5.158567776e-01,1.90615e-01,9.99999e-01,1.90615e-01,9.99999e-01
5.184360615e-01,1.96959e-01,9.99999e-01,1.96959e-01,9.99999e-01
5.210282418e-01,2.03382e-01,9.99999e-01,2.03382e-01,9.99999e-01
5.236333830e-01,2.09882e-01,9.99999e-01,2.09882e-01,9.99999e-01
5.262515499e-01,2.16455e-01,9.99999e-01,2.16455e-01,9.99999e-01
5.288828077e-01,2.23098e-01,9.99999e-01,2.23098e-01,9.99999e-01
5.315272217e-01,2.29808e-01,9.99999e-01,2.29808e-01,9.99999e-01
5.341848578e-01,2.36581e-01,9.99999e-01,2.36581e-01,9.99999e-01
5.368557821e-01,2.43414e-01,9.99999e-01,2.43414e-01,9.99999e-01
5.395400610e-01,2.50303e-01,9.99999e-01,2.50303e-01,9.99999e-01
5.422377613e-01,2.57245e-01,9.99999e-01,2.57245e-01,9.99999e-01
5.449489501e-01,2.64238e-01,9.99999e-01,2.64238e-01,9.99999e-01
5.476736949e-01,2.71276e-01,9.99999e-01,2.71276e-01,9.99999e-01
5.504120634e-01,2.78358e-01,9.99999e-01,2.78358e-01,9.99999e-01
5.531641237e-01,2.85479e-01,9.99999e-01,2.85479e-01,9.99999e-01
5.559299443e-01,2.92636e-01,9.99999e-01,2.92636e-01,9.99999e-01
5.587095940e-01,2.99826e-01,9.99999e-01,2.99826e-01,9.99999e-01
5.615031420e-01,3.07045e-01,9.99999e-01,3.07045e-01,9.99999e-01
5.643106577e-01,3.14290e-01,9.99999e-01,3.14290e-01,9.99999e-01
5.671322110e-01,3.21559e-01,9.99999e-01,3.21559e-01,9.99999e-01
5.699678720e-01,3.28846e-01,9.99999e-01,3.28846e-01,9.99999e-01
5.728177114e-01,3.36150e-01,9.99999e-01,3.36150e-01,9.99999e-01
5.756818000e-01,3.43467e-01,9.99999e-01,3.43467e-01,9.99999e-01
5.785602090e-01,3.50795e-01,9.99999e-01,3.50795e-01,9.99999e-01
5.814530100e-01,3.58129e-01,9.99999e-01,3.58129e-01,9.99999e-01
5.843602750e-01,3.65467e-01,9.99999e-01,3.65467e-01,9.99999e-01
5.872820764e-01,3.72806e-01,9.99999e-01,3.72806e-01,9.99999e-01
5.902184868e-01,3.80143e-01,9.99999e-01,3.80143e-01,9.99999e-01
5.931695792e-01,3.87476e-01,9.99999e-01,3.87476e-01,9.99999e-01
5.961354271e-01,3.94800e-01,9.99999e-01,3.94800e-01,9.99999e-01
5.991161043e-01,4.02115e-01,9.99999e-01,4.02115e-01,9.99999e-01
6.021116848e-01,4.09416e-01,9.99999e-01,4.09416e-01,9.99999e-01
6.051222432e-01,4.16702e-01,9.99999e-01,4.16702e-01,9.99999e-01
6.081478544e-01,4.23970e-01,9.99999e-01,4.23970e-01,9.99999e-01
6.111885937e-01,4.31217e-01,9.99999e-01,4.31217e-01,9.99999e-01
6.142445367e-01,4.38442e-01,9.99999e-01,4.38442e-01,9.99999e-01
6.173157594e-01,4.45641e-01,9.99999e-01,4.45641e-01,9.99999e-01
6.204023382e-01,4.52812e-01,9.99999e-01,4.52812e-01,9.99999e-01
6.235043498e-01,4.59954e-01,9.99999e-01,4.59954e-01,9.99999e-01
6.266218716e-01,4.67065e-01,9.99999e-01,4.67065e-01,9.99999e-01
6.297549810e-01,4.74141e-01,9.99999e-01,4.74141e-01,9.99999e-01
6.329037559e-01,4.81182e-01,9.99999e-01,4.81182e-01,9.99999e-01
6.360682746e-01,4.88185e-01,9.99999e-01,4.88185e-01,9.99999e-01
6.392486160e-01,4.95149e-01,9.99999e-01,4.95149e-01,9.99999e-01
6.424448591e-01,5.02071e-01,9.99999e-01,5.02071e-01,9.99999e-01
6.456570834e-01,5.08951e-01,9.99999e-01,5.08951e-01,9.99999e-01
6.488853688e-01,5.15786e-01,9.99999e-01,5.15786e-01,9.99999e-01
6.521297956e-01,5.22576e-01,9.99999e-01,5.22576e-01,9.99999e-01
6.553904446e-01,5.29318e-01,9.99999e-01,5.29318e-01,9.99999e-01
6.586673968e-01,5.36011e-01,9.99999e-01,5.36011e-01,9.99999e-01
6.619607338e-01,5.42654e-01,9.99999e-01,5.42654e-01,9.99999e-01
6.652705375e-01,5.49246e-01,9.99999e-01,5.49246e-01,9.99999e-01
6.685968902e-01,5.55786e-01,9.99999e-01,5.55786e-01,9.99999e-01
6.719398746e-01,5.62271e-01,9.99999e-01,5.62271e-01,9.99999e-01
6.752995740e-01,5.68703e-01,9.99999e-01,5.68703e-01,9.99999e-01
6.786760719e-01,5.75078e-01,9.99999e-01,5.75078e-01,9.99999e-01
6.820694522e-01,5.81397e-01,9.99999e-01,5.81397e-01,9.99999e-01
6.854797995e-01,5.87659e-01,9.99999e-01,5.87659e-01,9.99999e-01
6.889071985e-01,5.93862e-01,9.99999e-01,5.93862e-01,9.99999e-01
6.923517345e-01,6.00006e-01,9.99999e-01,6.00006e-01,9.99999e-01
6.958134932e-01,6.06091e-01,9.99999e-01,6.06091e-01,9.99999e-01
6.992925606e-01,6.12115e-01,9.99999e-01,6.12115e-01,9.99999e-01
7.027890234e-01,6.18078e-01,9.99999e-01,6.18078e-01,9.99999e-01
7.063029686e-01,6.23980e-01,9.99999e-01,6.23980e-01,9.99999e-01
7.098344834e-01,6.29821e-01,9.99999e-01,6.29821e-01,9.99999e-01
7.133836558e-01,6.35598e-01,9.99999e-01,6.35598e-01,9.99999e-01
7.169505741e-01,6.41314e-01,9.99999e-01,6.41314e-01,9.99999e-01
7.205353270e-01,6.46966e-01,9.99999e-01,6.46966e-01,9.99999e-01
7.241380036e-01,6.52555e-01,9.99999e-01,6.52555e-01,9.99999e-01
7.277586936e-01,6.58080e-01,9.99999e-01,6.58080e-01,9.99999e-01
7.313974871e-01,6.63541e-01,9.99999e-01,6.63541e-01,9.99999e-01
7.350544745e-01,6.68939e-01,9.99999e-01,6.68939e-01,9.99999e-01
7.387297469e-01,6.74273e-01,9.99999e-01,6.74273e-01,9.99999e-01
7.424233956e-01,6.79542e-01,9.99999e-01,6.79542e-01,9.99999e-01
7.461355126e-01,6.84748e-01,9.99999e-01,6.84748e-01,9.99999e-01
7.498661902e-01,6.89889e-01,9.99999e-01,6.89889e-01,9.99999e-01
7.536155211e-01,6.94966e-01,9.99999e-01,6.94966e-01,9.99999e-01
7.573835987e-01,6.99980e-01,9.99999e-01,6.99980e-01,9.99999e-01
7.611705167e-01,7.04929e-01,9.99999e-01,7.04929e-01,9.99999e-01
7.649763693e-01,7.09814e-01,9.99999e-01,7.09814e-01,9.99999e-01
7.688012511e-01,7.14636e-01,9.99999e-01,7.14636e-01,9.99999e-01
7.726452574e-01,7.19395e-01,9.99999e-01,7.19395e-01,9.99999e-01
7.765084837e-01,7.24090e-01,9.99999e-01,7.24090e-01,9.99999e-01
7.803910261e-01,7.16888e-01,9.83759e-01,7.28722e-01,9.99999e-01
7.842929812e-01,6.85165e-01,9.34368e-01,7.33292e-01,9.99999e-01
7.882144461e-01,6.85676e-01,9.29352e-01,7.37799e-01,9.99999e-01
7.921555184e-01,7.11701e-01,9.58851e-01,7.42243e-01,9.99999e-01
7.961162960e-01,7.26077e-01,9.72475e-01,7.46626e-01,9.99999e-01
8.000968774e-01,7.39666e-01,9.84976e-01,7.50948e-01,9.99999e-01
8.040973618e-01,7.49328e-01,9.92213e-01,7.55209e-01,9.99999e-01
8.081178486e-01,7.56683e-01,9.96410e-01,7.59408e-01,9.99999e-01
8.121584379e-01,7.62706e-01,9.98896e-01,7.63548e-01,9.99999e-01
8.162192301e-01,7.67441e-01,9.99755e-01,7.67628e-01,9.99999e-01
8.203003262e-01,7.71645e-01,9.99996e-01,7.71648e-01,9.99999e-01
8.244018279e-01,7.75609e-01,9.99999e-01,7.75609e-01,9.99999e-01
8.285238370e-01,7.79512e-01,9.99999e-01,7.79512e-01,9.99999e-01
8.326664562e-01,7.83356e-01,9.99999e-01,7.83356e-01,9.99999e-01
8.368297885e-01,7.87144e-01,9.99999e-01,7.87144e-01,9.99999e-01
8.410139374e-01,7.90874e-01,9.99999e-01,7.90874e-01,9.99999e-01
8.452190071e-01,7.94547e-01,9.99999e-01,7.94547e-01,9.99999e-01
8.494451021e-01,7.98165e-01,9.99999e-01,7.98165e-01,9.99999e-01
8.536923276e-01,8.01727e-01,9.99999e-01,8.01727e-01,9.99999e-01
8.579607893e-01,8.05234e-01,9.99999e-01,8.05234e-01,9.99999e-01
8.622505932e-01,8.08687e-01,9.99999e-01,8.08687e-01,9.99999e-01
8.665618462e-01,7.76677e-01,9.56397e-01,8.12086e-01,9.99999e-01
8.708946554e-01,6.83942e-01,8.38748e-01,8.15432e-01,9.99999e-01
8.752491287e-01,7.12219e-01,8.69912e-01,8.18725e-01,9.99999e-01
8.796253743e-01,7.62103e-01,9.27171e-01,8.21966e-01,9.99999e-01
8.840235012e-01,7.93598e-01,9.61755e-01,8.25155e-01,9.99999e-01
8.884436187e-01,8.15715e-01,9.84813e-01,8.28293e-01,9.99999e-01
8.928858368e-01,8.26245e-01,9.93821e-01,8.31381e-01,9.99999e-01
8.973502660e-01,8.33169e-01,9.98501e-01,8.34419e-01,9.99999e-01
9.018370173e-01,8.37270e-01,9.99834e-01,8.37408e-01,9.99999e-01
9.063462024e-01,8.36706e-01,9.95665e-01,8.40348e-01,9.99999e-01
9.108779334e-01,8.35018e-01,9.90248e-01,8.43241e-01,9.99999e-01
9.154323231e-01,8.44154e-01,9.97717e-01,8.46085e-01,9.99999e-01
9.200094847e-01,8.19634e-01,9.65543e-01,8.48883e-01,9.99999e-01
9.246095321e-01,8.11653e-01,9.53052e-01,8.51635e-01,9.99999e-01
9.292325798e-01,8.22384e-01,9.62595e-01,8.54340e-01,9.99999e-01
9.338787427e-01,8.26286e-01,9.64159e-01,8.57001e-01,9.99999e-01
9.385481364e-01,8.36918e-01,9.73593e-01,8.59617e-01,9.99999e-01
9.432408771e-01,8.48224e-01,9.83801e-01,8.62190e-01,9.99999e-01
9.479570815e-01,8.57498e-01,9.91649e-01,8.64719e-01,9.99999e-01
9.526968669e-01,8.63710e-01,9.95969e-01,8.67205e-01,9.99999e-01
9.574603512e-01,8.68150e-01,9.98276e-01,8.69649e-01,9.99999e-01
9.622476530e-01,8.71583e-01,9.99462e-01,8.72051e-01,9.99999e-01
9.670588912e-01,8.74272e-01,9.99838e-01,8.74413e-01,9.99999e-01
9.718941857e-01,8.76724e-01,9.99988e-01,8.76734e-01,9.99999e-01
9.767536566e-01,8.79015e-01,9.99999e-01,8.79015e-01,9.99999e-01
9.816374249e-01,8.81257e-01,9.99999e-01,8.81257e-01,9.99999e-01
9.865456120e-01,8.83460e-01,9.99999e-01,8.83460e-01,9.99999e-01
9.914783401e-01,8.85625e-01,9.99999e-01,8.85625e-01,9.99999e-01
9.964357318e-01,8.87752e-01,9.99999e-01,8.87752e-01,9.99999e-01
1.001417910e+00,8.89842e-01,9.99999e-01,8.89842e-01,9.99999e-01
1.006425000e+00,8.91896e-01,9.99999e-01,8.91896e-01,9.99999e-01
1.011457125e+00,8.93914e-01,9.99999e-01,8.93914e-01,9.99999e-01
1.016514411e+00,8.95896e-01,9.99999e-01,8.95896e-01,9.99999e-01
1.021596983e+00,8.97821e-01,9.99974e-01,8.97843e-01,9.99999e-01
1.026704968e+00,8.98237e-01,9.98310e-01,8.99757e-01,9.99999e-01
1.031838492e+00,8.77816e-01,9.73580e-01,9.01636e-01,9.99999e-01
1.036997685e+00,2.77418e-01,3.07054e-01,9.03482e-01,9.99999e-01
1.042182673e+00,3.37853e-01,3.73196e-01,9.05295e-01,9.99999e-01
1.047393587e+00,3.07100e-01,3.38560e-01,9.07076e-01,9.99999e-01
1.052630555e+00,5.36242e-02,5.90038e-02,9.08825e-01,9.99999e-01
1.057893707e+00,9.85002e-02,1.08177e-01,9.10543e-01,9.99999e-01
1.063183176e+00,1.82489e-01,2.00047e-01,9.12230e-01,9.99999e-01
1.068499092e+00,3.12955e-01,3.42443e-01,9.13886e-01,9.99999e-01
1.073841587e+00,4.66550e-01,5.09604e-01,9.15513e-01,9.99999e-01
1.079210795e+00,5.99543e-01,6.53729e-01,9.17111e-01,9.99999e-01
1.084606849e+00,7.28766e-01,7.93274e-01,9.18680e-01,9.99999e-01
1.090029883e+00,8.16221e-01,8.86983e-01,9.20220e-01,9.99999e-01
1.095480033e+00,8.68947e-01,9.42731e-01,9.21733e-01,9.99999e-01
1.100957433e+00,8.97390e-01,9.72023e-01,9.23218e-01,9.99999e-01
1.106462220e+00,9.13905e-01,9.88351e-01,9.24676e-01,9.99999e-01
1.111994531e+00,9.22096e-01,9.95668e-01,9.26107e-01,9.99999e-01
1.117554504e+00,9.26533e-01,9.98943e-01,9.27512e-01,9.99999e-01
1.123142276e+00,9.28828e-01,9.99930e-01,9.28892e-01,9.99999e-01
1.128757988e+00,9.30246e-01,9.99999e-01,9.30246e-01,9.99999e-01
1.134401778e+00,9.31576e-01,9.99999e-01,9.31576e-01,9.99999e-01
1.140073787e+00,9.32881e-01,9.99999e-01,9.32881e-01,9.99999e-01
1.145774156e+00,9.34162e-01,9.99999e-01,9.34162e-01,9.99999e-01
1.151503026e+00,9.35420e-01,9.99999e-01,9.35420e-01,9.99999e-01
1.157260541e+00,9.36654e-01,9.99999e-01,9.36654e-01,9.99999e-01
1.163046844e+00,9.37865e-01,9.99999e-01,9.37865e-01,9.99999e-01
1.168862078e+00,9.39055e-01,9.99999e-01,9.39055e-01,9.99999e-01
1.174706389e+00,9.40222e-01,9.99999e-01,9.40222e-01,9.99999e-01
1.180579921e+00,9.41367e-01,9.99999e-01,9.41367e-01,9.99999e-01
1.186482820e+00,9.42488e-01,9.99996e-01,9.42491e-01,9.99999e-01
1.192415234e+00,9.37851e-01,9.93912e-01,9.43595e-01,9.99999e-01
1.198377311e+00,5.56496e-01,5.89085e-01,9.44677e-01,9.99999e-01
1.204369197e+00,3.18593e-06,3.36871e-06,9.45740e-01,9.99999e-01
1.210391043e+00,2.47595e-19,2.61511e-19,9.46782e-01,9.99999e-01
1.216442998e+00,5.56823e-17,5.87486e-17,9.47806e-01,9.99999e-01
1.222525213e+00,9.92573e-17,1.04612e-16,9.48810e-01,9.99999e-01
1.228637839e+00,7.51610e-13,7.91338e-13,9.49795e-01,9.99999e-01
1.234781029e+00,5.16501e-09,5.43249e-09,9.50762e-01,9.99999e-01
1.240954934e+00,4.10052e-06,4.30857e-06,9.51711e-01,9.99999e-01
1.247159708e+00,9.25433e-04,9.71438e-04,9.52641e-01,9.99999e-01
1.253395507e+00,2.13521e-02,2.23921e-02,9.53555e-01,9.99999e-01
1.259662485e+00,1.10907e-01,1.16200e-01,9.54451e-01,9.99999e-01
1.265960797e+00,2.74827e-01,2.87677e-01,9.55330e-01,9.99999e-01
1.272290601e+00,5.74287e-01,6.00597e-01,9.56193e-01,9.99999e-01
1.278652054e+00,5.09508e-01,5.32379e-01,9.57039e-01,9.99999e-01
1.285045314e+00,3.49014e-02,3.64365e-02,9.57870e-01,9.99999e-01
1.291470541e+00,6.01284e-03,6.27197e-03,9.58685e-01,9.99999e-01
1.297927893e+00,8.00481e-02,8.34282e-02,9.59484e-01,9.99999e-01
1.304417533e+00,3.81267e-01,3.97042e-01,9.60268e-01,9.99999e-01
1.310939621e+00,7.45156e-02,7.75366e-02,9.61037e-01,9.99999e-01
1.317494319e+00,4.39390e-07,4.56845e-07,9.61792e-01,9.99999e-01
1.324081790e+00,2.82543e-05,2.93541e-05,9.62532e-01,9.99999e-01
1.330702199e+00,3.96021e-03,4.11126e-03,9.63259e-01,9.99999e-01
1.337355710e+00,2.76456e-03,2.86789e-03,9.63971e-01,9.99999e-01
1.344042489e+00,9.90450e-04,1.02672e-03,9.64670e-01,9.99999e-01
1.350762701e+00,3.14596e-03,3.25886e-03,9.65356e-01,9.99999e-01
1.357516515e+00,2.21142e-02,2.28918e-02,9.66028e-01,9.99999e-01
1.364304097e+00,9.30004e-02,9.62051e-02,9.66688e-01,9.99999e-01
1.371125618e+00,2.80402e-01,2.89870e-01,9.67335e-01,9.99999e-01
1.377981246e+00,3.60582e-01,3.72513e-01,9.67970e-01,9.99999e-01
1.384871152e+00,5.45268e-01,5.62949e-01,9.68592e-01,9.99999e-01
1.391795508e+00,5.70240e-01,5.88359e-01,9.69203e-01,9.99999e-01
1.398754485e+00,7.00073e-01,7.21871e-01,9.69802e-01,9.99999e-01
1.405748258e+00,7.62950e-01,7.86230e-01,9.70390e-01,9.99999e-01
1.412776999e+00,8.34447e-01,8.59398e-01,9.70966e-01,9.99999e-01
1.419840884e+00,7.75215e-01,7.97930e-01,9.71531e-01,9.99999e-01
1.426940089e+00,1.07094e-01,1.10170e-01,9.72086e-01,9.99999e-01
1.434074789e+00,1.47854e-269,1.52015e-269,9.72629e-01,9.99999e-01
1.441245163e+00,0.00000e+00,0.00000e+00,9.73163e-01,9.99999e-01
1.448451389e+00,0.00000e+00,0.00000e+00,9.73686e-01,9.99999e-01
1.455693646e+00,2.01604e-146,2.06943e-146,9.74199e-01,9.99999e-01
1.462972114e+00,1.36490e-71,1.40033e-71,9.74702e-01,9.99999e-01
1.470286975e+00,8.89180e-31,9.11796e-31,9.75195e-01,9.99999e-01
1.477638409e+00,5.44033e-20,5.57593e-20,9.75679e-01,9.99999e-01
1.485026601e+00,9.52886e-12,9.76162e-12,9.76154e-01,9.99999e-01
1.492451734e+00,5.20699e-10,5.33164e-10,9.76619e-01,9.99999e-01
1.499913993e+00,2.80427e-05,2.87006e-05,9.77076e-01,9.99999e-01
1.507413563e+00,3.24618e-04,3.32081e-04,9.77523e-01,9.99999e-01
1.514950631e+00,1.44263e-05,1.47514e-05,9.77962e-01,9.99999e-01
1.522525384e+00,9.33980e-15,9.54606e-15,9.78393e-01,9.99999e-01
1.530138011e+00,1.40157e-32,1.43191e-32,9.78815e-01,9.99999e-01
1.537788701e+00,1.50218e-24,1.53404e-24,9.79229e-01,9.99999e-01
1.545477645e+00,1.22509e-06,1.25056e-06,9.79635e-01,9.99999e-01
1.553205033e+00,2.60698e-04,2.66009e-04,9.80033e-01,9.99999e-01
1.560971058e+00,6.47562e-05,6.60491e-05,9.80424e-01,9.99999e-01
1.568775913e+00,3.77504e-80,3.84891e-80,9.80807e-01,9.99999e-01
1.576619793e+00,5.20979e-186,5.30970e-186,9.81182e-01,9.99999e-01
1.584502892e+00,4.65248e-102,4.73993e-102,9.81551e-01,9.99999e-01
1.592425406e+00,1.94351e-71,1.97931e-71,9.81912e-01,9.99999e-01
1.600387533e+00,1.95946e-114,1.99484e-114,9.82266e-01,9.99999e-01
1.608389471e+00,2.18302e-191,2.22164e-191,9.82613e-01,9.99999e-01
1.616431418e+00,1.38046e-192,1.40440e-192,9.82953e-01,9.99999e-01
1.624513575e+00,1.55251e-90,1.57889e-90,9.83287e-01,9.99999e-01
1.632636143e+00,1.26493e-67,1.28600e-67,9.83615e-01,9.99999e-01
1.640799324e+00,1.18874e-28,1.20814e-28,9.83936e-01,9.99999e-01
1.649003321e+00,1.45674e-28,1.48005e-28,9.84250e-01,9.99999e-01
1.657248337e+00,2.24473e-22,2.27993e-22,9.84559e-01,9.99999e-01
1.665534579e+00,1.53369e-22,1.55726e-22,9.84862e-01,9.99999e-01
1.673862252e+00,7.15769e-15,7.26551e-15,9.85159e-01,9.99999e-01
1.682231563e+00,9.35770e-11,9.49586e-11,9.85449e-01,9.99999e-01
1.690642721e+00,1.13142e-06,1.14779e-06,9.85735e-01,9.99999e-01
1.699095934e+00,2.23136e-04,2.26301e-04,9.86015e-01,9.99999e-01
1.707591414e+00,1.11861e-02,1.13416e-02,9.86289e-01,9.99999e-01
1.716129371e+00,8.69334e-02,8.81178e-02,9.86558e-01,9.99999e-01
1.724710018e+00,2.71816e-01,2.75446e-01,9.86822e-01,9.99999e-01
1.733333568e+00,4.31620e-01,4.37269e-01,9.87080e-01,9.99999e-01
1.742000236e+00,5.86067e-01,5.93585e-01,9.87334e-01,9.99999e-01
1.750710237e+00,4.65852e-02,4.71709e-02,9.87582e-01,9.99999e-01
1.759463788e+00,3.71844e-14,3.76426e-14,9.87826e-01,9.99999e-01
1.768261107e+00,4.12646e-15,4.17630e-15,9.88065e-01,9.99999e-01
1.777102413e+00,4.98414e-14,5.04315e-14,9.88300e-01,9.99999e-01
1.785987925e+00,9.69227e-14,9.80472e-14,9.88529e-01,9.99999e-01
1.794917864e+00,7.79308e-13,7.88171e-13,9.88755e-01,9.99999e-01
1.803892454e+00,6.64628e-13,6.72036e-13,9.88975e-01,9.99999e-01
1.812911916e+00,3.73446e-12,3.77526e-12,9.89192e-01,9.99999e-01
1.821976476e+00,2.19220e-12,2.21567e-12,9.89404e-01,9.99999e-01
1.831086358e+00,3.09565e-10,3.12814e-10,9.89612e-01,9.99999e-01
1.840241790e+00,1.22818e-08,1.24081e-08,9.89817e-01,9.99999e-01
1.849442999e+00,3.83197e-06,3.87061e-06,9.90017e-01,9.99999e-01
1.858690214e+00,1.62933e-05,1.64543e-05,9.90213e-01,9.99999e-01
1.867983665e+00,2.56942e-06,2.59431e-06,9.90405e-01,9.99999e-01
1.877323583e+00,5.95273e-26,6.00925e-26,9.90594e-01,9.99999e-01
1.886710201e+00,9.48503e-34,9.57330e-34,9.90779e-01,9.99999e-01
1.896143752e+00,5.12913e-38,5.17591e-38,9.90960e-01,9.99999e-01
1.905624471e+00,3.98292e-44,4.01853e-44,9.91138e-01,9.99999e-01
1.915152593e+00,3.23192e-34,3.26024e-34,9.91312e-01,9.99999e-01
1.924728356e+00,4.66633e-41,4.70641e-41,9.91483e-01,9.99999e-01
1.934351998e+00,0.00000e+00,0.00000e+00,9.91650e-01,9.99999e-01
1.944023758e+00,0.00000e+00,0.00000e+00,9.91815e-01,9.99999e-01
1.953743877e+00,0.00000e+00,0.00000e+00,9.91976e-01,9.99999e-01
1.963512596e+00,0.00000e+00,0.00000e+00,9.92134e-01,9.99999e-01
1.973330159e+00,0.00000e+00,0.00000e+00,9.92288e-01,9.99999e-01
1.983196810e+00,0.00000e+00,0.00000e+00,9.92440e-01,9.99999e-01
1.993112794e+00,0.00000e+00,0.00000e+00,9.92589e-01,9.99999e-01
2.003078358e+00,0.00000e+00,0.00000e+00,9.92735e-01,9.99999e-01
2.013093750e+00,0.00000e+00,0.00000e+00,9.92878e-01,9.99999e-01
2.023159218e+00,0.00000e+00,0.00000e+00,9.93018e-01,9.99999e-01
2.033275015e+00,0.00000e+00,0.00000e+00,9.93155e-01,9.99999e-01
2.043441390e+00,0.00000e+00,0.00000e+00,9.93290e-01,9.99999e-01
2.053658597e+00,0.00000e+00,0.00000e+00,9.93422e-01,9.99999e-01
2.063926890e+00,0.00000e+00,0.00000e+00,9.93552e-01,9.99999e-01
2.074246524e+00,0.00000e+00,0.00000e+00,9.93678e-01,9.99999e-01
2.084617757e+00,0.00000e+00,0.00000e+00,9.93803e-01,9.99999e-01
2.095040845e+00,0.00000e+00,0.00000e+00,9.93925e-01,9.99999e-01
2.105516050e+00,0.00000e+00,0.00000e+00,9.94045e-01,9.99999e-01
2.116043630e+00,0.00000e+00,0.00000e+00,9.94162e-01,9.99999e-01
2.126623848e+00,1.35271e-316,1.36050e-316,9.94277e-01,9.99999e-01
2.137256967e+00,9.25163e-195,9.30382e-195,9.94390e-01,9.99999e-01
2.147943252e+00,8.22699e-92,8.27248e-92,9.94500e-01,9.99999e-01
2.158682968e+00,8.15238e-56,8.19657e-56,9.94608e-01,9.99999e-01
2.169476383e+00,5.68899e-28,5.71921e-28,9.94715e-01,9.99999e-01
2.180323765e+00,5.01802e-18,5.04415e-18,9.94819e-01,9.99999e-01
2.191225384e+00,5.00366e-10,5.02920e-10,9.94921e-01,9.99999e-01
2.202181511e+00,9.79788e-07,9.84690e-07,9.95021e-01,9.99999e-01
2.213192418e+00,4.37048e-04,4.39191e-04,9.95119e-01,9.99999e-01
2.224258381e+00,1.05768e-02,1.06277e-02,9.95215e-01,9.99999e-01
2.235379672e+00,5.67670e-02,5.70345e-02,9.95309e-01,9.99999e-01
2.246556571e+00,1.38489e-01,1.39128e-01,9.95402e-01,9.99999e-01
2.257789354e+00,3.02564e-01,3.03934e-01,9.95492e-01,9.99999e-01
2.269078300e+00,3.48968e-01,3.50516e-01,9.95581e-01,9.99999e-01
2.280423692e+00,3.59194e-01,3.60757e-01,9.95668e-01,9.99999e-01
2.291825810e+00,5.12476e-01,5.14661e-01,9.95754e-01,9.99999e-01
2.303284939e+00,5.90343e-01,5.92810e-01,9.95837e-01,9.99999e-01
2.314801364e+00,6.24891e-01,6.27451e-01,9.95919e-01,9.99999e-01
2.326375371e+00,7.30310e-01,7.33242e-01,9.96000e-01,9.99999e-01
2.338007248e+00,7.11032e-01,7.13831e-01,9.96079e-01,9.99999e-01
2.349697284e+00,7.43006e-01,7.45872e-01,9.96156e-01,9.99999e-01
2.361445770e+00,7.88125e-01,7.91105e-01,9.96232e-01,9.99999e-01
2.373252999e+00,8.05410e-01,8.08395e-01,9.96306e-01,9.99999e-01
2.385119264e+00,9.07315e-01,9.10612e-01,9.96379e-01,9.99999e-01
2.397044861e+00,9.58930e-01,9.62345e-01,9.96450e-01,9.99999e-01
2.409030085e+00,9.32284e-01,9.35539e-01,9.96520e-01,9.99999e-01
2.421075235e+00,8.82710e-01,8.85731e-01,9.96589e-01,9.99999e-01
2.433180612e+00,5.19123e-01,5.20865e-01,9.96656e-01,9.99999e-01
2.445346515e+00,7.31793e-01,7.34199e-01,9.96722e-01,9.99999e-01
2.457573247e+00,1.16257e-01,1.16632e-01,9.96786e-01,9.99999e-01
2.469861113e+00,3.64448e-05,3.65599e-05,9.96850e-01,9.99999e-01
2.482210419e+00,3.70066e-17,3.71212e-17,9.96912e-01,9.99999e-01
2.494621471e+00,1.36914e-25,1.37330e-25,9.96973e-01,9.99999e-01
2.507094578e+00,1.08736e-24,1.09060e-24,9.97033e-01,9.99999e-01
2.519630051e+00,7.95188e-33,7.97507e-33,9.97091e-01,9.99999e-01
2.532228202e+00,1.03768e-43,1.04065e-43,9.97148e-01,9.99999e-01
2.544889343e+00,7.93204e-43,7.95427e-43,9.97205e-01,9.99999e-01
2.557613789e+00,7.48293e-64,7.50349e-64,9.97260e-01,9.99999e-01
2.570401858e+00,6.39465e-101,6.41187e-101,9.97314e-01,9.99999e-01
2.583253867e+00,4.86602e-224,4.87886e-224,9.97367e-01,9.99999e-01
2.596170137e+00,3.89832e-272,3.90840e-272,9.97419e-01,9.99999e-01
2.609150988e+00,0.00000e+00,0.00000e+00,9.97470e-01,9.99999e-01
2.622196742e+00,0.00000e+00,0.00000e+00,9.97519e-01,9.99999e-01
2.635307726e+00,0.00000e+00,0.00000e+00,9.97568e-01,9.99999e-01
2.648484265e+00,0.00000e+00,0.00000e+00,9.97616e-01,9.99999e-01
2.661726686e+00,0.00000e+00,0.00000e+00,9.97663e-01,9.99999e-01
2.675035320e+00,0.00000e+00,0.00000e+00,9.97709e-01,9.99999e-01
2.688410496e+00,0.00000e+00,0.00000e+00,9.97755e-01,9.99999e-01
2.701852549e+00,0.00000e+00,0.00000e+00,9.97799e-01,9.99999e-01
2.715361811e+00,0.00000e+00,0.00000e+00,9.97842e-01,9.99999e-01
2.728938620e+00,0.00000e+00,0.00000e+00,9.97885e-01,9.99999e-01
2.742583314e+00,0.00000e+00,0.00000e+00,9.97927e-01,9.99999e-01
2.756296230e+00,0.00000e+00,0.00000e+00,9.97967e-01,9.99999e-01
2.770077711e+00,0.00000e+00,0.00000e+00,9.98008e-01,9.99999e-01
2.783928100e+00,0.00000e+00,0.00000e+00,9.98047e-01,9.99999e-01
2.797847740e+00,0.00000e+00,0.00000e+00,9.98085e-01,9.99999e-01
2.811836979e+00,0.00000e+00,0.00000e+00,9.98123e-01,9.99999e-01
2.825896164e+00,0.00000e+00,0.00000e+00,9.98160e-01,9.99999e-01
2.840025645e+00,0.00000e+00,0.00000e+00,9.98196e-01,9.99999e-01
2.854225773e+00,0.00000e+00,0.00000e+00,9.98232e-01,9.99999e-01
2.868496902e+00,0.00000e+00,0.00000e+00,9.98267e-01,9.99999e-01
2.882839386e+00,0.00000e+00,0.00000e+00,9.98301e-01,9.99999e-01
2.897253583e+00,0.00000e+00,0.00000e+00,9.98335e-01,9.99999e-01
2.911739851e+00,0.00000e+00,0.00000e+00,9.98367e-01,9.99999e-01
2.926298550e+00,0.00000e+00,0.00000e+00,9.98400e-01,9.99999e-01
2.940930043e+00,0.00000e+00,0.00000e+00,9.98431e-01,9.99999e-01
2.955634693e+00,0.00000e+00,0.00000e+00,9.98462e-01,9.99999e-01
2.970412867e+00,1.80869e-237,1.81142e-237,9.98492e-01,9.99999e-01
2.985264931e+00,6.22505e-152,6.23426e-152,9.98522e-01,9.99999e-01
3.000191256e+00,5.98923e-119,5.99792e-119,9.98551e-01,9.99999e-01
3.015192212e+00,6.85586e-127,6.86560e-127,9.98580e-01,9.99999e-01
3.030268173e+00,9.02909e-103,9.04167e-103,9.98608e-01,9.99999e-01
3.045419514e+00,3.34434e-63,3.34891e-63,9.98635e-01,9.99999e-01
3.060646612e+00,7.38666e-30,7.39654e-30,9.98662e-01,9.99999e-01
3.075949845e+00,7.83757e-24,1.36713e-23,9.98689e-01,5.74037e-01
3.091329594e+00,4.99849e-23,1.90876e-22,9.98715e-01,2.62208e-01
3.106786242e+00,4.38960e-24,1.65243e-22,9.98740e-01,2.65980e-02
3.122320173e+00,1.27788e-20,2.85918e-16,9.98765e-01,4.47491e-05
3.137931774e+00,2.78149e-17,3.08220e-15,9.98789e-01,9.03529e-03
3.153621433e+00,7.04511e-17,2.40885e-16,9.98813e-01,2.92815e-01
3.169389540e+00,1.14017e-23,1.66976e-21,9.98836e-01,6.83626e-03
3.185236488e+00,5.44523e-21,1.89509e-17,9.98859e-01,2.87662e-04
3.201162670e+00,3.99473e-20,6.30917e-14,9.98882e-01,6.33870e-07
3.217168483e+00,7.29357e-22,6.35961e-13,9.98904e-01,1.14811e-09
3.233254326e+00,3.48810e-25,1.28724e-11,9.98926e-01,2.71266e-14
3.249420598e+00,1.55690e-29,2.91764e-07,9.98947e-01,5.34177e-23
3.265667701e+00,9.20981e-42,7.05919e-06,9.98968e-01,1.30600e-36
3.281996039e+00,3.88938e-61,8.97897e-05,9.98988e-01,4.33603e-57
3.298406019e+00,3.21041e-85,6.21446e-04,9.99008e-01,5.17115e-82
3.314898049e+00,5.00184e-118,8.78967e-04,9.99027e-01,5.69612e-115
3.331472540e+00,7.05738e-97,1.09111e-03,9.99047e-01,6.47423e-94
3.348129902e+00,1.80847e-70,4.25144e-03,9.99065e-01,4.25776e-68
3.364870552e+00,1.19712e-48,6.43317e-03,9.99084e-01,1.86256e-46
3.381694905e+00,7.51954e-31,1.00616e-02,9.99102e-01,7.48020e-29
3.398603379e+00,5.35847e-19,3.56530e-02,9.99120e-01,1.50427e-17
3.415596396e+00,8.21884e-12,4.76404e-02,9.99137e-01,1.72667e-10
3.432674378e+00,3.06559e-08,2.24677e-02,9.99154e-01,1.36560e-06
3.449837750e+00,4.13357e-06,1.77414e-03,9.99171e-01,2.33183e-03
3.467086939e+00,1.62236e-05,4.72382e-05,9.99187e-01,3.43720e-01
3.484422373e+00,7.60905e-07,9.04347e-07,9.99203e-01,8.42055e-01
3.501844485e+00,4.16945e-09,6.57928e-09,9.99219e-01,6.34219e-01
3.519353708e+00,8.07123e-11,8.07959e-11,9.99234e-01,9.99729e-01
3.536950476e+00,2.35409e-12,2.35768e-12,9.99249e-01,9.99224e-01
3.554635228e+00,5.65847e-13,5.67256e-13,9.99264e-01,9.98249e-01
3.572408405e+00,1.55331e-10,1.55904e-10,9.99279e-01,9.97043e-01
3.590270447e+00,4.37772e-10,4.38819e-10,9.99293e-01,9.98316e-01
3.608221799e+00,1.05606e-07,1.05768e-07,9.99307e-01,9.99155e-01
3.626262908e+00,1.42420e-04,1.42541e-04,9.99320e-01,9.99826e-01
3.644394222e+00,1.12928e-03,1.13011e-03,9.99334e-01,9.99931e-01
3.662616193e+00,2.17871e-02,2.18099e-02,9.99347e-01,9.99607e-01
3.680929274e+00,1.79922e-01,1.80388e-01,9.99360e-01,9.98053e-01
3.699333921e+00,4.83970e-01,4.86388e-01,9.99372e-01,9.95652e-01
3.717830590e+00,3.80397e-01,3.83959e-01,9.99385e-01,9.91331e-01
3.736419743e+00,4.59919e-02,4.66426e-02,9.99397e-01,9.86642e-01
3.755101842e+00,2.04484e-04,2.07046e-04,9.99409e-01,9.88207e-01
3.773877351e+00,7.78347e-09,7.84118e-09,9.99421e-01,9.93214e-01
3.792746738e+00,1.37705e-19,1.38155e-19,9.99432e-01,9.97309e-01
3.811710472e+00,3.13720e-13,3.14274e-13,9.99443e-01,9.98791e-01
3.830769024e+00,6.48058e-13,6.48711e-13,9.99454e-01,9.99537e-01
3.849922869e+00,7.73944e-18,7.74450e-18,9.99465e-01,9.99880e-01
3.869172484e+00,1.46283e-11,1.46510e-11,9.99475e-01,9.98973e-01
3.888518346e+00,6.70033e-06,6.72038e-06,9.99486e-01,9.97528e-01
3.907960938e+00,4.34790e-04,4.36876e-04,9.99496e-01,9.95726e-01
3.927500742e+00,2.95416e-04,2.97091e-04,9.99506e-01,9.94851e-01
3.947138246e+00,3.32581e-06,3.33692e-06,9.99516e-01,9.97152e-01
3.966873937e+00,3.52094e-09,3.52471e-09,9.99525e-01,9.99405e-01
3.986708307e+00,2.46088e-13,2.46202e-13,9.99534e-01,9.99999e-01
4.006641849e+00,3.03739e-23,3.03878e-23,9.99544e-01,9.99999e-01
4.026675058e+00,3.77978e-110,3.78147e-110,9.99553e-01,9.99999e-01
4.046808433e+00,4.76571e-214,4.76780e-214,9.99561e-01,9.99999e-01
4.067042475e+00,0.00000e+00,0.00000e+00,9.99570e-01,9.99999e-01
4.087377688e+00,0.00000e+00,0.00000e+00,9.99579e-01,9.99999e-01
4.107814576e+00,0.00000e+00,0.00000e+00,9.99587e-01,9.99999e-01
4.128353649e+00,0.00000e+00,0.00000e+00,9.99595e-01,9.99999e-01
4.148995417e+00,0.00000e+00,0.00000e+00,9.99603e-01,9.99999e-01
4.169740394e+00,0.00000e+00,0.00000e+00,9.99611e-01,9.99999e-01
4.190589096e+00,0.00000e+00,0.00000e+00,9.99618e-01,9.99999e-01
4.211542042e+00,0.00000e+00,0.00000e+00,9.99626e-01,9.99999e-01
4.232599752e+00,0.00000e+00,0.00000e+00,9.99633e-01,9.99999e-01
4.253762751e+00,0.00000e+00,0.00000e+00,9.99641e-01,9.99999e-01
4.275031564e+00,0.00000e+00,0.00000e+00,9.99648e-01,9.99999e-01
4.296406722e+00,0.00000e+00,0.00000e+00,9.99655e-01,9.99999e-01
4.317888756e+00,0.00000e+00,0.00000e+00,9.99661e-01,9.99999e-01
4.339478200e+00,0.00000e+00,0.00000e+00,9.99668e-01,9.99999e-01
4.361175591e+00,0.00000e+00,0.00000e+00,9.99675e-01,9.99999e-01
4.382981469e+00,0.00000e+00,0.00000e+00,9.99681e-01,9.99999e-01
4.404896376e+00,0.00000e+00,0.00000e+00,9.99687e-01,9.99999e-01
4.426920858e+00,0.00000e+00,0.00000e+00,9.99693e-01,9.99999e-01
4.449055462e+00,0.00000e+00,0.00000e+00,9.99699e-01,9.99999e-01
4.471300739e+00,0.00000e+00,0.00000e+00,9.99705e-01,9.99999e-01
4.493657243e+00,0.00000e+00,0.00000e+00,9.99711e-01,9.99999e-01
4.516125529e+00,0.00000e+00,0.00000e+00,9.99717e-01,9.99999e-01
4.538706157e+00,0.00000e+00,0.00000e+00,9.99722e-01,9.99999e-01
4.561399688e+00,0.00000e+00,0.00000e+00,9.99728e-01,9.99999e-01
4.584206686e+00,0.00000e+00,0.00000e+00,9.99733e-01,9.99999e-01
4.607127720e+00,0.00000e+00,0.00000e+00,9.99739e-01,9.99999e-01
4.630163358e+00,0.00000e+00,0.00000e+00,9.99744e-01,9.99999e-01
4.653314175e+00,0.00000e+00,0.00000e+00,9.99749e-01,9.99999e-01
4.676580746e+00,0.00000e+00,0.00000e+00,9.99754e-01,9.99999e-01
4.699963650e+00,0.00000e+00,0.00000e+00,9.99758e-01,9.99999e-01
4.723463468e+00,0.00000e+00,0.00000e+00,9.99763e-01,9.99999e-01
4.747080785e+00,0.00000e+00,0.00000e+00,9.99768e-01,9.99999e-01
4.770816189e+00,0.00000e+00,0.00000e+00,9.99772e-01,9.99999e-01
4.794670270e+00,0.00000e+00,0.00000e+00,9.99777e-01,9.99999e-01
4.818643622e+00,0.00000e+00,0.00000e+00,9.99781e-01,9.99999e-01
4.842736840e+00,0.00000e+00,0.00000e+00,9.99786e-01,9.99999e-01
4.866950524e+00,0.00000e+00,0.00000e+00,9.99790e-01,9.99999e-01
4.891285276e+00,0.00000e+00,0.00000e+00,9.99794e-01,9.99999e-01
4.915741703e+00,0.00000e+00,0.00000e+00,9.99798e-01,9.99999e-01
4.940320411e+00,0.00000e+00,0.00000e+00,9.99802e-01,9.99999e-01
4.965022013e+00,0.00000e+00,0.00000e+00,9.99806e-01,9.99999e-01
4.989847123e+00,3.52805e-305,3.52872e-305,9.99810e-01,9.99999e-01
5.014796359e+00,1.59659e-261,1.59689e-261,9.99813e-01,9.99999e-01
5.039870341e+00,6.46277e-255,6.46394e-255,9.99817e-01,9.99999e-01
5.065069693e+00,4.46682e-257,4.46762e-257,9.99821e-01,9.99999e-01
5.090395041e+00,8.37313e-249,8.37460e-249,9.99824e-01,9.99999e-01
5.115847016e+00,5.00620e-213,5.00706e-213,9.99828e-01,9.99999e-01
5.141426251e+00,2.18850e-212,2.18887e-212,9.99831e-01,9.99999e-01
5.167133383e+00,3.10324e-249,3.10375e-249,9.99834e-01,9.99999e-01
5.192969049e+00,0.00000e+00,0.00000e+00,9.99838e-01,9.99999e-01
5.218933895e+00,0.00000e+00,0.00000e+00,9.99841e-01,9.99999e-01
5.245028564e+00,0.00000e+00,0.00000e+00,9.99844e-01,9.99999e-01
5.271253707e+00,0.00000e+00,0.00000e+00,9.99847e-01,9.99999e-01
5.297609976e+00,0.00000e+00,0.00000e+00,9.99850e-01,9.99999e-01
5.324098025e+00,0.00000e+00,0.00000e+00,9.99853e-01,9.99999e-01
5.350718516e+00,0.00000e+00,0.00000e+00,9.99856e-01,9.99999e-01
5.377472108e+00,0.00000e+00,0.00000e+00,9.99859e-01,9.99999e-01
5.404359469e+00,9.87591e-266,9.87727e-266,9.99861e-01,9.99999e-01
5.431381266e+00,2.28963e-171,2.28994e-171,9.99864e-01,9.99999e-01
5.458538172e+00,2.58080e-125,2.58114e-125,9.99867e-01,9.99999e-01
5.485830863e+00,8.49817e-81,8.49927e-81,9.99869e-01,9.99999e-01
5.513260018e+00,7.04668e-60,7.04758e-60,9.99872e-01,9.99999e-01
5.540826318e+00,2.61578e-40,2.61611e-40,9.99874e-01,9.99999e-01
5.568530449e+00,9.64908e-31,9.73141e-31,9.99877e-01,9.91659e-01
5.596373101e+00,3.75656e-23,3.80412e-23,9.99879e-01,9.87615e-01
5.624354967e+00,3.03756e-20,3.08920e-20,9.99882e-01,9.83398e-01
5.652476742e+00,1.76666e-17,1.80705e-17,9.99884e-01,9.77761e-01
5.680739126e+00,1.37499e-15,1.41660e-15,9.99886e-01,9.70738e-01
5.709142821e+00,1.69412e-14,1.76218e-14,9.99889e-01,9.61483e-01
5.737688535e+00,6.98288e-15,7.36202e-15,9.99891e-01,9.48602e-01
5.766376978e+00,5.96006e-14,6.39077e-14,9.99893e-01,9.32702e-01
5.795208863e+00,1.98747e-10,2.17955e-10,9.99895e-01,9.11964e-01
5.824184907e+00,1.78957e-07,2.02560e-07,9.99897e-01,8.83567e-01
5.853305832e+00,1.07999e-07,1.27192e-07,9.99899e-01,8.49186e-01
5.882572361e+00,5.76171e-09,7.15304e-09,9.99901e-01,8.05569e-01
5.911985223e+00,5.80634e-08,7.72566e-08,9.99903e-01,7.51636e-01
5.941545149e+00,4.50067e-05,6.52406e-05,9.99905e-01,6.89922e-01
5.971252874e+00,2.42110e-03,3.95588e-03,9.99907e-01,6.12082e-01
6.001109139e+00,1.12076e-02,2.14326e-02,9.99909e-01,5.22973e-01
6.031114685e+00,4.56511e-03,1.06037e-02,9.99910e-01,4.30558e-01
6.061270258e+00,5.04066e-04,1.53663e-03,9.99912e-01,3.28061e-01
6.091576609e+00,2.95775e-05,1.28895e-04,9.99914e-01,2.29488e-01
6.122034492e+00,7.30580e-07,4.95021e-06,9.99915e-01,1.47598e-01
6.152644665e+00,1.65257e-08,1.98741e-07,9.99917e-01,8.31589e-02
6.183407888e+00,8.62948e-10,2.18683e-08,9.99919e-01,3.94642e-02
6.214324928e+00,1.61754e-10,1.07834e-08,9.99920e-01,1.50014e-02
6.245396552e+00,9.95478e-10,2.32438e-07,9.99922e-01,4.28308e-03
6.276623535e+00,2.78479e-09,3.28502e-06,9.99923e-01,8.47787e-04
6.308006653e+00,6.91716e-11,6.56337e-07,9.99925e-01,1.05398e-04
6.339546686e+00,3.54756e-14,4.83357e-09,9.99926e-01,7.33994e-06
6.371244419e+00,1.22550e-16,4.86187e-10,9.99928e-01,2.52082e-07
6.403100641e+00,5.77244e-16,1.13793e-07,9.99929e-01,5.07311e-09
6.435116145e+00,8.95759e-15,2.09955e-04,9.99931e-01,4.26673e-11
6.467291725e+00,1.09410e-16,1.54859e-02,9.99932e-01,7.06562e-15
6.499628184e+00,1.82806e-19,1.74546e-01,9.99933e-01,1.04739e-18
6.532126325e+00,2.04582e-23,3.86376e-01,9.99935e-01,5.29523e-23
6.564786956e+00,1.37501e-29,5.18559e-01,9.99936e-01,2.65176e-29
6.597610891e+00,6.70417e-36,5.83699e-01,9.99937e-01,1.14864e-35
6.630598946e+00,7.13624e-45,6.25808e-01,9.99938e-01,1.14039e-44
6.663751940e+00,2.13797e-54,6.25220e-01,9.99939e-01,3.41975e-54
6.697070700e+00,1.03904e-66,5.46722e-01,9.99941e-01,1.90060e-66
6.730556054e+00,1.17703e-79,4.26522e-01,9.99942e-01,2.75976e-79
6.764208834e+00,2.31921e-95,2.66173e-01,9.99943e-01,8.71364e-95
6.798029878e+00,1.17155e-116,1.34206e-01,9.99944e-01,8.72995e-116
6.832020027e+00,1.11410e-141,4.08439e-02,9.99945e-01,2.72785e-140
6.866180128e+00,1.78352e-174,7.43018e-03,9.99946e-01,2.40050e-172
6.900511028e+00,4.89908e-216,4.40775e-04,9.99947e-01,1.11153e-212
6.935013583e+00,1.54474e-271,6.48200e-06,9.99948e-01,2.38323e-266
6.969688651e+00,0.00000e+00,2.24084e-08,9.99949e-01,0.00000e+00
7.004537095e+00,0.00000e+00,4.82413e-12,9.99950e-01,0.00000e+00
7.039559780e+00,0.00000e+00,1.77446e-15,9.99951e-01,0.00000e+00
7.074757579e+00,0.00000e+00,2.54247e-20,9.99952e-01,0.00000e+00
7.110131367e+00,0.00000e+00,9.61716e-24,9.99953e-01,0.00000e+00
7.145682024e+00,0.00000e+00,1.17961e-27,9.99954e-01,0.00000e+00
7.181410434e+00,0.00000e+00,3.31717e-30,9.99955e-01,0.00000e+00
7.217317486e+00,0.00000e+00,1.58001e-31,9.99956e-01,0.00000e+00
7.253404073e+00,0.00000e+00,1.48553e-31,9.99957e-01,0.00000e+00
7.289671094e+00,0.00000e+00,3.02277e-25,9.99957e-01,0.00000e+00
7.326119449e+00,0.00000e+00,2.37708e-23,9.99958e-01,0.00000e+00
7.362750046e+00,0.00000e+00,1.26910e-25,9.99959e-01,0.00000e+00
7.399563797e+00,0.00000e+00,9.47185e-26,9.99960e-01,0.00000e+00
7.436561616e+00,0.00000e+00,1.35224e-21,9.99961e-01,0.00000e+00
7.473744424e+00,0.00000e+00,5.70377e-15,9.99961e-01,0.00000e+00
7.511113146e+00,0.00000e+00,9.71858e-11,9.99962e-01,0.00000e+00
7.548668712e+00,0.00000e+00,3.73115e-07,9.99963e-01,0.00000e+00
7.586412055e+00,0.00000e+00,1.49446e-05,9.99964e-01,0.00000e+00
7.624344115e+00,0.00000e+00,2.65501e-05,9.99964e-01,0.00000e+00
7.662465836e+00,0.00000e+00,2.20354e-06,9.99965e-01,0.00000e+00
7.700778165e+00,0.00000e+00,9.87749e-09,9.99966e-01,0.00000e+00
7.739282056e+00,0.00000e+00,3.31073e-13,9.99966e-01,0.00000e+00
7.777978466e+00,0.00000e+00,1.85789e-17,9.99967e-01,0.00000e+00
7.816868359e+00,0.00000e+00,1.33398e-22,9.99968e-01,0.00000e+00
7.855952700e+00,0.00000e+00,2.37915e-23,9.99968e-01,0.00000e+00
7.895232464e+00,0.00000e+00,8.23677e-20,9.99969e-01,0.00000e+00
7.934708626e+00,0.00000e+00,9.13120e-18,9.99969e-01,0.00000e+00
7.974382169e+00,0.00000e+00,5.13349e-20,9.99970e-01,0.00000e+00
8.014254080e+00,3.91048e-288,6.35227e-24,9.99971e-01,6.15620e-265
8.054325351e+00,5.70383e-230,7.48252e-24,9.99971e-01,7.62308e-207
8.094596977e+00,4.69602e-181,3.43411e-23,9.99972e-01,1.36750e-158
8.135069962e+00,2.70224e-145,3.85653e-21,9.99972e-01,7.00710e-125
8.175745312e+00,6.31885e-115,5.07733e-18,9.99973e-01,1.24455e-97
8.216624039e+00,5.99095e-91,1.77884e-15,9.99973e-01,3.36798e-76
8.257707159e+00,1.64621e-71,1.11983e-12,9.99974e-01,1.47009e-59
8.298995695e+00,4.35301e-56,4.31694e-11,9.99974e-01,1.00838e-45
8.340490673e+00,3.74580e-44,3.71448e-10,9.99975e-01,1.00846e-34
8.382193126e+00,3.35737e-35,1.46458e-09,9.99975e-01,2.29243e-26
8.424104092e+00,9.90735e-28,2.60436e-08,9.99976e-01,3.80423e-20
8.466224613e+00,2.04140e-21,1.13729e-06,9.99976e-01,1.79502e-15
8.508555736e+00,4.05169e-15,1.44048e-04,9.99977e-01,2.81280e-11
8.551098514e+00,5.22027e-11,3.56015e-03,9.99977e-01,1.46634e-08
8.593854007e+00,4.57685e-09,6.39604e-03,9.99977e-01,7.15590e-07
8.636823277e+00,5.07606e-08,2.45987e-03,9.99978e-01,2.06359e-05
8.680007393e+00,2.82856e-07,1.01883e-03,9.99978e-01,2.77634e-04
8.723407430e+00,1.27474e-06,6.22621e-04,9.99979e-01,2.04742e-03
8.767024467e+00,3.34827e-07,3.97196e-05,9.99979e-01,8.42992e-03
8.810859590e+00,1.62065e-15,6.45541e-14,9.99980e-01,2.51057e-02
8.854913888e+00,6.49999e-45,1.10501e-43,9.99980e-01,5.88239e-02
8.899188457e+00,2.53394e-218,2.24404e-217,9.99980e-01,1.12920e-01
8.943684399e+00,0.00000e+00,0.00000e+00,9.99981e-01,1.94649e-01
8.988402821e+00,0.00000e+00,0.00000e+00,9.99981e-01,2.84897e-01
9.033344836e+00,0.00000e+00,0.00000e+00,9.99981e-01,3.80872e-01
9.078511560e+00,0.00000e+00,0.00000e+00,9.99982e-01,4.76920e-01
9.123904118e+00,0.00000e+00,0.00000e+00,9.99982e-01,5.66122e-01
9.169523638e+00,0.00000e+00,0.00000e+00,9.99982e-01,6.46445e-01
9.215371256e+00,0.00000e+00,0.00000e+00,9.99983e-01,7.15177e-01
9.261448113e+00,0.00000e+00,0.00000e+00,9.99983e-01,7.73343e-01
9.307755353e+00,0.00000e+00,0.00000e+00,9.99983e-01,8.17023e-01
9.354294130e+00,0.00000e+00,0.00000e+00,9.99984e-01,8.56174e-01
9.401065601e+00,0.00000e+00,0.00000e+00,9.99984e-01,8.87750e-01
9.448070929e+00,0.00000e+00,0.00000e+00,9.99984e-01,9.10623e-01
9.495311283e+00,0.00000e+00,0.00000e+00,9.99985e-01,9.29027e-01
9.542787840e+00,0.00000e+00,0.00000e+00,9.99985e-01,9.45014e-01
9.590501779e+00,0.00000e+00,0.00000e+00,9.99985e-01,9.57565e-01
9.638454288e+00,0.00000e+00,0.00000e+00,9.99985e-01,9.66482e-01
9.686646559e+00,0.00000e+00,0.00000e+00,9.99986e-01,9.73553e-01
9.735079792e+00,0.00000e+00,0.00000e+00,9.99986e-01,9.79146e-01
9.783755191e+00,0.00000e+00,0.00000e+00,9.99986e-01,9.83566e-01
9.832673967e+00,0.00000e+00,0.00000e+00,9.99986e-01,9.87056e-01
9.881837337e+00,0.00000e+00,0.00000e+00,9.99987e-01,9.90038e-01
9.931246523e+00,0.00000e+00,0.00000e+00,9.99987e-01,9.92354e-01
9.980902756e+00,0.00000e+00,0.00000e+00,9.99987e-01,9.99999e-01
1.003080727e+01,0.00000e+00,0.00000e+00,9.99987e-01,9.99999e-01
1.008096131e+01,0.00000e+00,0.00000e+00,9.99988e-01,9.99999e-01
1.013136611e+01,0.00000e+00,0.00000e+00,9.99988e-01,9.99999e-01
1.018202294e+01,0.00000e+00,0.00000e+00,9.99988e-01,9.99999e-01
1.023293306e+01,0.00000e+00,0.00000e+00,9.99988e-01,9.99999e-01
1.028409772e+01,0.00000e+00,0.00000e+00,9.99989e-01,9.99999e-01
1.033551821e+01,0.00000e+00,0.00000e+00,9.99989e-01,9.99999e-01
1.038719580e+01,0.00000e+00,0.00000e+00,9.99989e-01,9.99999e-01
1.043913178e+01,0.00000e+00,0.00000e+00,9.99989e-01,9.99999e-01
1.049132744e+01,0.00000e+00,0.00000e+00,9.99989e-01,9.99999e-01
1.054378408e+01,0.00000e+00,0.00000e+00,9.99990e-01,9.99999e-01
1.059650300e+01,0.00000e+00,0.00000e+00,9.99990e-01,9.99999e-01
1.064948551e+01,0.00000e+00,0.00000e+00,9.99990e-01,9.99999e-01
1.070273294e+01,0.00000e+00,0.00000e+00,9.99990e-01,9.99999e-01
1.075624661e+01,0.00000e+00,0.00000e+00,9.99990e-01,9.99999e-01
1.081002784e+01,0.00000e+00,0.00000e+00,9.99990e-01,9.99999e-01
1.086407798e+01,0.00000e+00,0.00000e+00,9.99991e-01,9.99999e-01
1.091839837e+01,0.00000e+00,0.00000e+00,9.99991e-01,9.99999e-01
1.097299036e+01,0.00000e+00,0.00000e+00,9.99991e-01,9.99999e-01
1.102785531e+01,0.00000e+00,0.00000e+00,9.99991e-01,9.99999e-01
1.108299459e+01,0.00000e+00,0.00000e+00,9.99991e-01,9.99999e-01
1.113840956e+01,0.00000e+00,0.00000e+00,9.99991e-01,9.99999e-01
1.119410161e+01,0.00000e+00,0.00000e+00,9.99992e-01,9.99999e-01
1.125007212e+01,0.00000e+00,0.00000e+00,9.99992e-01,9.99999e-01
1.130632248e+01,0.00000e+00,0.00000e+00,9.99992e-01,9.99999e-01
1.136285409e+01,0.00000e+00,0.00000e+00,9.99992e-01,9.99999e-01
1.141966836e+01,0.00000e+00,0.00000e+00,9.99992e-01,9.99999e-01
1.147676670e+01,0.00000e+00,0.00000e+00,9.99992e-01,9.99999e-01
1.153415054e+01,0.00000e+00,0.00000e+00,9.99992e-01,9.99999e-01
1.159182129e+01,0.00000e+00,0.00000e+00,9.99992e-01,9.99999e-01
1.164978039e+01,0.00000e+00,0.00000e+00,9.99993e-01,9.99999e-01
1.170802930e+01,0.00000e+00,0.00000e+00,9.99993e-01,9.99999e-01
1.176656944e+01,0.00000e+00,0.00000e+00,9.99993e-01,9.99999e-01
1.182540229e+01,0.00000e+00,0.00000e+00,9.99993e-01,9.99999e-01
1.188452930e+01,0.00000e+00,0.00000e+00,9.99993e-01,9.99999e-01
1.194395195e+01,0.00000e+00,0.00000e+00,9.99993e-01,9.99999e-01
1.200367171e+01,0.00000e+00,0.00000e+00,9.99993e-01,9.99999e-01
1.206369007e+01,0.00000e+00,0.00000e+00,9.99993e-01,9.99999e-01
1.212400852e+01,0.00000e+00,0.00000e+00,9.99994e-01,9.99999e-01
1.218462856e+01,0.00000e+00,0.00000e+00,9.99994e-01,9.99999e-01
1.224555170e+01,0.00000e+00,0.00000e+00,9.99994e-01,9.99999e-01
1.230677946e+01,0.00000e+00,0.00000e+00,9.99994e-01,9.99999e-01
1.236831336e+01,0.00000e+00,0.00000e+00,9.99994e-01,9.99999e-01
1.243015492e+01,0.00000e+00,0.00000e+00,9.99994e-01,9.99999e-01
1.249230570e+01,0.00000e+00,0.00000e+00,9.99994e-01,9.99999e-01
1.255476723e+01,0.00000e+00,0.00000e+00,9.99994e-01,9.99999e-01
1.261754106e+01,0.00000e+00,0.00000e+00,9.99994e-01,9.99999e-01
1.268062877e+01,0.00000e+00,0.00000e+00,9.99994e-01,9.99999e-01
1.274403191e+01,0.00000e+00,0.00000e+00,9.99995e-01,9.99999e-01
1.280775207e+01,0.00000e+00,0.00000e+00,9.99995e-01,9.99999e-01
1.287179083e+01,0.00000e+00,0.00000e+00,9.99995e-01,9.99999e-01
1.293614979e+01,0.00000e+00,0.00000e+00,9.99995e-01,9.99999e-01
1.300083054e+01,0.00000e+00,0.00000e+00,9.99995e-01,9.99999e-01
1.306583469e+01,0.00000e+00,0.00000e+00,9.99995e-01,9.99999e-01
1.313116386e+01,0.00000e+00,0.00000e+00,9.99995e-01,9.99999e-01
1.319681968e+01,0.00000e+00,0.00000e+00,9.99995e-01,9.99999e-01
1.326280378e+01,0.00000e+00,0.00000e+00,9.99995e-01,9.99999e-01
1.332911780e+01,0.00000e+00,0.00000e+00,9.99995e-01,9.99999e-01
1.339576339e+01,0.00000e+00,0.00000e+00,9.99995e-01,9.97924e-01
1.346274221e+01,0.00000e+00,0.00000e+00,9.99995e-01,9.97711e-01
1.353005592e+01,0.00000e+00,0.00000e+00,9.99995e-01,9.97475e-01
1.359770620e+01,0.00000e+00,0.00000e+00,9.99996e-01,9.97250e-01
1.366569473e+01,0.00000e+00,0.00000e+00,9.99996e-01,9.97004e-01
1.373402320e+01,0.00000e+00,0.00000e+00,9.99996e-01,9.96697e-01
1.380269332e+01,0.00000e+00,0.00000e+00,9.99996e-01,9.96402e-01
1.387170678e+01,0.00000e+00,0.00000e+00,9.99996e-01,9.96081e-01
1.394106532e+01,0.00000e+00,0.00000e+00,9.99996e-01,9.95732e-01
1.401077064e+01,0.00000e+00,0.00000e+00,9.99996e-01,9.95351e-01
1.408082450e+01,0.00000e+00,0.00000e+00,9.99996e-01,9.94937e-01
1.415122862e+01,0.00000e+00,0.00000e+00,9.99996e-01,9.94485e-01
1.422198476e+01,0.00000e+00,0.00000e+00,9.99996e-01,9.93995e-01
1.429309469e+01,0.00000e+00,0.00000e+00,9.99996e-01,9.93459e-01
1.436456016e+01,0.00000e+00,0.00000e+00,9.99996e-01,9.92878e-01
1.443638296e+01,0.00000e+00,0.00000e+00,9.99996e-01,9.92243e-01
1.450856487e+01,0.00000e+00,0.00000e+00,9.99996e-01,9.91554e-01
1.458110770e+01,0.00000e+00,0.00000e+00,9.99996e-01,9.90802e-01
1.465401324e+01,0.00000e+00,0.00000e+00,9.99996e-01,9.89986e-01
1.472728330e+01,0.00000e+00,0.00000e+00,9.99997e-01,9.89229e-01
1.480091972e+01,0.00000e+00,0.00000e+00,9.99997e-01,9.88271e-01
1.487492432e+01,0.00000e+00,0.00000e+00,9.99997e-01,9.87233e-01
1.494929894e+01,0.00000e+00,0.00000e+00,9.99997e-01,9.86100e-01
1.502404544e+01,0.00000e+00,0.00000e+00,9.99997e-01,9.84874e-01
1.509916566e+01,0.00000e+00,0.00000e+00,9.99997e-01,9.83733e-01
1.517466149e+01,0.00000e+00,0.00000e+00,9.99997e-01,9.82509e-01
1.525053480e+01,0.00000e+00,0.00000e+00,9.99997e-01,9.80959e-01
1.532678747e+01,0.00000e+00,0.00000e+00,9.99997e-01,9.79284e-01
1.540342141e+01,0.00000e+00,0.00000e+00,9.99997e-01,9.77729e-01
1.548043852e+01,0.00000e+00,0.00000e+00,9.99997e-01,9.76058e-01
1.555784071e+01,0.00000e+00,0.00000e+00,9.99997e-01,9.73950e-01
1.563562991e+01,0.00000e+00,0.00000e+00,9.99997e-01,9.71667e-01
1.571380806e+01,0.00000e+00,0.00000e+00,9.99997e-01,9.69553e-01
1.579237710e+01,0.00000e+00,0.00000e+00,9.99997e-01,9.67280e-01
1.587133899e+01,0.00000e+00,0.00000e+00,9.99997e-01,9.64843e-01
1.595069568e+01,0.00000e+00,0.00000e+00,9.99997e-01,9.62230e-01
1.603044916e+01,0.00000e+00,0.00000e+00,9.99997e-01,9.58933e-01
1.611060141e+01,0.00000e+00,0.00000e+00,9.99997e-01,9.55370e-01
1.619115441e+01,0.00000e+00,0.00000e+00,9.99997e-01,9.52070e-01
1.627211019e+01,0.00000e+00,0.00000e+00,9.99997e-01,9.48536e-01
1.635347074e+01,0.00000e+00,0.00000e+00,9.99997e-01,9.44750e-01
1.643523809e+01,0.00000e+00,0.00000e+00,9.99997e-01,9.40693e-01
1.651741428e+01,0.00000e+00,0.00000e+00,9.99997e-01,9.36346e-01
1.660000135e+01,0.00000e+00,0.00000e+00,9.99997e-01,9.31715e-01
1.668300136e+01,0.00000e+00,0.00000e+00,9.99997e-01,9.26738e-01
1.676641637e+01,0.00000e+00,0.00000e+00,9.99998e-01,9.21420e-01
1.685024845e+01,0.00000e+00,0.00000e+00,9.99998e-01,9.15732e-01
1.693449969e+01,0.00000e+00,0.00000e+00,9.99998e-01,9.09661e-01
1.701917219e+01,0.00000e+00,0.00000e+00,9.99998e-01,9.03176e-01
1.710426805e+01,0.00000e+00,0.00000e+00,9.99998e-01,8.96257e-01
1.718978939e+01,0.00000e+00,0.00000e+00,9.99998e-01,8.90146e-01
1.727573834e+01,0.00000e+00,0.00000e+00,9.99998e-01,8.83688e-01
1.736211703e+01,0.00000e+00,0.00000e+00,9.99998e-01,8.75489e-01
1.744892761e+01,0.00000e+00,0.00000e+00,9.99998e-01,8.66737e-01
1.753617225e+01,0.00000e+00,0.00000e+00,9.99998e-01,8.57439e-01
1.762385311e+01,0.00000e+00,0.00000e+00,9.99998e-01,8.47558e-01
1.771197238e+01,0.00000e+00,0.00000e+00,9.99998e-01,8.37055e-01
1.780053224e+01,0.00000e+00,0.00000e+00,9.99998e-01,8.27828e-01
1.788953490e+01,0.00000e+00,0.00000e+00,9.99998e-01,8.18125e-01
1.797898258e+01,0.00000e+00,0.00000e+00,9.99998e-01,8.05842e-01
1.806887749e+01,0.00000e+00,0.00000e+00,9.99998e-01,7.92849e-01
1.815922188e+01,0.00000e+00,0.00000e+00,9.99998e-01,7.81474e-01
1.825001799e+01,0.00000e+00,0.00000e+00,9.99998e-01,7.69549e-01
1.834126808e+01,0.00000e+00,0.00000e+00,9.99998e-01,7.54537e-01
1.843297442e+01,0.00000e+00,0.00000e+00,9.99998e-01,7.38738e-01
1.852513929e+01,0.00000e+00,0.00000e+00,9.99998e-01,7.24974e-01
1.861776499e+01,0.00000e+00,0.00000e+00,9.99998e-01,7.10584e-01
1.871085381e+01,0.00000e+00,0.00000e+00,9.99998e-01,6.92582e-01
1.880440808e+01,0.00000e+00,0.00000e+00,9.99998e-01,6.76974e-01
1.889843012e+01,0.00000e+00,0.00000e+00,9.99998e-01,6.60728e-01
1.899292227e+01,0.00000e+00,0.00000e+00,9.99998e-01,6.40518e-01
1.908788688e+01,0.00000e+00,0.00000e+00,9.99998e-01,6.23081e-01
1.918332632e+01,0.00000e+00,0.00000e+00,9.99998e-01,6.05011e-01
1.927924295e+01,0.00000e+00,0.00000e+00,9.99998e-01,5.86484e-01
1.937563916e+01,0.00000e+00,0.00000e+00,9.99998e-01,5.67341e-01
1.947251736e+01,0.00000e+00,0.00000e+00,9.99998e-01,5.47795e-01
1.956987994e+01,0.00000e+00,0.00000e+00,9.99998e-01,5.27720e-01
1.966772934e+01,0.00000e+00,0.00000e+00,9.99998e-01,5.03059e-01
1.976606799e+01,0.00000e+00,0.00000e+00,9.99998e-01,4.82160e-01
1.986489833e+01,0.00000e+00,0.00000e+00,9.99998e-01,4.60855e-01
1.996422282e+01,0.00000e+00,0.00000e+00,9.99998e-01,4.39399e-01
